0.014873
0.014952
0.01501
0.015043
0.0151
0.015124
0.015195
0.015262
0.01532
0.015339
0.015402
0.015447
0.015583
0.01563
0.015636
0.015663
0.015668
0.015751
0.015752
0.015769
0.015805
0.015813
0.015873
0.015889
0.015954
0.015978
0.016021
0.016029
0.01608
0.01608
0.016102
0.016114
0.016116
0.016128
0.016152
0.016193
0.0162
0.01623
0.016272
0.016276
0.01631
0.016374
0.016374
0.016396
0.016402
0.016433
0.016457
0.016508
0.016514
0.01652
0.016542
0.016548
0.016553
0.016572
0.016574
0.016575
0.016576
0.016593
0.016602
0.016609
0.016609
0.01661
0.01664
0.016641
0.016659
0.016659
0.016664
0.016677
0.016678
0.016685
0.016687
0.016708
0.016713
0.016722
0.016738
0.01675
0.01676
0.016779
0.016812
0.016833
0.016847
0.016854
0.016857
0.016858
0.016864
0.016865
0.016868
0.01687
0.016886
0.016891
0.016895
0.016898
0.016901
0.016906
0.016909
0.016935
0.016948
0.016949
0.016953
0.016963
0.016965
0.016993
0.017002
0.017017
0.017054
0.017058
0.017061
0.017064
0.01708
0.017082
0.01709
0.0171
0.0171
0.017104
0.017109
0.01711
0.017115
0.017134
0.017137
0.017142
0.017145
0.017151
0.017157
0.017163
0.017177
0.01718
0.017187
0.017187
0.017191
0.017195
0.017198
0.017202
0.017205
0.01722
0.017221
0.017233
0.017234
0.017236
0.01724
0.017247
0.017249
0.017254
0.017255
0.017257
0.017276
0.017278
0.017282
0.017286
0.017292
0.017298
0.017308
0.017318
0.01732
0.017327
0.01733
0.017332
0.017333
0.017333
0.017337
0.017343
0.017348
0.017348
0.017358
0.017368
0.017372
0.017372
0.017374
0.017375
0.017383
0.017383
0.017388
0.017415
0.01742
0.017421
0.017433
0.017435
0.017444
0.017447
0.017468
0.017485
0.017489
0.017495
0.017501
0.017504
0.017511
0.01752
0.01752
0.017524
0.017529
0.017536
0.017536
0.01754
0.017542
0.017542
0.017545
0.017553
0.017558
0.01756
0.017567
0.017567
0.017579
0.017588
0.017589
0.017595
0.017605
0.017612
0.01764
0.01764
0.01764
0.017645
0.017647
0.017648
0.017652
0.017657
0.017659
0.017664
0.017666
0.017667
0.017668
0.017671
0.017673
0.017673
0.017682
0.017691
0.017696
0.017699
0.017706
0.017707
0.017711
0.017727
0.017727
0.017732
0.017733
0.017734
0.017735
0.017738
0.017738
0.017742
0.017744
0.017745
0.017758
0.017768
0.017769
0.017775
0.017777
0.01778
0.017782
0.017783
0.017787
0.017789
0.017793
0.017803
0.017804
0.017807
0.01781
0.017817
0.017824
0.01783
0.017836
0.017837
0.017838
0.017838
0.01785
0.01785
0.017857
0.017858
0.017865
0.017866
0.017871
0.017877
0.017877
0.017883
0.017887
0.017889
0.01789
0.017899
0.0179
0.017906
0.017907
0.01791
0.017913
0.017915
0.017915
0.017918
0.017929
0.017937
0.017944
0.017952
0.017953
0.017963
0.017967
0.01797
0.017971
0.01798
0.017982
0.017982
0.017989
0.017993
0.017995
0.018
0.018002
0.018011
0.018014
0.018015
0.018028
0.01803
0.018035
0.018038
0.018038
0.01804
0.01804
0.018045
0.018048
0.018057
0.018058
0.018063
0.018065
0.018075
0.018078
0.01808
0.018083
0.01809
0.01809
0.01809
0.018095
0.018102
0.018102
0.018106
0.018109
0.018111
0.018118
0.018127
0.018138
0.01814
0.018153
0.01816
0.018169
0.01817
0.018175
0.018183
0.018187
0.018194
0.0182
0.018203
0.018207
0.018208
0.018209
0.018214
0.018216
0.018223
0.018223
0.018224
0.018225
0.018226
0.018228
0.018228
0.018229
0.018229
0.01823
0.018232
0.018235
0.018244
0.018245
0.018247
0.018249
0.018252
0.018257
0.018265
0.018267
0.01827
0.01827
0.01827
0.018278
0.018278
0.018278
0.018278
0.018283
0.01829
0.018292
0.018292
0.018296
0.018297
0.0183
0.018301
0.018304
0.018305
0.018308
0.01831
0.018312
0.018313
0.018316
0.018318
0.01832
0.018325
0.018326
0.018328
0.018329
0.018331
0.018341
0.018342
0.018344
0.018344
0.018345
0.01835
0.01835
0.018356
0.01836
0.018363
0.018365
0.018369
0.018372
0.018375
0.018376
0.018384
0.018393
0.0184
0.018405
0.018407
0.018407
0.018409
0.01841
0.01841
0.018413
0.018417
0.018418
0.018418
0.01842
0.018423
0.018425
0.018435
0.018438
0.018438
0.018438
0.01844
0.018445
0.018445
0.018452
0.018453
0.018454
0.018455
0.018457
0.018466
0.018466
0.018473
0.018473
0.018478
0.018478
0.018484
0.018485
0.01849
0.018492
0.018492
0.018495
0.018497
0.018502
0.018502
0.018503
0.018508
0.018513
0.01852
0.018523
0.018529
0.018536
0.018536
0.018537
0.018541
0.018543
0.01855
0.01855
0.018551
0.018555
0.018556
0.018557
0.018564
0.018573
0.018576
0.018577
0.018577
0.018579
0.01858
0.018581
0.018586
0.018587
0.018591
0.018593
0.018598
0.0186
0.0186
0.018603
0.018612
0.018614
0.018614
0.018618
0.018622
0.018623
0.018625
0.018627
0.018627
0.018631
0.018633
0.018633
0.018637
0.018637
0.018637
0.018638
0.01864
0.018642
0.018642
0.018643
0.018643
0.018647
0.018652
0.018654
0.018658
0.018658
0.018661
0.018661
0.018662
0.018665
0.018667
0.018668
0.01867
0.018671
0.018671
0.01868
0.018683
0.018684
0.018684
0.018685
0.018687
0.018688
0.01869
0.018699
0.018704
0.018708
0.018708
0.018712
0.01872
0.01872
0.018727
0.018729
0.018731
0.018732
0.018737
0.01874
0.018745
0.018753
0.018755
0.018755
0.01876
0.01876
0.018764
0.018767
0.018767
0.018772
0.018772
0.018777
0.01878
0.018785
0.018788
0.01879
0.018792
0.018793
0.018795
0.018797
0.018798
0.0188
0.0188
0.018801
0.018803
0.01881
0.018812
0.018812
0.018812
0.018813
0.018814
0.018815
0.018816
0.018817
0.018819
0.018828
0.018829
0.01883
0.01883
0.018831
0.018832
0.018833
0.018835
0.018837
0.01884
0.018842
0.018846
0.018852
0.018853
0.018854
0.018856
0.018857
0.01886
0.01886
0.018865
0.018866
0.018867
0.018868
0.018873
0.018875
0.01888
0.018882
0.018884
0.018886
0.018889
0.018892
0.018893
0.018894
0.018896
0.018896
0.018896
0.018901
0.018904
0.018907
0.018907
0.01891
0.018913
0.018917
0.018918
0.018918
0.018918
0.018922
0.018922
0.018925
0.018926
0.018927
0.01894
0.018946
0.018948
0.018951
0.018953
0.018955
0.018958
0.018963
0.018966
0.018967
0.01897
0.018971
0.018972
0.018972
0.018977
0.018977
0.01898
0.018983
0.018991
0.018993
0.018993
0.018996
0.019
0.019
0.019005
0.019009
0.01901
0.019011
0.019011
0.019014
0.019016
0.019017
0.01902
0.01902
0.019022
0.019026
0.019031
0.019031
0.019033
0.019034
0.019037
0.01904
0.019042
0.019042
0.019046
0.019047
0.019047
0.01905
0.019052
0.019054
0.019055
0.019055
0.019056
0.019059
0.01906
0.01906
0.019063
0.019066
0.019066
0.019068
0.019073
0.019075
0.019076
0.01908
0.019085
0.01909
0.01909
0.019092
0.019092
0.019095
0.019095
0.0191
0.019103
0.019104
0.019106
0.019106
0.019109
0.019111
0.019111
0.019113
0.019117
0.01912
0.019123
0.019124
0.019128
0.019134
0.019134
0.019139
0.019139
0.019139
0.019153
0.019154
0.01916
0.019162
0.019162
0.019162
0.019163
0.019163
0.019163
0.019165
0.019166
0.019169
0.019175
0.019177
0.019177
0.019178
0.01918
0.019185
0.019185
0.019185
0.019187
0.019193
0.019195
0.019196
0.0192
0.0192
0.019203
0.019204
0.019205
0.019205
0.019207
0.019207
0.019208
0.019209
0.01921
0.019214
0.019215
0.019217
0.019217
0.019218
0.01922
0.01922
0.019222
0.019223
0.019224
0.019226
0.019226
0.019228
0.019229
0.019229
0.01923
0.019231
0.019231
0.019233
0.019233
0.019236
0.019238
0.01924
0.019243
0.019246
0.01925
0.019251
0.019252
0.019256
0.019256
0.019258
0.01926
0.019266
0.01927
0.019271
0.019273
0.019274
0.01928
0.01928
0.019284
0.019285
0.019286
0.019287
0.019289
0.019289
0.019289
0.019291
0.019292
0.019292
0.019293
0.019294
0.019294
0.019295
0.019295
0.019295
0.019297
0.019297
0.019303
0.019306
0.019306
0.019308
0.019308
0.019309
0.01931
0.019315
0.019318
0.019323
0.019326
0.019326
0.019328
0.019329
0.019332
0.019336
0.019337
0.019338
0.01934
0.01934
0.01934
0.019343
0.019345
0.019346
0.019348
0.019348
0.019348
0.01935
0.019351
0.019354
0.019355
0.019358
0.019362
0.019362
0.019363
0.019364
0.019365
0.019369
0.019369
0.01937
0.019371
0.019372
0.019374
0.019376
0.019381
0.019381
0.019386
0.019388
0.019389
0.019398
0.0194
0.0194
0.019402
0.019403
0.019407
0.019407
0.019409
0.01941
0.019412
0.019414
0.019416
0.019419
0.019426
0.019428
0.019431
0.019431
0.019434
0.019434
0.019434
0.019436
0.019438
0.01944
0.01944
0.019442
0.019443
0.019445
0.019449
0.019452
0.019454
0.019455
0.019456
0.019456
0.019457
0.019457
0.019457
0.019457
0.01946
0.019461
0.019461
0.019461
0.019463
0.019464
0.019465
0.019465
0.019466
0.019466
0.019467
0.019468
0.019472
0.019474
0.019477
0.019477
0.01948
0.01948
0.01948
0.01948
0.01948
0.01948
0.019483
0.019485
0.019486
0.019486
0.019488
0.019489
0.01949
0.019492
0.019492
0.019492
0.019494
0.019495
0.019496
0.019498
0.019499
0.0195
0.019501
0.019504
0.019506
0.019507
0.01951
0.019512
0.019514
0.019517
0.019517
0.01952
0.019523
0.019523
0.019524
0.019525
0.019525
0.019527
0.01953
0.019532
0.019532
0.019534
0.019534
0.019534
0.019536
0.019537
0.019539
0.019539
0.01954
0.019543
0.019546
0.019548
0.019549
0.019549
0.01955
0.019553
0.019554
0.019556
0.019557
0.019557
0.019557
0.019564
0.019564
0.019567
0.019572
0.019574
0.019579
0.019588
0.019589
0.01959
0.019595
0.019595
0.019596
0.019597
0.0196
0.019603
0.019607
0.01961
0.01961
0.019614
0.019616
0.019617
0.019621
0.019623
0.019624
0.019626
0.019626
0.019628
0.019628
0.019633
0.019633
0.019633
0.019634
0.019635
0.019642
0.019642
0.019645
0.019645
0.019646
0.019647
0.019648
0.019651
0.019652
0.019652
0.019653
0.019654
0.019654
0.019657
0.019659
0.019659
0.01966
0.019661
0.019661
0.019663
0.019664
0.019664
0.019664
0.019665
0.019665
0.019666
0.019666
0.019666
0.019666
0.019668
0.019673
0.019674
0.019674
0.019677
0.01968
0.01968
0.019683
0.01969
0.019694
0.019694
0.019694
0.019695
0.019697
0.019697
0.019701
0.019708
0.019709
0.019709
0.01971
0.019711
0.019713
0.019716
0.019717
0.019717
0.019717
0.019718
0.01972
0.019722
0.019722
0.019726
0.019726
0.019727
0.019727
0.019735
0.019735
0.019736
0.019737
0.019737
0.01974
0.01974
0.019741
0.019742
0.019743
0.019745
0.019746
0.019748
0.019749
0.019751
0.019752
0.019753
0.019753
0.019754
0.019756
0.019757
0.019758
0.01976
0.019762
0.019763
0.019763
0.019763
0.019765
0.019765
0.019769
0.019777
0.019778
0.019778
0.019778
0.019779
0.01978
0.019783
0.019783
0.019786
0.019791
0.019797
0.019797
0.019797
0.0198
0.0198
0.019802
0.019803
0.019805
0.019808
0.019812
0.019817
0.019818
0.019819
0.01982
0.019821
0.019824
0.019824
0.019828
0.01983
0.019838
0.01984
0.01984
0.01984
0.019842
0.019842
0.019842
0.019846
0.019846
0.019847
0.019849
0.01985
0.019852
0.019852
0.019854
0.019857
0.019859
0.019862
0.019862
0.019862
0.019864
0.019868
0.01987
0.019872
0.019872
0.019877
0.019877
0.019882
0.019883
0.019884
0.019886
0.019886
0.019887
0.019887
0.019889
0.019889
0.019892
0.019895
0.019895
0.019897
0.019899
0.019901
0.019904
0.019904
0.019905
0.01991
0.019911
0.019912
0.019912
0.019917
0.019917
0.019917
0.019918
0.01992
0.019923
0.019926
0.019927
0.019927
0.019927
0.019928
0.019929
0.01993
0.019934
0.019934
0.019934
0.019934
0.019937
0.019938
0.019945
0.019945
0.019946
0.019946
0.019947
0.019949
0.01995
0.01995
0.019951
0.019953
0.019955
0.019955
0.019957
0.019958
0.01996
0.01996
0.019962
0.019963
0.019965
0.019966
0.019969
0.01997
0.019971
0.019972
0.019973
0.019983
0.019983
0.019985
0.019985
0.019987
0.019988
0.019988
0.019992
0.019992
0.019994
0.019996
0.019996
0.019997
0.019998
0.02
0.02
0.02
0.020002
0.020003
0.020005
0.020005
0.020005
0.020006
0.020007
0.020009
0.02001
0.02001
0.020011
0.020012
0.020015
0.020015
0.020015
0.020016
0.020018
0.020024
0.020027
0.020033
0.020037
0.020037
0.020038
0.020038
0.02004
0.02004
0.02004
0.02004
0.02004
0.020043
0.020044
0.020048
0.020049
0.020052
0.020052
0.020053
0.020057
0.02006
0.02006
0.020062
0.020063
0.020063
0.020064
0.020065
0.020066
0.020066
0.020068
0.020069
0.02007
0.02007
0.020072
0.020075
0.020077
0.020083
0.020085
0.020088
0.020091
0.020093
0.020093
0.020095
0.020097
0.020097
0.0201
0.020102
0.020108
0.020108
0.020111
0.020111
0.020114
0.020114
0.020115
0.020116
0.020117
0.020118
0.02012
0.020122
0.020122
0.020122
0.020128
0.020129
0.020129
0.02013
0.020135
0.020136
0.020138
0.020138
0.020138
0.02014
0.020143
0.020144
0.020146
0.020146
0.020148
0.020148
0.020148
0.020149
0.020152
0.020158
0.02016
0.02016
0.02016
0.02016
0.02016
0.02016
0.02016
0.020163
0.020164
0.020165
0.020169
0.02017
0.020171
0.020173
0.020174
0.020176
0.020177
0.020179
0.020179
0.02018
0.020183
0.020184
0.020185
0.020186
0.020189
0.020191
0.020191
0.020191
0.020191
0.020191
0.020192
0.020192
0.020193
0.020193
0.020195
0.020197
0.020198
0.0202
0.020203
0.020203
0.020205
0.020206
0.020207
0.020207
0.02021
0.020211
0.020211
0.020212
0.020213
0.020213
0.020215
0.020215
0.020218
0.02022
0.020225
0.020226
0.020227
0.020228
0.020228
0.020229
0.020237
0.020237
0.020237
0.02024
0.02024
0.02024
0.020242
0.020242
0.020243
0.020246
0.020247
0.020247
0.020252
0.020252
0.020252
0.020252
0.020255
0.020255
0.020255
0.020256
0.020256
0.020259
0.02026
0.02026
0.02026
0.020262
0.020262
0.020263
0.020263
0.020265
0.020268
0.020275
0.020277
0.02028
0.020282
0.020285
0.020285
0.020287
0.020287
0.02029
0.020291
0.020292
0.020292
0.020295
0.020295
0.020295
0.020296
0.020297
0.020298
0.0203
0.020302
0.020303
0.020305
0.020305
0.020306
0.020306
0.020308
0.020312
0.020312
0.020313
0.020314
0.020315
0.020315
0.020317
0.020318
0.02032
0.02032
0.020322
0.020323
0.020325
0.020326
0.020327
0.020328
0.020331
0.020332
0.020333
0.020337
0.020339
0.020345
0.020346
0.020347
0.02035
0.020352
0.020353
0.020353
0.020354
0.020357
0.020358
0.02036
0.02036
0.02036
0.020362
0.020362
0.020362
0.020363
0.020363
0.020363
0.020366
0.020368
0.020369
0.020369
0.020369
0.020369
0.02037
0.020371
0.020373
0.020375
0.02038
0.02038
0.02038
0.020381
0.020383
0.020383
0.020384
0.020384
0.020386
0.020387
0.020387
0.020387
0.020388
0.02039
0.02039
0.020394
0.020395
0.020398
0.020398
0.0204
0.0204
0.0204
0.0204
0.020402
0.020403
0.020403
0.020404
0.020406
0.020408
0.020409
0.02041
0.020412
0.020415
0.020418
0.020419
0.02042
0.02042
0.020421
0.020422
0.020424
0.020427
0.020428
0.020428
0.020429
0.020431
0.020434
0.020435
0.020437
0.02044
0.020444
0.020445
0.020446
0.020447
0.02045
0.02045
0.020452
0.020452
0.020452
0.020455
0.020456
0.020456
0.020457
0.020457
0.020461
0.020463
0.020465
0.020466
0.020467
0.020468
0.02047
0.020471
0.020472
0.020473
0.020475
0.020477
0.020477
0.02048
0.02048
0.02048
0.020483
0.020483
0.020485
0.020489
0.020489
0.02049
0.020491
0.020492
0.020494
0.020496
0.020497
0.020498
0.020499
0.020499
0.020499
0.0205
0.020501
0.020502
0.020504
0.020505
0.020507
0.020508
0.02051
0.02051
0.020511
0.020511
0.020511
0.020511
0.020512
0.020515
0.020515
0.020517
0.020518
0.02052
0.020522
0.020523
0.020525
0.020525
0.020527
0.020527
0.020529
0.020529
0.020532
0.020534
0.020535
0.020535
0.020535
0.020535
0.020536
0.020537
0.020537
0.020538
0.020539
0.020539
0.02054
0.02054
0.020543
0.020543
0.020544
0.020544
0.020548
0.020548
0.020548
0.020548
0.020549
0.02055
0.02055
0.020551
0.020551
0.020552
0.020554
0.020555
0.020557
0.020557
0.020557
0.020558
0.02056
0.02056
0.020562
0.020563
0.020566
0.020567
0.020569
0.020573
0.020575
0.020577
0.020577
0.020582
0.020582
0.020582
0.020584
0.020584
0.020586
0.020588
0.02059
0.020591
0.020592
0.020593
0.020593
0.020594
0.020594
0.020597
0.0206
0.0206
0.020603
0.020604
0.020605
0.020606
0.020606
0.02061
0.020612
0.020612
0.020613
0.020613
0.020617
0.020618
0.020619
0.020619
0.020622
0.020623
0.020623
0.020623
0.020624
0.020624
0.020626
0.020626
0.020628
0.020628
0.020628
0.020634
0.020635
0.020635
0.020638
0.02064
0.02064
0.02064
0.02064
0.020642
0.020643
0.020643
0.020647
0.02065
0.02065
0.02065
0.020652
0.020652
0.020653
0.020654
0.020654
0.020657
0.020659
0.020661
0.020663
0.020663
0.020666
0.020666
0.020666
0.020668
0.02067
0.02067
0.02067
0.020671
0.020671
0.020676
0.020677
0.02068
0.02068
0.020683
0.020683
0.020686
0.020688
0.020692
0.020694
0.020695
0.020696
0.020697
0.020699
0.0207
0.0207
0.0207
0.020703
0.020704
0.020704
0.020704
0.020705
0.020706
0.020708
0.020708
0.02071
0.020714
0.020715
0.020715
0.020717
0.020717
0.020717
0.020717
0.020717
0.02072
0.02072
0.020722
0.020722
0.020723
0.020723
0.020723
0.020723
0.020725
0.020726
0.020727
0.020729
0.020733
0.020733
0.020734
0.020734
0.020735
0.020737
0.020738
0.020739
0.020739
0.02074
0.020741
0.020742
0.020748
0.020748
0.020749
0.020751
0.020751
0.020751
0.020754
0.020756
0.020756
0.020758
0.020758
0.02076
0.02076
0.02076
0.020763
0.020767
0.020767
0.02077
0.020772
0.020774
0.020774
0.020774
0.020776
0.020777
0.020778
0.020778
0.020779
0.020782
0.020782
0.020782
0.020788
0.020788
0.020789
0.02079
0.02079
0.020791
0.020791
0.020792
0.020793
0.020793
0.020795
0.020795
0.020797
0.020797
0.0208
0.0208
0.020801
0.020803
0.020803
0.020803
0.020806
0.020809
0.02081
0.020812
0.020812
0.020815
0.020817
0.020817
0.020817
0.020817
0.020819
0.020819
0.020821
0.020823
0.020824
0.020825
0.020826
0.020828
0.02083
0.02083
0.020832
0.020834
0.020835
0.020835
0.020837
0.020837
0.02084
0.02084
0.020843
0.020843
0.020843
0.020845
0.020846
0.020846
0.020846
0.020847
0.020847
0.020849
0.02085
0.020854
0.020854
0.020854
0.020855
0.020856
0.020856
0.020857
0.020858
0.020859
0.020859
0.020863
0.020863
0.020863
0.020865
0.020867
0.020868
0.020869
0.020873
0.020874
0.020874
0.020875
0.020877
0.02088
0.02088
0.02088
0.020883
0.020888
0.020889
0.020889
0.020889
0.020891
0.020892
0.020893
0.020894
0.020897
0.020897
0.020898
0.020898
0.0209
0.020903
0.020906
0.020907
0.020907
0.020909
0.020909
0.02091
0.02091
0.02091
0.020913
0.020913
0.020914
0.020916
0.02092
0.020923
0.020923
0.020926
0.020927
0.020928
0.020929
0.02093
0.020932
0.020935
0.020937
0.020938
0.02094
0.020942
0.020944
0.020944
0.020944
0.020946
0.020948
0.020948
0.020952
0.020952
0.020954
0.020956
0.020956
0.020961
0.020965
0.020965
0.020966
0.020966
0.020967
0.020968
0.020969
0.020969
0.02097
0.020973
0.020974
0.020974
0.020978
0.020979
0.02098
0.020982
0.020984
0.020984
0.020988
0.020988
0.020988
0.02099
0.020993
0.020994
0.020994
0.020995
0.020997
0.020997
0.020997
0.020998
0.020998
0.021
0.021
0.021
0.021006
0.021009
0.02101
0.021011
0.021012
0.021012
0.021013
0.021013
0.021015
0.021017
0.021017
0.021019
0.02102
0.021022
0.021025
0.021025
0.021025
0.021025
0.021026
0.021027
0.021028
0.02103
0.021031
0.021034
0.021034
0.021035
0.021037
0.02104
0.021042
0.021042
0.021046
0.021046
0.021049
0.02105
0.02105
0.021052
0.021053
0.021054
0.021054
0.021055
0.021057
0.021057
0.021057
0.02106
0.02106
0.02106
0.02106
0.02106
0.021063
0.021065
0.021066
0.021067
0.021068
0.021068
0.02107
0.02107
0.021071
0.021071
0.021071
0.021073
0.021074
0.021075
0.021076
0.021076
0.021077
0.02108
0.02108
0.021082
0.021083
0.021083
0.021083
0.021084
0.021085
0.021085
0.021086
0.021086
0.021087
0.021087
0.021092
0.021095
0.021096
0.021097
0.021097
0.021098
0.021098
0.021103
0.021105
0.021106
0.021108
0.021108
0.02111
0.021114
0.021117
0.021117
0.021117
0.021118
0.02112
0.02112
0.021122
0.021122
0.021125
0.021125
0.021127
0.021127
0.021128
0.021129
0.021129
0.021129
0.02113
0.021131
0.021132
0.021132
0.021133
0.021133
0.021135
0.021135
0.021135
0.021136
0.021138
0.021138
0.021138
0.021138
0.02114
0.02114
0.02114
0.02114
0.02114
0.021141
0.021143
0.021143
0.021146
0.021147
0.021148
0.02115
0.02115
0.021154
0.021156
0.021156
0.021157
0.021157
0.021157
0.021158
0.021158
0.02116
0.021162
0.021163
0.021166
0.021169
0.021169
0.02117
0.02117
0.021172
0.021173
0.021174
0.021175
0.021175
0.021182
0.021185
0.021185
0.021185
0.021187
0.021188
0.021188
0.021188
0.021191
0.021191
0.021191
0.021195
0.021197
0.021197
0.021197
0.021197
0.0212
0.021203
0.021203
0.021203
0.021204
0.021204
0.021205
0.021205
0.021205
0.021206
0.021206
0.02121
0.021213
0.021213
0.021214
0.021215
0.021215
0.021216
0.021216
0.021216
0.02122
0.021221
0.021223
0.021224
0.021225
0.021226
0.021227
0.021228
0.021229
0.021231
0.021231
0.021232
0.021233
0.021234
0.021234
0.021235
0.021236
0.021236
0.021237
0.02124
0.021244
0.021244
0.021245
0.021245
0.021247
0.021248
0.02125
0.021252
0.021254
0.021256
0.021257
0.021257
0.021263
0.021263
0.021263
0.021264
0.021266
0.021268
0.021268
0.021271
0.021271
0.021271
0.021273
0.021273
0.021274
0.021274
0.021277
0.021278
0.02128
0.021281
0.021282
0.021283
0.021286
0.021286
0.021287
0.021287
0.021287
0.021288
0.02129
0.02129
0.021295
0.0213
0.021303
0.021303
0.021305
0.021305
0.021306
0.021307
0.02131
0.02131
0.021312
0.021314
0.021314
0.021316
0.021317
0.021317
0.021317
0.02132
0.02132
0.02132
0.021323
0.021325
0.021327
0.021328
0.021328
0.021334
0.021334
0.021334
0.021337
0.021337
0.021337
0.02134
0.021344
0.021346
0.021347
0.021351
0.021351
0.021351
0.021351
0.021352
0.021352
0.021354
0.021356
0.02136
0.02136
0.021361
0.021363
0.021363
0.021368
0.021372
0.021375
0.021375
0.021378
0.021378
0.021378
0.021379
0.02138
0.02138
0.02138
0.021381
0.021382
0.021383
0.021385
0.021386
0.021389
0.02139
0.021392
0.021393
0.021393
0.021394
0.021394
0.021394
0.021395
0.021397
0.021397
0.0214
0.0214
0.0214
0.0214
0.021402
0.021403
0.021405
0.021406
0.021409
0.021409
0.02141
0.021413
0.021413
0.021415
0.021416
0.02142
0.02142
0.021423
0.021423
0.021423
0.021425
0.021428
0.021428
0.02143
0.02143
0.02143
0.021432
0.021434
0.021436
0.021436
0.021437
0.021437
0.021437
0.02144
0.02144
0.02144
0.021442
0.021444
0.021444
0.021444
0.021444
0.021447
0.021447
0.021448
0.02145
0.021451
0.021452
0.021452
0.021454
0.021455
0.021456
0.021457
0.021458
0.021459
0.02146
0.02146
0.021464
0.021466
0.021468
0.021469
0.021471
0.021473
0.021473
0.021474
0.021475
0.021477
0.021477
0.021477
0.021477
0.021478
0.02148
0.021482
0.021483
0.021485
0.02149
0.021492
0.021494
0.021494
0.021494
0.021496
0.021497
0.021497
0.021498
0.0215
0.0215
0.0215
0.021503
0.021503
0.021504
0.021507
0.021507
0.021509
0.021509
0.02151
0.02151
0.021511
0.021511
0.021511
0.021512
0.021512
0.021514
0.021514
0.021514
0.021517
0.021518
0.02152
0.02152
0.02152
0.02152
0.021524
0.021526
0.021527
0.021528
0.021529
0.021532
0.021534
0.021535
0.021536
0.021536
0.021537
0.021537
0.02154
0.02154
0.021541
0.021542
0.021542
0.021542
0.021543
0.021545
0.021546
0.021548
0.021549
0.021551
0.021551
0.021551
0.021553
0.021554
0.021554
0.021555
0.021556
0.021557
0.021557
0.02156
0.021563
0.021563
0.021564
0.021566
0.021566
0.021566
0.021566
0.021566
0.021568
0.021568
0.021569
0.02157
0.02157
0.02157
0.021571
0.021573
0.021573
0.021574
0.021575
0.021575
0.021577
0.021577
0.021577
0.021578
0.021581
0.021583
0.021583
0.021584
0.021585
0.021587
0.021587
0.021588
0.021588
0.021588
0.02159
0.02159
0.021593
0.021593
0.021594
0.021594
0.021596
0.021597
0.021597
0.021598
0.0216
0.021602
0.021604
0.021605
0.021606
0.021607
0.021608
0.021612
0.021613
0.021615
0.021615
0.021615
0.021615
0.02162
0.021621
0.021622
0.021623
0.021626
0.021627
0.021627
0.021628
0.02163
0.021634
0.021637
0.021637
0.021637
0.021637
0.02164
0.02164
0.02164
0.021642
0.021643
0.021643
0.021643
0.021644
0.021644
0.021645
0.021645
0.021647
0.021647
0.021648
0.021649
0.021649
0.021649
0.021649
0.02165
0.02165
0.02165
0.021652
0.021652
0.021654
0.021654
0.021656
0.021658
0.021658
0.021658
0.021659
0.021659
0.021661
0.021662
0.021662
0.021665
0.021665
0.021668
0.021668
0.02167
0.021674
0.021674
0.021674
0.021676
0.021677
0.021677
0.021677
0.02168
0.02168
0.02168
0.021683
0.021683
0.021683
0.021684
0.021684
0.021686
0.021686
0.021688
0.021689
0.021689
0.02169
0.02169
0.02169
0.021692
0.021693
0.021695
0.021696
0.0217
0.021702
0.021702
0.021703
0.021704
0.021704
0.021705
0.021705
0.02171
0.021711
0.021714
0.021716
0.021717
0.021717
0.021718
0.02172
0.02172
0.02172
0.021722
0.021723
0.021723
0.021726
0.021729
0.021731
0.021731
0.021732
0.021732
0.021732
0.021734
0.021736
0.021738
0.021743
0.021744
0.021745
0.021745
0.021746
0.021747
0.02175
0.02175
0.02175
0.02175
0.021751
0.021753
0.021754
0.021754
0.021757
0.02176
0.02176
0.021766
0.021766
0.021766
0.021766
0.021768
0.021768
0.021769
0.021772
0.021772
0.021776
0.021777
0.021778
0.021778
0.021781
0.021783
0.021784
0.021785
0.021787
0.021787
0.021788
0.02179
0.021794
0.021794
0.021794
0.021794
0.021796
0.021797
0.0218
0.0218
0.021802
0.021803
0.021805
0.021805
0.021805
0.021809
0.02181
0.021813
0.021813
0.021815
0.021817
0.021817
0.021818
0.02182
0.02182
0.02182
0.02182
0.02182
0.021821
0.021823
0.021825
0.021825
0.021826
0.021828
0.02183
0.021832
0.021833
0.021833
0.02184
0.02184
0.02184
0.02184
0.02184
0.02184
0.021843
0.021843
0.021844
0.021846
0.021846
0.021846
0.021846
0.021846
0.021847
0.021847
0.021848
0.02185
0.02185
0.021852
0.021855
0.021855
0.021856
0.021856
0.021856
0.021856
0.021858
0.021858
0.021861
0.021861
0.021863
0.021863
0.021863
0.021865
0.021866
0.021866
0.02187
0.02187
0.02187
0.021871
0.021871
0.021871
0.021873
0.021873
0.021877
0.021877
0.021877
0.021877
0.021877
0.021878
0.02188
0.02188
0.021881
0.021882
0.021883
0.021883
0.021886
0.021886
0.021886
0.021887
0.021888
0.02189
0.02189
0.02189
0.021891
0.021892
0.021893
0.021893
0.021893
0.021894
0.021895
0.021895
0.021895
0.021897
0.021897
0.0219
0.0219
0.021902
0.021903
0.021904
0.021908
0.021909
0.021909
0.021911
0.021913
0.021915
0.021917
0.02192
0.02192
0.02192
0.02192
0.021922
0.021924
0.021925
0.021926
0.021926
0.021927
0.021927
0.021929
0.021929
0.02193
0.02193
0.021934
0.021934
0.021934
0.021934
0.021936
0.021937
0.02194
0.02194
0.02194
0.021941
0.021941
0.021942
0.021942
0.021942
0.021943
0.021943
0.021944
0.021945
0.021946
0.021946
0.021948
0.021951
0.021953
0.021953
0.021953
0.021953
0.021954
0.021957
0.021957
0.02196
0.02196
0.02196
0.02196
0.021963
0.021963
0.021964
0.021966
0.021966
0.021967
0.02197
0.021972
0.021974
0.021975
0.021975
0.021976
0.021977
0.021979
0.02198
0.02198
0.02198
0.02198
0.02198
0.021981
0.021981
0.021985
0.021985
0.021987
0.021988
0.021988
0.021993
0.021997
0.021997
0.021997
0.021997
0.021997
0.022
0.022
0.022
0.022003
0.022003
0.022003
0.022003
0.022005
0.022006
0.022006
0.022007
0.022009
0.022013
0.022013
0.022014
0.022016
0.022016
0.022017
0.022017
0.022018
0.022018
0.02202
0.02202
0.02202
0.022021
0.022022
0.022022
0.022023
0.022023
0.022023
0.022023
0.022025
0.022027
0.02203
0.022031
0.022033
0.022034
0.022034
0.022034
0.022034
0.022034
0.022037
0.022037
0.022038
0.02204
0.02204
0.02204
0.022043
0.022043
0.022044
0.022044
0.02205
0.02205
0.022052
0.022054
0.022055
0.022061
0.022064
0.022064
0.022065
0.022065
0.022066
0.022066
0.022068
0.02207
0.02207
0.022071
0.022073
0.022073
0.022074
0.022074
0.022076
0.022077
0.022077
0.022077
0.02208
0.02208
0.02208
0.02208
0.022083
0.022084
0.022085
0.022086
0.022089
0.02209
0.02209
0.022092
0.022093
0.022093
0.022094
0.022095
0.022095
0.022095
0.022098
0.0221
0.0221
0.022101
0.022102
0.022103
0.022103
0.022103
0.022103
0.022104
0.022105
0.022105
0.022106
0.022106
0.022107
0.022107
0.022108
0.02211
0.02211
0.022111
0.022111
0.022114
0.022116
0.022117
0.022117
0.022117
0.022117
0.022118
0.02212
0.02212
0.02212
0.022123
0.022127
0.022129
0.022129
0.02213
0.02213
0.02213
0.02213
0.022131
0.022132
0.022132
0.022132
0.022133
0.022133
0.022135
0.022137
0.022137
0.022139
0.02214
0.02214
0.022141
0.022141
0.022142
0.022143
0.022144
0.022144
0.022145
0.022147
0.022147
0.022148
0.022148
0.02215
0.02215
0.02215
0.022151
0.022151
0.022152
0.022153
0.022153
0.022153
0.022157
0.022158
0.022158
0.022158
0.02216
0.02216
0.022163
0.022164
0.022165
0.022167
0.022167
0.02217
0.02217
0.02217
0.022171
0.022172
0.022172
0.022172
0.022173
0.022175
0.022176
0.022176
0.022176
0.022176
0.022178
0.022179
0.022179
0.022179
0.02218
0.02218
0.022182
0.022184
0.022185
0.022185
0.022185
0.022187
0.022187
0.022188
0.022188
0.022188
0.02219
0.022193
0.022193
0.022193
0.022194
0.022194
0.022196
0.022196
0.022197
0.022197
0.022197
0.0222
0.022201
0.022202
0.022203
0.022203
0.022205
0.022206
0.022206
0.022209
0.022209
0.02221
0.02221
0.022211
0.022212
0.022212
0.022213
0.022213
0.022215
0.022216
0.022217
0.022218
0.022221
0.022228
0.02223
0.022231
0.022232
0.022233
0.022233
0.022234
0.022234
0.022235
0.022236
0.022236
0.022237
0.022237
0.022237
0.022238
0.02224
0.022243
0.022243
0.022244
0.022244
0.022247
0.022249
0.022249
0.022249
0.022251
0.022253
0.022255
0.022255
0.022255
0.022255
0.022256
0.02226
0.022261
0.022261
0.022262
0.022262
0.022262
0.022262
0.022262
0.022263
0.022263
0.022263
0.022263
0.022264
0.022264
0.022267
0.022267
0.022269
0.02227
0.022271
0.022276
0.022277
0.022278
0.022278
0.02228
0.02228
0.02228
0.02228
0.02228
0.022283
0.022283
0.022283
0.022283
0.022283
0.022283
0.022286
0.022291
0.022293
0.022296
0.022297
0.022298
0.022298
0.022299
0.022302
0.022306
0.022308
0.022308
0.02231
0.022311
0.022311
0.022311
0.022313
0.022314
0.022314
0.022315
0.02232
0.02232
0.02232
0.02232
0.02232
0.022323
0.022323
0.022323
0.022323
0.022323
0.022324
0.022325
0.022326
0.022326
0.022327
0.022327
0.022327
0.022328
0.02233
0.022333
0.022333
0.022335
0.022336
0.022337
0.022337
0.022337
0.022338
0.022338
0.022338
0.022338
0.02234
0.022341
0.022341
0.022343
0.022344
0.022346
0.022347
0.022347
0.02235
0.02235
0.022351
0.022354
0.022354
0.022356
0.022357
0.022357
0.02236
0.02236
0.02236
0.02236
0.022363
0.022364
0.022366
0.022366
0.022367
0.022369
0.022369
0.02237
0.022373
0.022373
0.022375
0.022381
0.022381
0.022382
0.022383
0.022384
0.022385
0.022385
0.022385
0.022386
0.022386
0.022387
0.02239
0.02239
0.022391
0.022391
0.022393
0.022394
0.022394
0.022394
0.022394
0.022394
0.022395
0.022396
0.022397
0.022397
0.022397
0.022397
0.022398
0.0224
0.0224
0.0224
0.022406
0.022407
0.022407
0.022407
0.022408
0.022409
0.022409
0.02241
0.022411
0.022413
0.022414
0.022415
0.022415
0.022417
0.022417
0.022419
0.022419
0.02242
0.02242
0.02242
0.022422
0.022423
0.022424
0.022424
0.022424
0.022426
0.02243
0.022431
0.022431
0.022433
0.022433
0.022434
0.022434
0.022437
0.022437
0.02244
0.02244
0.02244
0.02244
0.022443
0.022443
0.022446
0.022448
0.02245
0.02245
0.022452
0.022452
0.022453
0.022453
0.022454
0.022456
0.022458
0.02246
0.02246
0.02246
0.022464
0.022464
0.022464
0.022465
0.022465
0.022465
0.022466
0.022468
0.02247
0.022471
0.022471
0.022471
0.022472
0.022473
0.022473
0.022475
0.02248
0.02248
0.02248
0.02248
0.02248
0.022483
0.022483
0.022483
0.022486
0.022486
0.022486
0.022487
0.022487
0.022489
0.022489
0.02249
0.02249
0.02249
0.02249
0.02249
0.022491
0.022492
0.022492
0.022492
0.022493
0.022494
0.022495
0.022495
0.022495
0.022498
0.0225
0.022502
0.022502
0.022502
0.022502
0.022504
0.022506
0.022507
0.022508
0.022508
0.022509
0.022511
0.022511
0.022511
0.022511
0.022514
0.022517
0.022517
0.022517
0.02252
0.02252
0.02252
0.022523
0.022523
0.022523
0.022523
0.022523
0.022523
0.022523
0.022524
0.022525
0.022526
0.022527
0.022527
0.022527
0.022528
0.022528
0.022529
0.02253
0.022532
0.022532
0.022533
0.022535
0.022535
0.022536
0.022538
0.022538
0.022538
0.022539
0.022539
0.022541
0.022543
0.022543
0.022544
0.022546
0.022547
0.02255
0.022554
0.022554
0.022557
0.022557
0.02256
0.02256
0.02256
0.02256
0.02256
0.022563
0.022563
0.022563
0.022563
0.022566
0.022566
0.022566
0.022568
0.022569
0.02257
0.02257
0.022572
0.022572
0.022573
0.022574
0.022574
0.022576
0.022576
0.02258
0.022582
0.022583
0.022583
0.022584
0.022587
0.022588
0.022588
0.02259
0.022591
0.022593
0.022594
0.022595
0.022597
0.022597
0.0226
0.0226
0.0226
0.0226
0.022603
0.022606
0.02261
0.022612
0.022613
0.022613
0.022614
0.022615
0.022615
0.022615
0.022616
0.022616
0.022616
0.022617
0.022619
0.02262
0.02262
0.02262
0.022622
0.022622
0.022623
0.022624
0.022624
0.022625
0.022625
0.022626
0.022627
0.02263
0.02263
0.02263
0.022631
0.022631
0.022631
0.022633
0.022633
0.022633
0.022634
0.022636
0.022637
0.022637
0.022637
0.02264
0.02264
0.02264
0.02264
0.02264
0.02264
0.022643
0.022644
0.022644
0.022646
0.022646
0.022647
0.022649
0.02265
0.02265
0.022652
0.022652
0.022652
0.022653
0.022654
0.022655
0.022657
0.022657
0.022659
0.02266
0.02266
0.02266
0.022661
0.022661
0.022661
0.022662
0.022662
0.022662
0.022665
0.022667
0.022667
0.022668
0.02267
0.02267
0.02267
0.022673
0.022674
0.022674
0.022674
0.022674
0.022677
0.022677
0.02268
0.02268
0.02268
0.02268
0.022682
0.022683
0.022683
0.022683
0.022683
0.022684
0.022686
0.022687
0.022687
0.022688
0.022689
0.02269
0.02269
0.022692
0.022693
0.022693
0.022693
0.022696
0.022696
0.022698
0.022698
0.0227
0.0227
0.022701
0.022702
0.022702
0.022702
0.022703
0.022703
0.022705
0.022706
0.022708
0.022708
0.02271
0.022714
0.022717
0.02272
0.02272
0.02272
0.02272
0.022723
0.022723
0.022723
0.022723
0.022725
0.022726
0.022727
0.022729
0.022729
0.022729
0.022729
0.02273
0.022732
0.022734
0.022735
0.022737
0.022737
0.022738
0.022743
0.022743
0.022743
0.022743
0.022743
0.022744
0.022745
0.022746
0.022746
0.022748
0.02275
0.022751
0.022751
0.022753
0.022753
0.022753
0.022753
0.022756
0.022756
0.02276
0.02276
0.02276
0.022763
0.022763
0.022763
0.022765
0.022766
0.022766
0.022767
0.022767
0.022767
0.022767
0.022767
0.022769
0.02277
0.02277
0.02277
0.022772
0.022772
0.022773
0.022774
0.022777
0.022778
0.022779
0.022781
0.022783
0.022784
0.022786
0.022787
0.022787
0.022787
0.022788
0.022788
0.022789
0.022791
0.022791
0.022792
0.022793
0.022794
0.022794
0.022796
0.022796
0.022796
0.022797
0.022797
0.022797
0.022797
0.022797
0.022798
0.0228
0.0228
0.0228
0.0228
0.0228
0.0228
0.022802
0.022803
0.022803
0.022804
0.022805
0.022806
0.022807
0.022808
0.022808
0.022809
0.02281
0.02281
0.02281
0.022812
0.022814
0.022818
0.022819
0.022819
0.02282
0.02282
0.02282
0.022822
0.022823
0.022823
0.022824
0.022824
0.022825
0.022828
0.02283
0.022831
0.022833
0.022833
0.022833
0.022834
0.022834
0.022836
0.022837
0.022837
0.02284
0.02284
0.02284
0.02284
0.02284
0.022843
0.022843
0.022844
0.022844
0.022844
0.022846
0.022846
0.022847
0.022849
0.02285
0.02285
0.02285
0.02285
0.02285
0.022852
0.022853
0.022853
0.022856
0.022856
0.022856
0.022857
0.022857
0.022857
0.022858
0.022859
0.02286
0.02286
0.022861
0.022863
0.022863
0.022864
0.022866
0.022868
0.022868
0.02287
0.02287
0.02287
0.022871
0.022874
0.022874
0.022874
0.022875
0.022877
0.022877
0.022878
0.02288
0.02288
0.02288
0.02288
0.022886
0.022886
0.022886
0.022886
0.022892
0.022893
0.022893
0.022895
0.022896
0.022896
0.022897
0.022897
0.022897
0.0229
0.0229
0.0229
0.022901
0.022902
0.022902
0.022904
0.022908
0.02291
0.02291
0.02291
0.022911
0.022912
0.022914
0.022914
0.022914
0.022916
0.022917
0.022917
0.02292
0.02292
0.02292
0.022922
0.022923
0.022923
0.022924
0.022925
0.022925
0.022926
0.022926
0.022926
0.022928
0.022929
0.02293
0.02293
0.022932
0.022932
0.022933
0.022933
0.022933
0.022934
0.022934
0.02294
0.02294
0.02294
0.022941
0.022942
0.022944
0.022948
0.02295
0.02295
0.022951
0.022954
0.022954
0.022956
0.022957
0.022958
0.02296
0.02296
0.02296
0.02296
0.022963
0.022963
0.022966
0.022966
0.022966
0.022967
0.022969
0.02297
0.02297
0.022972
0.022972
0.022973
0.022973
0.022975
0.022975
0.022977
0.022977
0.022977
0.022979
0.02298
0.022982
0.022982
0.022987
0.022988
0.022988
0.022988
0.02299
0.02299
0.02299
0.022994
0.022994
0.022997
0.022997
0.022997
0.022997
0.022998
0.023
0.023
0.023
0.023003
0.023006
0.023007
0.023007
0.023009
0.02301
0.023012
0.023016
0.023016
0.023019
0.02302
0.023021
0.023023
0.023024
0.023025
0.023026
0.023027
0.023027
0.023027
0.023027
0.023028
0.02303
0.02303
0.023031
0.023031
0.023031
0.023031
0.023033
0.023033
0.023034
0.023034
0.023036
0.023036
0.023037
0.02304
0.023043
0.023043
0.023043
0.023043
0.023045
0.023047
0.02305
0.023054
0.023055
0.023055
0.023056
0.023059
0.023059
0.023062
0.023062
0.023062
0.023063
0.023063
0.023064
0.023065
0.023067
0.023068
0.02307
0.023073
0.023074
0.023076
0.023077
0.023077
0.02308
0.02308
0.023083
0.023083
0.023083
0.023083
0.023086
0.023086
0.023086
0.023087
0.02309
0.02309
0.02309
0.023094
0.023094
0.023096
0.023097
0.023098
0.023099
0.0231
0.0231
0.023101
0.023103
0.023104
0.023104
0.023105
0.023106
0.023107
0.023107
0.023108
0.023108
0.02311
0.023114
0.023114
0.023117
0.02312
0.023122
0.023122
0.023124
0.023127
0.023129
0.023129
0.023129
0.023129
0.023129
0.023133
0.023136
0.023137
0.023137
0.02314
0.02314
0.02314
0.02314
0.02314
0.02314
0.023141
0.023142
0.023144
0.023144
0.023145
0.023146
0.023146
0.023148
0.023149
0.023153
0.023153
0.023153
0.023154
0.023157
0.023157
0.023157
0.023157
0.023157
0.023158
0.02316
0.02316
0.02316
0.02316
0.02316
0.023163
0.023163
0.023163
0.023163
0.023163
0.023165
0.023166
0.023166
0.023169
0.02317
0.02317
0.02317
0.023172
0.023172
0.023173
0.023173
0.023174
0.023175
0.023177
0.023177
0.02318
0.02318
0.02318
0.02318
0.023182
0.023182
0.023185
0.023185
0.023186
0.023186
0.023187
0.023187
0.023187
0.023188
0.02319
0.02319
0.023191
0.023193
0.023194
0.023194
0.023194
0.023197
0.023197
0.023198
0.0232
0.0232
0.0232
0.0232
0.0232
0.0232
0.023202
0.023203
0.023203
0.023203
0.023203
0.023205
0.023206
0.023206
0.023209
0.023209
0.023209
0.023209
0.02321
0.023211
0.023212
0.023213
0.023214
0.023216
0.023217
0.023217
0.023219
0.02322
0.02322
0.023223
0.023223
0.023223
0.023224
0.023225
0.023227
0.023227
0.023228
0.02323
0.02323
0.023231
0.023231
0.023231
0.023233
0.023233
0.023234
0.023236
0.023237
0.023237
0.023238
0.02324
0.02324
0.02324
0.023243
0.023243
0.023246
0.023247
0.023247
0.023247
0.023249
0.02325
0.02325
0.02325
0.023251
0.023252
0.023253
0.023253
0.023255
0.023257
0.023257
0.023258
0.02326
0.02326
0.023262
0.023262
0.023265
0.023266
0.023266
0.023268
0.023268
0.023268
0.02327
0.02327
0.023272
0.023273
0.023274
0.023274
0.023276
0.023276
0.02328
0.023283
0.023283
0.023283
0.023284
0.023284
0.023286
0.023287
0.023289
0.023289
0.023289
0.02329
0.02329
0.02329
0.023292
0.023294
0.023296
0.023296
0.023297
0.023297
0.0233
0.0233
0.0233
0.0233
0.0233
0.023303
0.023304
0.023304
0.023305
0.023306
0.02331
0.02331
0.02331
0.023314
0.023314
0.023317
0.023317
0.023317
0.023317
0.023317
0.02332
0.02332
0.02332
0.02332
0.02332
0.02332
0.02332
0.02332
0.023323
0.023323
0.023324
0.023324
0.023326
0.023326
0.023326
0.023327
0.023329
0.023329
0.02333
0.02333
0.023332
0.023333
0.023333
0.023333
0.023333
0.023334
0.023334
0.023335
0.023335
0.023336
0.023337
0.02334
0.02334
0.02334
0.02334
0.02334
0.02334
0.02334
0.02334
0.023342
0.023342
0.023343
0.023343
0.023343
0.023344
0.023345
0.023345
0.023345
0.023345
0.023346
0.023346
0.023347
0.023347
0.023348
0.02335
0.02335
0.023351
0.023351
0.023351
0.023352
0.023353
0.023353
0.023354
0.023354
0.023357
0.023357
0.02336
0.023363
0.023363
0.023364
0.023366
0.023366
0.023367
0.023369
0.023369
0.02337
0.023375
0.023376
0.023377
0.023378
0.02338
0.02338
0.02338
0.02338
0.02338
0.023383
0.023384
0.023384
0.023387
0.023387
0.023387
0.023387
0.023388
0.023388
0.02339
0.02339
0.02339
0.02339
0.02339
0.023391
0.023391
0.023394
0.023394
0.023397
0.023397
0.023397
0.023397
0.023397
0.0234
0.023403
0.023403
0.023404
0.023405
0.023406
0.023406
0.023406
0.023407
0.023407
0.023407
0.023409
0.02341
0.02341
0.023412
0.023413
0.023413
0.023413
0.023414
0.023417
0.023417
0.023417
0.023418
0.023418
0.02342
0.02342
0.02342
0.023422
0.023423
0.023423
0.023424
0.023426
0.023427
0.023428
0.02343
0.02343
0.02343
0.02343
0.02343
0.023431
0.023434
0.023434
0.023437
0.023437
0.02344
0.02344
0.02344
0.023442
0.023443
0.023446
0.023446
0.023447
0.023449
0.02345
0.02345
0.02345
0.02345
0.023452
0.023453
0.023453
0.023455
0.023458
0.023459
0.023461
0.023462
0.023463
0.023464
0.023464
0.023464
0.023465
0.023465
0.023468
0.023468
0.02347
0.02347
0.02347
0.023473
0.023473
0.023473
0.023476
0.023477
0.023477
0.023477
0.02348
0.02348
0.02348
0.02348
0.023483
0.023483
0.023483
0.023483
0.023484
0.023486
0.023486
0.023486
0.023487
0.023491
0.023492
0.023495
0.023496
0.023496
0.023497
0.023497
0.023498
0.0235
0.023503
0.023504
0.023505
0.023505
0.023506
0.023507
0.023508
0.02351
0.02351
0.023512
0.023513
0.023514
0.023514
0.023516
0.023516
0.023517
0.023517
0.023517
0.02352
0.02352
0.02352
0.023522
0.023523
0.023526
0.023526
0.023526
0.023526
0.023527
0.023527
0.023528
0.023528
0.023529
0.02353
0.023532
0.023533
0.023533
0.023534
0.023535
0.023535
0.02354
0.02354
0.023543
0.023543
0.023546
0.023547
0.02355
0.02355
0.023551
0.023553
0.023553
0.023554
0.023554
0.023556
0.023557
0.023557
0.023557
0.023557
0.023557
0.023557
0.023557
0.023557
0.02356
0.02356
0.02356
0.02356
0.02356
0.023563
0.023563
0.023563
0.023563
0.023563
0.023566
0.023567
0.023567
0.023567
0.02357
0.02357
0.02357
0.02357
0.02357
0.023571
0.023573
0.023573
0.023573
0.023575
0.023577
0.02358
0.02358
0.023582
0.023583
0.023584
0.023587
0.023588
0.023588
0.02359
0.023591
0.023593
0.023593
0.023594
0.023594
0.023594
0.023594
0.023595
0.023597
0.023597
0.023598
0.0236
0.0236
0.0236
0.023601
0.023603
0.023603
0.023603
0.023603
0.023603
0.023604
0.023605
0.023606
0.023607
0.023607
0.023607
0.02361
0.02361
0.02361
0.023612
0.023613
0.023613
0.023613
0.023613
0.023616
0.023618
0.023618
0.023618
0.02362
0.02362
0.02362
0.023621
0.023623
0.023623
0.023625
0.023625
0.023626
0.023627
0.023627
0.023627
0.023627
0.023628
0.023629
0.023633
0.023634
0.023637
0.023637
0.023637
0.02364
0.02364
0.023643
0.023643
0.023644
0.023644
0.023646
0.023647
0.023647
0.02365
0.023652
0.023652
0.023652
0.023653
0.023654
0.023655
0.023655
0.023655
0.023655
0.023656
0.023657
0.023657
0.023659
0.023659
0.02366
0.023662
0.023663
0.023663
0.023663
0.023664
0.023664
0.023664
0.023665
0.023666
0.023667
0.023668
0.023673
0.023673
0.023674
0.023674
0.023674
0.023677
0.02368
0.02368
0.02368
0.02368
0.02368
0.02368
0.023683
0.023683
0.023683
0.023683
0.023683
0.023685
0.023686
0.023686
0.023686
0.023686
0.023686
0.023687
0.023687
0.023687
0.023689
0.02369
0.02369
0.02369
0.023692
0.023692
0.023693
0.023693
0.023695
0.023695
0.023696
0.023697
0.023697
0.023697
0.023699
0.0237
0.023702
0.023702
0.023704
0.023704
0.023706
0.023706
0.023707
0.023707
0.023707
0.023708
0.023708
0.02371
0.023711
0.023714
0.023714
0.023714
0.023717
0.023717
0.023717
0.023717
0.023717
0.023717
0.02372
0.023723
0.023723
0.023723
0.023723
0.023724
0.023726
0.023728
0.023738
0.023739
0.02374
0.02374
0.023743
0.023746
0.023747
0.023748
0.023749
0.023751
0.023753
0.023753
0.023753
0.023753
0.023754
0.023754
0.023754
0.023756
0.023757
0.023757
0.023757
0.02376
0.02376
0.02376
0.02376
0.02376
0.023763
0.023766
0.023767
0.023767
0.023767
0.023767
0.02377
0.02377
0.02377
0.02377
0.023773
0.023774
0.023774
0.023775
0.023776
0.023776
0.023777
0.023777
0.023777
0.02378
0.02378
0.023781
0.023783
0.023783
0.023783
0.023783
0.023784
0.023785
0.023786
0.023786
0.023786
0.023787
0.023787
0.023787
0.02379
0.02379
0.02379
0.02379
0.023793
0.023794
0.023795
0.023797
0.023797
0.0238
0.0238
0.0238
0.023801
0.023803
0.023803
0.023804
0.023806
0.023807
0.023807
0.023807
0.023809
0.02381
0.02381
0.02381
0.02381
0.023811
0.023812
0.023813
0.023814
0.023814
0.023814
0.023815
0.023816
0.023816
0.023816
0.023817
0.023818
0.02382
0.02382
0.023822
0.023824
0.023825
0.023826
0.023826
0.023826
0.023826
0.023827
0.023827
0.023827
0.023828
0.02383
0.02383
0.02383
0.023831
0.023833
0.023835
0.023837
0.023837
0.023838
0.02384
0.02384
0.02384
0.023843
0.023843
0.023843
0.023843
0.023844
0.023846
0.023847
0.023847
0.023847
0.023847
0.023848
0.02385
0.02385
0.02385
0.023852
0.023854
0.023854
0.023856
0.023856
0.023857
0.023857
0.023858
0.02386
0.023861
0.023861
0.023863
0.023863
0.023864
0.023864
0.023864
0.023864
0.023865
0.023865
0.023866
0.023866
0.023866
0.023866
0.023866
0.023867
0.02387
0.02387
0.02387
0.02387
0.023871
0.023871
0.023874
0.023874
0.023877
0.023877
0.023878
0.02388
0.02388
0.02388
0.02388
0.02388
0.02388
0.023882
0.023883
0.023883
0.023884
0.023889
0.023889
0.02389
0.023891
0.023892
0.023893
0.023895
0.023895
0.023896
0.023896
0.023896
0.023897
0.023898
0.023898
0.023898
0.0239
0.0239
0.0239
0.023902
0.023903
0.023903
0.023903
0.023904
0.023907
0.023907
0.023908
0.02391
0.02391
0.02391
0.02391
0.023912
0.023913
0.023914
0.023914
0.023917
0.023918
0.023918
0.02392
0.02392
0.02392
0.023922
0.023924
0.023925
0.023927
0.023929
0.02393
0.02393
0.023933
0.023937
0.023938
0.023938
0.02394
0.023941
0.023942
0.023943
0.023943
0.023943
0.023943
0.023945
0.023947
0.023947
0.023947
0.02395
0.02395
0.02395
0.023951
0.023952
0.023953
0.023954
0.023954
0.023954
0.023957
0.023957
0.023957
0.023957
0.02396
0.02396
0.02396
0.02396
0.02396
0.023963
0.023963
0.023966
0.023966
0.023967
0.023967
0.023969
0.02397
0.023972
0.023973
0.023973
0.023974
0.023974
0.023976
0.023976
0.023977
0.023977
0.023978
0.023979
0.023979
0.02398
0.02398
0.023982
0.023982
0.023983
0.023983
0.023984
0.023984
0.023987
0.02399
0.023991
0.023993
0.023994
0.023994
0.023997
0.023997
0.024
0.024
0.024
0.024
0.024
0.024003
0.024006
0.024007
0.024007
0.024007
0.024009
0.02401
0.02401
0.02401
0.024012
0.024012
0.024012
0.024013
0.024014
0.024014
0.024016
0.024016
0.024016
0.024017
0.02402
0.02402
0.02402
0.02402
0.024022
0.024023
0.024023
0.024023
0.024024
0.024024
0.024026
0.024026
0.024027
0.024027
0.024027
0.024027
0.024029
0.02403
0.02403
0.02403
0.02403
0.024031
0.024031
0.024031
0.024033
0.024033
0.024034
0.024034
0.024036
0.024037
0.02404
0.02404
0.02404
0.02404
0.024043
0.024045
0.024045
0.024045
0.024045
0.024046
0.024046
0.024047
0.024047
0.024047
0.024049
0.02405
0.02405
0.02405
0.02405
0.024054
0.024054
0.024057
0.024057
0.024057
0.024057
0.024058
0.024059
0.02406
0.02406
0.024061
0.024062
0.024062
0.024062
0.024064
0.024065
0.024066
0.024066
0.024067
0.024067
0.024067
0.024067
0.02407
0.024073
0.024073
0.024074
0.024074
0.024074
0.024076
0.024076
0.024077
0.024077
0.024077
0.024077
0.02408
0.02408
0.02408
0.02408
0.02408
0.024083
0.024083
0.024083
0.024083
0.024083
0.024083
0.024087
0.024087
0.024087
0.024087
0.024089
0.024089
0.02409
0.02409
0.02409
0.024092
0.024093
0.024093
0.024095
0.024096
0.024096
0.024097
0.024098
0.024103
0.024103
0.024104
0.024106
0.024107
0.024108
0.02411
0.02411
0.02411
0.02411
0.02411
0.024111
0.024113
0.024116
0.024116
0.024117
0.024117
0.024117
0.024117
0.02412
0.02412
0.02412
0.024126
0.024126
0.024127
0.024127
0.024127
0.024127
0.024127
0.024128
0.024129
0.024129
0.02413
0.02413
0.02413
0.024131
0.024132
0.024133
0.024134
0.024134
0.024134
0.024135
0.024135
0.024135
0.024136
0.024136
0.024136
0.024137
0.024137
0.024139
0.02414
0.024141
0.024141
0.024142
0.024143
0.024143
0.024144
0.024148
0.02415
0.02415
0.024153
0.024154
0.024154
0.024154
0.02416
0.02416
0.024163
0.024163
0.024164
0.024164
0.024166
0.024166
0.024166
0.024167
0.024167
0.024169
0.024169
0.02417
0.02417
0.02417
0.02417
0.024172
0.024173
0.024173
0.024173
0.024175
0.024176
0.024178
0.02418
0.02418
0.024181
0.024182
0.024182
0.024183
0.024186
0.024186
0.024187
0.024187
0.024187
0.024188
0.02419
0.02419
0.02419
0.02419
0.024191
0.024191
0.024193
0.024193
0.024193
0.024193
0.024194
0.024196
0.024197
0.024197
0.0242
0.0242
0.0242
0.0242
0.0242
0.024203
0.024203
0.024203
0.024203
0.024206
0.024207
0.024208
0.024209
0.02421
0.02421
0.02421
0.02421
0.02421
0.024213
0.024215
0.024216
0.024216
0.024216
0.024217
0.024219
0.02422
0.02422
0.02422
0.024222
0.024223
0.024223
0.024224
0.024227
0.024228
0.024228
0.02423
0.02423
0.02423
0.024233
0.024234
0.024234
0.024234
0.024234
0.024234
0.024234
0.024236
0.024237
0.024237
0.024237
0.024237
0.024237
0.02424
0.02424
0.02424
0.02424
0.02424
0.02424
0.024243
0.024243
0.024243
0.024244
0.024246
0.024246
0.024247
0.024249
0.02425
0.02425
0.02425
0.02425
0.024251
0.024253
0.024255
0.024257
0.024257
0.024257
0.024257
0.024257
0.024257
0.024258
0.02426
0.02426
0.024263
0.024264
0.024264
0.024265
0.024266
0.024267
0.024268
0.024268
0.02427
0.02427
0.02427
0.024271
0.024277
0.024277
0.024277
0.024277
0.024277
0.02428
0.02428
0.02428
0.024283
0.024283
0.024283
0.024283
0.024283
0.024283
0.024284
0.024286
0.024286
0.024286
0.024289
0.024292
0.024293
0.024293
0.024293
0.024295
0.024296
0.024296
0.0243
0.0243
0.0243
0.0243
0.0243
0.024301
0.024302
0.024303
0.024303
0.024303
0.024304
0.024304
0.02431
0.02431
0.024311
0.024311
0.024313
0.024313
0.024313
0.024313
0.024314
0.024314
0.024314
0.024318
0.02432
0.024323
0.024323
0.024323
0.024324
0.024326
0.024326
0.024327
0.024329
0.024329
0.02433
0.024332
0.024332
0.024333
0.024333
0.024333
0.024334
0.024334
0.024336
0.024336
0.024336
0.024337
0.024337
0.024337
0.024337
0.02434
0.02434
0.024344
0.024344
0.024344
0.024345
0.024346
0.024347
0.024347
0.024348
0.02435
0.02435
0.02435
0.024351
0.024351
0.024353
0.024354
0.024356
0.024357
0.024357
0.024357
0.02436
0.02436
0.02436
0.02436
0.02436
0.024363
0.024365
0.024366
0.024367
0.024367
0.02437
0.02437
0.02437
0.02437
0.024373
0.024374
0.024374
0.024375
0.024377
0.024377
0.024378
0.02438
0.02438
0.024382
0.024383
0.024383
0.024383
0.024383
0.024383
0.024384
0.024385
0.024386
0.024387
0.024387
0.024387
0.024387
0.024388
0.024389
0.02439
0.02439
0.02439
0.024393
0.024393
0.024393
0.024393
0.024396
0.024397
0.024397
0.0244
0.0244
0.0244
0.024401
0.024407
0.024407
0.024407
0.024407
0.02441
0.02441
0.02441
0.02441
0.02441
0.024413
0.024413
0.024413
0.024413
0.024413
0.024416
0.024416
0.024416
0.024416
0.024417
0.024417
0.024419
0.02442
0.02442
0.024423
0.024423
0.024423
0.024423
0.024423
0.024427
0.024428
0.02443
0.02443
0.02443
0.02443
0.024431
0.024433
0.024433
0.024433
0.024434
0.024434
0.024434
0.024434
0.024436
0.024437
0.024437
0.024437
0.02444
0.024443
0.024444
0.024446
0.024447
0.024447
0.024449
0.024449
0.02445
0.024451
0.024452
0.024453
0.024453
0.024453
0.024454
0.024454
0.024457
0.024458
0.024458
0.024459
0.02446
0.02446
0.02446
0.02446
0.024462
0.024468
0.024468
0.02447
0.02447
0.02447
0.024473
0.024473
0.024473
0.024476
0.024476
0.024477
0.024477
0.024477
0.024477
0.024477
0.02448
0.02448
0.024484
0.024484
0.024485
0.024486
0.024487
0.024487
0.02449
0.02449
0.024494
0.024495
0.024496
0.024496
0.024497
0.024497
0.024497
0.024497
0.024497
0.0245
0.024501
0.024508
0.02451
0.02451
0.02451
0.024511
0.024511
0.024511
0.024513
0.024513
0.024513
0.024514
0.024514
0.024514
0.024516
0.024517
0.02452
0.024523
0.024524
0.024524
0.024527
0.024529
0.024529
0.02453
0.02453
0.024532
0.024533
0.024534
0.024535
0.024536
0.024537
0.024537
0.024537
0.024537
0.024537
0.024538
0.02454
0.024542
0.024543
0.024544
0.024544
0.024546
0.024547
0.024547
0.024547
0.024548
0.024548
0.024548
0.02455
0.02455
0.02455
0.02455
0.024551
0.024551
0.024553
0.024553
0.024554
0.024556
0.024557
0.024558
0.02456
0.02456
0.02456
0.02456
0.02456
0.024563
0.024563
0.024563
0.024566
0.024567
0.024569
0.02457
0.02457
0.024572
0.024573
0.024573
0.024574
0.024575
0.024575
0.024577
0.02458
0.02458
0.02458
0.02458
0.02458
0.02458
0.02458
0.024582
0.024583
0.024583
0.024587
0.024587
0.024593
0.024594
0.024594
0.024594
0.024596
0.024597
0.024597
0.024597
0.024598
0.0246
0.0246
0.0246
0.0246
0.024603
0.024603
0.024603
0.024603
0.024604
0.024606
0.024607
0.024612
0.024612
0.024612
0.024613
0.024613
0.024613
0.024615
0.024615
0.024616
0.024617
0.024617
0.02462
0.024621
0.024621
0.024625
0.024626
0.024627
0.024628
0.024628
0.02463
0.024634
0.024637
0.024637
0.024637
0.024637
0.02464
0.02464
0.024646
0.024646
0.02465
0.02465
0.024653
0.024653
0.024653
0.024653
0.024655
0.024657
0.024657
0.024658
0.024658
0.024661
0.024665
0.024666
0.024667
0.024667
0.024667
0.024667
0.024671
0.024672
0.024673
0.024673
0.024673
0.024676
0.02468
0.02468
0.024681
0.024683
0.024683
0.024684
0.024684
0.024686
0.024689
0.02469
0.02469
0.024693
0.024694
0.024695
0.024695
0.024696
0.024697
0.024697
0.024697
0.024697
0.024699
0.0247
0.0247
0.024704
0.024704
0.024704
0.024706
0.024706
0.024706
0.024707
0.024707
0.024707
0.024707
0.024708
0.024708
0.02471
0.024713
0.024713
0.024713
0.024716
0.024717
0.024717
0.024717
0.02472
0.02472
0.02472
0.024723
0.024724
0.024724
0.024726
0.024726
0.024726
0.024727
0.024727
0.024727
0.024729
0.02473
0.024731
0.024733
0.024733
0.024733
0.024736
0.024737
0.024737
0.024737
0.024738
0.02474
0.02474
0.024741
0.024743
0.024744
0.024745
0.024745
0.024747
0.024747
0.024748
0.02475
0.024751
0.024751
0.024753
0.024753
0.024753
0.024753
0.024754
0.024757
0.024757
0.024757
0.02476
0.02476
0.02476
0.02476
0.024763
0.024763
0.024763
0.024763
0.024763
0.024763
0.024763
0.024766
0.024767
0.024769
0.02477
0.02477
0.024772
0.024773
0.024775
0.024776
0.024777
0.024779
0.02478
0.02478
0.02478
0.024783
0.024783
0.024783
0.024784
0.024786
0.024786
0.024786
0.024787
0.024787
0.024787
0.024787
0.024788
0.024788
0.024788
0.024789
0.02479
0.02479
0.02479
0.02479
0.02479
0.024791
0.024791
0.024793
0.024797
0.024797
0.024797
0.0248
0.0248
0.0248
0.0248
0.0248
0.024803
0.024803
0.024804
0.024805
0.024805
0.024807
0.024809
0.02481
0.024813
0.024815
0.024815
0.024817
0.02482
0.02482
0.02482
0.024823
0.024825
0.024825
0.024826
0.024827
0.024827
0.02483
0.02483
0.02483
0.02483
0.02483
0.024833
0.024834
0.024834
0.024836
0.024837
0.024837
0.024838
0.02484
0.02484
0.02484
0.02484
0.024842
0.024845
0.024846
0.024846
0.024846
0.024847
0.024847
0.02485
0.02485
0.024853
0.024853
0.024853
0.024855
0.024856
0.024856
0.024856
0.02486
0.02486
0.02486
0.024861
0.024861
0.024861
0.024863
0.024863
0.024865
0.024868
0.024868
0.02487
0.02487
0.024874
0.024874
0.024876
0.024876
0.024877
0.024877
0.02488
0.024887
0.024887
0.024887
0.024887
0.024888
0.024889
0.024894
0.024897
0.024897
0.0249
0.0249
0.0249
0.0249
0.0249
0.024903
0.024904
0.024904
0.024906
0.024907
0.024907
0.024907
0.02491
0.02491
0.02491
0.024913
0.024915
0.024915
0.024917
0.024917
0.024917
0.02492
0.02492
0.02492
0.02492
0.024923
0.024924
0.024927
0.024927
0.024927
0.02493
0.024932
0.024933
0.024933
0.024937
0.024937
0.024938
0.02494
0.02494
0.024941
0.024941
0.024945
0.024945
0.024948
0.02495
0.024951
0.024954
0.024956
0.024957
0.024957
0.02496
0.02496
0.02496
0.02496
0.024963
0.024964
0.024966
0.024966
0.024967
0.02497
0.02497
0.024972
0.024973
0.024973
0.024973
0.024974
0.024974
0.024975
0.024976
0.024977
0.024977
0.024977
0.02498
0.02498
0.02498
0.024986
0.024991
0.024991
0.024994
0.024997
0.024997
0.024997
0.025
0.025
0.025
0.025003
0.025003
0.025003
0.025003
0.025003
0.025006
0.025006
0.025007
0.025007
0.025007
0.02501
0.02501
0.025014
0.025015
0.02502
0.02502
0.02502
0.02502
0.025023
0.025024
0.025024
0.025024
0.025026
0.025027
0.025027
0.025027
0.025028
0.02503
0.02503
0.02503
0.025034
0.025035
0.025036
0.025036
0.025037
0.025037
0.025037
0.025038
0.02504
0.02504
0.02504
0.025043
0.025044
0.025047
0.025047
0.025047
0.02505
0.02505
0.02505
0.025051
0.025052
0.025053
0.025054
0.02506
0.02506
0.025062
0.025063
0.025066
0.025067
0.025067
0.025067
0.025067
0.025068
0.025068
0.02507
0.02507
0.02507
0.025071
0.025071
0.025073
0.025073
0.025076
0.025077
0.025077
0.025077
0.02508
0.02508
0.02508
0.02508
0.02508
0.02508
0.02508
0.025083
0.025083
0.025083
0.025086
0.02509
0.02509
0.025091
0.025093
0.025093
0.025094
0.025094
0.025098
0.0251
0.0251
0.0251
0.0251
0.025103
0.025103
0.025104
0.025104
0.02511
0.025113
0.025114
0.025117
0.025117
0.02512
0.02512
0.025123
0.025123
0.025125
0.025126
0.025126
0.025126
0.025126
0.025127
0.025127
0.025129
0.02513
0.02513
0.025131
0.025132
0.025137
0.025137
0.025137
0.02514
0.025144
0.025144
0.025148
0.025148
0.025148
0.025149
0.025151
0.025151
0.025152
0.025153
0.025153
0.025154
0.025156
0.025157
0.02516
0.02516
0.02516
0.02516
0.02516
0.025163
0.025163
0.025163
0.025163
0.025166
0.025169
0.02517
0.02517
0.02517
0.025171
0.025173
0.025176
0.025176
0.025177
0.025182
0.025183
0.025183
0.025186
0.025187
0.025187
0.025188
0.02519
0.02519
0.02519
0.02519
0.025191
0.025191
0.025193
0.025195
0.025197
0.0252
0.0252
0.0252
0.025201
0.025203
0.025204
0.025207
0.025207
0.02521
0.02521
0.02521
0.02521
0.025212
0.025212
0.025213
0.025216
0.025217
0.025219
0.02522
0.025221
0.025226
0.025227
0.025227
0.02523
0.02523
0.02523
0.02523
0.025231
0.025233
0.025234
0.025234
0.025236
0.025237
0.025237
0.02524
0.025243
0.025243
0.025243
0.025244
0.025246
0.025247
0.025247
0.025249
0.02525
0.02525
0.025252
0.025254
0.025256
0.025256
0.025256
0.025257
0.025257
0.025258
0.025259
0.025263
0.025263
0.025263
0.025266
0.025267
0.025267
0.025267
0.025268
0.02527
0.025273
0.025273
0.025273
0.025274
0.025274
0.025277
0.02528
0.025283
0.025284
0.025284
0.025286
0.025287
0.025287
0.02529
0.02529
0.02529
0.02529
0.02529
0.025291
0.025296
0.025297
0.025297
0.0253
0.025301
0.025302
0.025307
0.025308
0.02531
0.02531
0.025311
0.025311
0.025312
0.025313
0.025314
0.025314
0.025314
0.025317
0.025317
0.025317
0.025317
0.02532
0.02532
0.02532
0.025323
0.025323
0.025324
0.025324
0.025326
0.02533
0.02533
0.02533
0.02533
0.025336
0.025336
0.025337
0.025338
0.02534
0.025343
0.025343
0.025345
0.025346
0.025347
0.025352
0.025357
0.025357
0.02536
0.02536
0.02536
0.02536
0.025365
0.025367
0.02537
0.025372
0.025372
0.025372
0.025373
0.025373
0.025374
0.025377
0.025377
0.025382
0.025383
0.025384
0.025387
0.025388
0.025388
0.025391
0.025393
0.025393
0.025396
0.0254
0.0254
0.025403
0.025403
0.025404
0.025404
0.025404
0.025404
0.025406
0.025407
0.025407
0.025407
0.02541
0.025413
0.025416
0.025416
0.025417
0.025417
0.025419
0.02542
0.02542
0.025421
0.025423
0.025423
0.025424
0.025424
0.025426
0.025427
0.025427
0.025428
0.02543
0.02543
0.02543
0.02543
0.025433
0.025433
0.025433
0.025437
0.025437
0.025437
0.02544
0.025443
0.025443
0.025446
0.025447
0.02545
0.025453
0.025456
0.025457
0.025458
0.02546
0.02546
0.02546
0.025463
0.025463
0.025464
0.025464
0.025465
0.025466
0.025467
0.02547
0.02547
0.02547
0.02547
0.02547
0.025473
0.02548
0.02548
0.025481
0.025483
0.025483
0.025484
0.025486
0.025487
0.02549
0.02549
0.02549
0.02549
0.02549
0.025492
0.025492
0.025492
0.025493
0.025493
0.025493
0.025493
0.025494
0.025494
0.025497
0.0255
0.025501
0.025506
0.025508
0.025509
0.02551
0.02551
0.025511
0.025513
0.025517
0.025518
0.02552
0.02552
0.025523
0.025527
0.025529
0.025529
0.02553
0.025533
0.025534
0.02554
0.02554
0.025541
0.025541
0.025543
0.025543
0.025547
0.025547
0.02555
0.02555
0.025552
0.025553
0.025553
0.025554
0.025556
0.025556
0.025557
0.025557
0.025557
0.025558
0.02556
0.02556
0.025563
0.025564
0.025564
0.025567
0.025569
0.02557
0.025572
0.025573
0.025575
0.025577
0.025577
0.025577
0.02558
0.02558
0.02558
0.025581
0.025581
0.025583
0.025584
0.025584
0.025584
0.025585
0.025585
0.025586
0.025587
0.025588
0.025588
0.025589
0.02559
0.02559
0.025594
0.025597
0.0256
0.0256
0.025603
0.025603
0.025603
0.025604
0.025606
0.025607
0.025607
0.025609
0.02561
0.02561
0.02561
0.02561
0.025611
0.025613
0.025614
0.025617
0.025617
0.025623
0.025623
0.025624
0.025626
0.025626
0.025627
0.025627
0.02563
0.02563
0.025633
0.025634
0.025634
0.025634
0.025634
0.025635
0.025637
0.025637
0.025637
0.02564
0.02564
0.025642
0.025643
0.025644
0.025647
0.025649
0.02565
0.02565
0.02565
0.025652
0.025654
0.025657
0.025659
0.02566
0.02566
0.02566
0.025662
0.025663
0.025665
0.025666
0.025667
0.025668
0.02567
0.025672
0.025673
0.025674
0.025677
0.02568
0.02568
0.025682
0.025683
0.025687
0.02569
0.02569
0.02569
0.025692
0.025692
0.025694
0.025694
0.025694
0.025694
0.025695
0.025699
0.0257
0.0257
0.0257
0.0257
0.025702
0.025703
0.025703
0.025706
0.025707
0.025709
0.02571
0.025711
0.025711
0.025711
0.025713
0.025717
0.025717
0.025717
0.025717
0.02572
0.02572
0.02572
0.025723
0.025724
0.025733
0.025737
0.02574
0.025743
0.025743
0.025743
0.025745
0.025747
0.025747
0.025747
0.02575
0.025752
0.025753
0.025753
0.025757
0.025757
0.025757
0.025757
0.02576
0.025763
0.025764
0.025764
0.025767
0.025769
0.02577
0.02577
0.025773
0.025774
0.025775
0.025776
0.02578
0.02578
0.02578
0.025784
0.025786
0.025786
0.025793
0.025793
0.025793
0.025795
0.025797
0.025797
0.0258
0.0258
0.0258
0.0258
0.0258
0.025803
0.025804
0.025806
0.025806
0.025806
0.025812
0.025817
0.025817
0.025817
0.025817
0.025818
0.025819
0.02582
0.025823
0.025824
0.025827
0.025828
0.02583
0.02583
0.025833
0.025834
0.025837
0.025837
0.025837
0.02584
0.02584
0.02584
0.025843
0.025846
0.025848
0.025849
0.02585
0.02585
0.025852
0.025852
0.025853
0.025853
0.025854
0.02586
0.02586
0.02586
0.025866
0.025866
0.025867
0.025867
0.02587
0.025871
0.025873
0.025873
0.025873
0.025877
0.02588
0.02588
0.025887
0.025887
0.025887
0.025887
0.025888
0.025888
0.025889
0.02589
0.02589
0.025893
0.025893
0.025897
0.025898
0.0259
0.0259
0.0259
0.025901
0.025902
0.025903
0.025904
0.025905
0.025906
0.025908
0.02591
0.02591
0.025912
0.025913
0.025914
0.025915
0.025916
0.025917
0.025917
0.02592
0.02592
0.02592
0.025923
0.025924
0.025926
0.025926
0.025928
0.02593
0.02593
0.025932
0.025939
0.025941
0.025943
0.025943
0.025944
0.025945
0.025945
0.025945
0.025947
0.02595
0.025953
0.025957
0.025957
0.02596
0.02596
0.02596
0.025963
0.025964
0.025966
0.025967
0.02597
0.02597
0.02597
0.02597
0.025974
0.025974
0.025977
0.025977
0.025977
0.025977
0.02598
0.025982
0.025985
0.025987
0.025987
0.025987
0.025993
0.025996
0.025997
0.025997
0.025997
0.025997
0.025997
0.025997
0.026
0.026
0.026
0.026003
0.026003
0.026007
0.026007
0.026012
0.026014
0.026015
0.026018
0.02602
0.02602
0.026027
0.026027
0.026027
0.02603
0.02603
0.026031
0.026033
0.026034
0.026034
0.026036
0.026037
0.026037
0.026037
0.02604
0.02604
0.026045
0.026053
0.026058
0.026058
0.026058
0.02606
0.026062
0.026063
0.026063
0.026063
0.026066
0.02607
0.026072
0.026074
0.026077
0.02608
0.02608
0.02608
0.02608
0.02608
0.026083
0.026086
0.02609
0.02609
0.026094
0.026094
0.026095
0.026097
0.026097
0.0261
0.026101
0.026102
0.026103
0.026107
0.026108
0.026114
0.026114
0.026114
0.026115
0.026116
0.026117
0.026117
0.02612
0.02612
0.02612
0.02612
0.026123
0.026123
0.026127
0.026127
0.026129
0.026129
0.02613
0.02613
0.02613
0.02613
0.026133
0.026134
0.026136
0.026139
0.02614
0.026145
0.026146
0.026147
0.026147
0.026148
0.026151
0.026151
0.026153
0.026154
0.026154
0.026166
0.026166
0.026166
0.026167
0.026167
0.026167
0.026168
0.026169
0.026169
0.02617
0.026172
0.026176
0.026176
0.026177
0.026177
0.026179
0.02618
0.02618
0.02618
0.026181
0.026182
0.026185
0.026185
0.026185
0.026187
0.02619
0.02619
0.02619
0.026191
0.026194
0.026197
0.0262
0.026201
0.026203
0.026206
0.026207
0.026209
0.026209
0.02621
0.026212
0.026213
0.026216
0.026217
0.02622
0.02622
0.02622
0.026223
0.026224
0.026226
0.026227
0.026227
0.026227
0.02623
0.026233
0.026233
0.026234
0.026234
0.026236
0.026236
0.026237
0.02624
0.02624
0.026243
0.026243
0.026243
0.026246
0.026247
0.026248
0.026252
0.026253
0.026254
0.026255
0.026255
0.026257
0.026257
0.02626
0.02626
0.026266
0.026267
0.026267
0.026271
0.026271
0.026274
0.026275
0.026277
0.026277
0.02628
0.02628
0.026283
0.026283
0.026283
0.026283
0.026284
0.026284
0.026286
0.02629
0.02629
0.02629
0.026291
0.026296
0.026297
0.0263
0.0263
0.026301
0.026303
0.026304
0.026305
0.026307
0.026307
0.02631
0.026311
0.026314
0.026314
0.026317
0.026317
0.026317
0.026317
0.026317
0.026323
0.026323
0.026326
0.026326
0.026329
0.026332
0.026333
0.026334
0.026334
0.026336
0.026336
0.026337
0.026338
0.02634
0.026342
0.026344
0.026345
0.026345
0.026347
0.026348
0.02635
0.02635
0.02635
0.026357
0.02636
0.02636
0.026366
0.026369
0.026376
0.026378
0.02638
0.026383
0.026387
0.026388
0.02639
0.02639
0.026391
0.026394
0.026394
0.026394
0.026397
0.026397
0.026397
0.026403
0.026403
0.026403
0.026407
0.026407
0.026409
0.026409
0.026416
0.026416
0.026423
0.026428
0.02643
0.026431
0.026433
0.026433
0.026434
0.026434
0.026436
0.026437
0.02644
0.02644
0.02644
0.026447
0.02645
0.026453
0.026453
0.026455
0.026457
0.02646
0.02646
0.026463
0.026465
0.026467
0.026468
0.026468
0.026469
0.02647
0.026471
0.026472
0.026473
0.026473
0.026474
0.026477
0.026477
0.026477
0.02648
0.02648
0.026484
0.026487
0.026487
0.026493
0.026496
0.026496
0.026499
0.0265
0.0265
0.026502
0.026503
0.026506
0.026506
0.026507
0.026507
0.026507
0.02651
0.026513
0.026517
0.026517
0.02652
0.02652
0.02652
0.026523
0.026523
0.026524
0.026526
0.026527
0.02653
0.026539
0.02654
0.02654
0.02654
0.02654
0.026541
0.026542
0.026545
0.026548
0.02655
0.026552
0.026553
0.026553
0.026553
0.026553
0.026555
0.026558
0.02656
0.02656
0.02656
0.026566
0.026566
0.026568
0.026572
0.026573
0.026574
0.026577
0.026579
0.02658
0.026583
0.026583
0.026584
0.026584
0.026586
0.026587
0.026588
0.02659
0.026591
0.026591
0.026593
0.026593
0.026593
0.026594
0.026596
0.026596
0.026597
0.026597
0.026603
0.026603
0.026603
0.026607
0.026609
0.026612
0.026614
0.026617
0.026619
0.02662
0.026623
0.026633
0.026634
0.026635
0.02664
0.02664
0.026641
0.026647
0.026649
0.02665
0.02665
0.026653
0.026653
0.026653
0.026653
0.026653
0.026655
0.026656
0.026656
0.026657
0.026657
0.026659
0.026659
0.026661
0.026663
0.026663
0.02667
0.026673
0.026673
0.026674
0.026674
0.026678
0.02668
0.026684
0.026686
0.026686
0.026687
0.026687
0.02669
0.026693
0.026694
0.026695
0.026699
0.0267
0.026701
0.026701
0.026701
0.026707
0.026707
0.026707
0.026707
0.026708
0.02671
0.02671
0.026717
0.026723
0.026723
0.026725
0.026726
0.026727
0.026731
0.026733
0.026736
0.026736
0.026739
0.02674
0.02674
0.026745
0.026745
0.026747
0.02675
0.026752
0.026753
0.026753
0.026756
0.02676
0.026766
0.026774
0.026774
0.026775
0.026777
0.026777
0.02678
0.02678
0.026783
0.026785
0.026786
0.026787
0.026787
0.026791
0.026793
0.026796
0.026797
0.026797
0.026797
0.0268
0.0268
0.0268
0.0268
0.026803
0.026806
0.026807
0.026813
0.026814
0.026815
0.02682
0.02682
0.026823
0.026824
0.026826
0.026826
0.026827
0.026828
0.026828
0.02683
0.026831
0.026834
0.026837
0.026837
0.02684
0.026844
0.026849
0.026856
0.026858
0.02686
0.026861
0.026862
0.026863
0.026866
0.026867
0.026867
0.02687
0.02687
0.02687
0.026873
0.026873
0.026874
0.026877
0.026883
0.026886
0.026887
0.026887
0.02689
0.02689
0.02689
0.02689
0.02689
0.026892
0.026893
0.026893
0.026896
0.026898
0.0269
0.026904
0.026906
0.026907
0.02691
0.02691
0.02691
0.026913
0.026913
0.026915
0.026917
0.026923
0.026924
0.026924
0.026926
0.02693
0.02693
0.026932
0.026933
0.026934
0.026934
0.026935
0.026937
0.026937
0.02694
0.026944
0.026946
0.026947
0.026947
0.026951
0.026951
0.026951
0.026953
0.02696
0.02696
0.026966
0.026967
0.026967
0.02697
0.026977
0.02698
0.026981
0.026994
0.026997
0.027
0.027
0.027
0.027
0.027003
0.027003
0.027003
0.027004
0.027009
0.027013
0.027013
0.027016
0.027017
0.02702
0.027024
0.027024
0.027027
0.027029
0.02703
0.027033
0.027033
0.027034
0.02704
0.027044
0.027046
0.027048
0.02705
0.02705
0.027053
0.027053
0.027054
0.027058
0.027059
0.02706
0.02706
0.02706
0.027063
0.027064
0.027066
0.027067
0.027068
0.02707
0.027073
0.027074
0.027077
0.027083
0.027089
0.02709
0.02709
0.02709
0.027092
0.027093
0.027096
0.027097
0.0271
0.027102
0.027105
0.027106
0.027107
0.02711
0.027113
0.027114
0.027117
0.027117
0.02712
0.027122
0.027123
0.027123
0.027126
0.027126
0.027127
0.027129
0.027132
0.027133
0.027135
0.027136
0.027137
0.02714
0.02714
0.027142
0.027147
0.027153
0.027154
0.027156
0.027156
0.027157
0.027163
0.027164
0.02717
0.02718
0.02718
0.027181
0.027181
0.027183
0.027186
0.027187
0.027187
0.027188
0.027191
0.027194
0.027196
0.027197
0.027197
0.027197
0.027204
0.027206
0.027207
0.027218
0.02722
0.027221
0.027223
0.027223
0.027224
0.027226
0.02723
0.02723
0.027233
0.027234
0.027237
0.027238
0.02724
0.02724
0.027243
0.027243
0.027247
0.027249
0.02725
0.02725
0.027253
0.027255
0.02726
0.02726
0.027263
0.027267
0.027267
0.027267
0.02727
0.027277
0.02728
0.02728
0.027283
0.027283
0.027287
0.02729
0.027297
0.027297
0.027303
0.027304
0.027307
0.027307
0.02731
0.027311
0.027311
0.027314
0.027317
0.027317
0.02732
0.02732
0.027323
0.027324
0.027327
0.027327
0.02733
0.027333
0.027334
0.027334
0.027336
0.027336
0.02734
0.027343
0.027344
0.027344
0.027348
0.02735
0.02735
0.027351
0.02736
0.027363
0.027363
0.027367
0.02737
0.02737
0.027377
0.02738
0.02738
0.02738
0.027383
0.027386
0.027386
0.027386
0.027387
0.027387
0.02739
0.027391
0.027394
0.027394
0.027396
0.027397
0.027406
0.027409
0.027409
0.027423
0.027423
0.027423
0.027424
0.027427
0.02743
0.027436
0.027437
0.02744
0.02744
0.02744
0.027443
0.02745
0.02745
0.027456
0.027459
0.027468
0.027473
0.027473
0.027477
0.027477
0.027477
0.02748
0.027489
0.02749
0.027493
0.027493
0.027493
0.027494
0.027495
0.027496
0.027496
0.027496
0.027498
0.0275
0.027503
0.027505
0.027507
0.027507
0.02751
0.02752
0.02752
0.027523
0.027523
0.027523
0.027524
0.027524
0.027526
0.02753
0.027533
0.027533
0.027534
0.027534
0.027535
0.027536
0.027537
0.027538
0.02754
0.02754
0.027541
0.027541
0.027543
0.027543
0.027544
0.027544
0.027545
0.027547
0.02755
0.027551
0.027556
0.027557
0.02756
0.02756
0.02756
0.027563
0.027563
0.027564
0.027569
0.02757
0.027572
0.027573
0.027573
0.027574
0.027579
0.02758
0.027585
0.027587
0.02759
0.027591
0.027603
0.027603
0.027609
0.027613
0.027613
0.027616
0.02762
0.02762
0.02762
0.027626
0.027628
0.02763
0.02763
0.02763
0.02764
0.027649
0.027653
0.027653
0.027654
0.027657
0.02766
0.027661
0.027663
0.027664
0.027666
0.027667
0.027667
0.027674
0.027675
0.027676
0.027677
0.027678
0.02768
0.02768
0.02768
0.02768
0.027682
0.027683
0.027687
0.027692
0.027692
0.027695
0.027699
0.027703
0.027707
0.027707
0.02771
0.027714
0.027716
0.027721
0.027723
0.027724
0.027727
0.027742
0.027743
0.027749
0.027753
0.027754
0.027756
0.027757
0.02776
0.02776
0.02776
0.02776
0.027764
0.02777
0.027773
0.027773
0.027774
0.027775
0.027776
0.027777
0.027777
0.027777
0.027779
0.02778
0.027782
0.027783
0.0278
0.0278
0.027802
0.027804
0.027806
0.027807
0.02781
0.027813
0.027816
0.02782
0.027824
0.027824
0.027824
0.027826
0.027827
0.02783
0.027831
0.02784
0.02784
0.02784
0.02784
0.027843
0.027848
0.027852
0.027853
0.027856
0.027857
0.027857
0.027862
0.027867
0.027867
0.027868
0.027869
0.027877
0.027877
0.027877
0.027877
0.027887
0.027887
0.027892
0.027894
0.027897
0.0279
0.027903
0.027907
0.027908
0.02791
0.027915
0.027923
0.027926
0.02793
0.027932
0.027933
0.027933
0.027937
0.027943
0.027943
0.02795
0.027957
0.02796
0.02796
0.02796
0.02796
0.02796
0.027963
0.027969
0.027973
0.027974
0.027977
0.02798
0.02798
0.027983
0.027984
0.02799
0.02799
0.027997
0.028003
0.028007
0.028012
0.028013
0.028015
0.02802
0.028021
0.028022
0.028023
0.028026
0.028027
0.028027
0.02803
0.028033
0.02804
0.02804
0.02804
0.028042
0.028043
0.028043
0.028044
0.028046
0.028054
0.028055
0.028056
0.028056
0.028056
0.028057
0.028061
0.028064
0.028064
0.028064
0.028065
0.028065
0.028073
0.028077
0.02808
0.02808
0.028083
0.028087
0.028087
0.02809
0.028093
0.028097
0.0281
0.028106
0.028107
0.02811
0.028113
0.028114
0.028117
0.02812
0.028123
0.028123
0.028123
0.02813
0.028137
0.028139
0.028143
0.028148
0.028153
0.028153
0.028157
0.02816
0.028161
0.028163
0.028164
0.028167
0.02817
0.028173
0.028174
0.028177
0.028177
0.02818
0.028181
0.02819
0.02819
0.028191
0.028191
0.028194
0.028194
0.0282
0.028203
0.028205
0.028206
0.028207
0.02821
0.028218
0.028222
0.028228
0.02823
0.028231
0.028235
0.028236
0.028237
0.028238
0.02824
0.02824
0.028243
0.028249
0.02825
0.02825
0.028253
0.028257
0.028257
0.02826
0.02826
0.02826
0.028262
0.028264
0.028267
0.028271
0.028273
0.028274
0.028274
0.028277
0.028286
0.02829
0.02829
0.028293
0.028293
0.028294
0.028295
0.028295
0.0283
0.028304
0.028308
0.02831
0.028313
0.028324
0.028326
0.028336
0.028336
0.028337
0.02834
0.02834
0.02834
0.028343
0.028344
0.028345
0.028346
0.02835
0.02835
0.028353
0.028353
0.028354
0.028367
0.02837
0.02837
0.028373
0.02838
0.02838
0.02838
0.02838
0.028393
0.028394
0.028397
0.028397
0.028404
0.028404
0.02841
0.028414
0.02842
0.028423
0.028424
0.028424
0.028427
0.028434
0.028437
0.02844
0.028447
0.028453
0.028453
0.028454
0.028455
0.028457
0.02846
0.028463
0.028471
0.028482
0.028483
0.028483
0.028484
0.028486
0.028486
0.028487
0.02849
0.028497
0.028503
0.028507
0.02851
0.02851
0.028511
0.028514
0.028516
0.02852
0.02852
0.02852
0.02852
0.028523
0.028525
0.02853
0.028534
0.028536
0.028537
0.028542
0.028547
0.02855
0.02855
0.02855
0.02855
0.028553
0.028557
0.028563
0.028563
0.028569
0.028571
0.028582
0.028587
0.0286
0.028604
0.028606
0.02861
0.02861
0.028627
0.028634
0.028636
0.028637
0.028637
0.028647
0.028647
0.028647
0.02865
0.02865
0.028654
0.028657
0.028658
0.02866
0.028663
0.028663
0.028664
0.028666
0.028667
0.028668
0.02867
0.028673
0.028673
0.028673
0.028677
0.028686
0.028688
0.02869
0.028693
0.028694
0.028705
0.028706
0.028707
0.028708
0.028711
0.02872
0.028723
0.028723
0.028726
0.02873
0.028735
0.028736
0.028738
0.028739
0.028746
0.028747
0.02875
0.02875
0.02875
0.028753
0.02876
0.02876
0.028763
0.028763
0.028767
0.02878
0.028783
0.028786
0.02879
0.02879
0.028793
0.028798
0.0288
0.028806
0.02881
0.02882
0.02882
0.028823
0.028825
0.028825
0.028834
0.028834
0.028837
0.02884
0.02884
0.028842
0.028844
0.028846
0.028847
0.028848
0.028848
0.028852
0.028852
0.028854
0.028854
0.028856
0.028857
0.02886
0.028865
0.028867
0.028877
0.028877
0.028877
0.028882
0.028886
0.028886
0.028887
0.028889
0.02889
0.028892
0.028898
0.0289
0.028907
0.02891
0.028913
0.028913
0.028914
0.028916
0.028918
0.028927
0.028944
0.028946
0.02895
0.02895
0.02895
0.028954
0.028955
0.028956
0.028957
0.02896
0.02896
0.028966
0.028966
0.028969
0.028969
0.028973
0.02898
0.028987
0.02899
0.028991
0.028994
0.028997
0.028997
0.029
0.029
0.029004
0.029007
0.029007
0.029014
0.029017
0.02902
0.029023
0.029024
0.029027
0.029027
0.029027
0.029029
0.02903
0.02903
0.029033
0.029037
0.029037
0.02904
0.029044
0.029047
0.029057
0.02906
0.02906
0.029061
0.029067
0.02907
0.029071
0.029077
0.029078
0.029083
0.029086
0.029087
0.029087
0.029092
0.029098
0.0291
0.029103
0.029104
0.029105
0.029107
0.02911
0.02911
0.029113
0.029114
0.02912
0.02912
0.029123
0.029123
0.029126
0.029127
0.029127
0.029132
0.029136
0.029137
0.029142
0.029147
0.02915
0.029153
0.02916
0.029162
0.029167
0.02917
0.029177
0.029177
0.029177
0.02918
0.02918
0.029188
0.029188
0.029188
0.02919
0.029193
0.029196
0.029197
0.029206
0.029207
0.029213
0.029216
0.029217
0.029233
0.029243
0.029243
0.029245
0.029247
0.029247
0.029253
0.029262
0.029263
0.029263
0.029265
0.029272
0.029277
0.02928
0.029283
0.029283
0.029286
0.0293
0.0293
0.029304
0.02931
0.02931
0.029314
0.02932
0.029323
0.029323
0.029329
0.02933
0.02933
0.029337
0.029339
0.02934
0.029344
0.029346
0.029347
0.029353
0.029354
0.029356
0.029363
0.029366
0.02937
0.029373
0.029373
0.029376
0.029376
0.029377
0.029387
0.029387
0.029387
0.02939
0.029393
0.029394
0.029396
0.0294
0.029405
0.029406
0.029407
0.029407
0.029409
0.02941
0.029417
0.029417
0.02942
0.02942
0.029423
0.029427
0.029437
0.029446
0.029447
0.029457
0.029464
0.029473
0.029481
0.029483
0.029487
0.029487
0.02949
0.029493
0.029494
0.029494
0.029494
0.029497
0.0295
0.029507
0.02951
0.02951
0.029516
0.029517
0.02952
0.02952
0.029523
0.029523
0.029533
0.029537
0.029537
0.029539
0.02954
0.02954
0.02954
0.029543
0.029543
0.029547
0.029553
0.029554
0.02956
0.02956
0.029566
0.02957
0.02958
0.029582
0.029584
0.029586
0.029593
0.029594
0.029594
0.029595
0.029595
0.029596
0.029597
0.0296
0.029607
0.029607
0.029613
0.029618
0.02962
0.029623
0.029623
0.029626
0.029631
0.029633
0.02964
0.029643
0.029643
0.029647
0.029647
0.02965
0.029653
0.02967
0.029688
0.029692
0.029694
0.029696
0.029703
0.029705
0.029707
0.029707
0.029707
0.02971
0.02972
0.02972
0.029723
0.029723
0.029724
0.029727
0.029729
0.02973
0.029734
0.029735
0.029737
0.02974
0.02974
0.029744
0.02975
0.029756
0.029757
0.029757
0.02976
0.02976
0.02977
0.029777
0.029783
0.02979
0.02979
0.029793
0.029797
0.029797
0.0298
0.029804
0.02981
0.02981
0.029818
0.02982
0.02982
0.029823
0.029823
0.029829
0.02983
0.029846
0.029847
0.029849
0.02985
0.029852
0.029858
0.029859
0.02986
0.029867
0.029877
0.02989
0.0299
0.0299
0.029903
0.029907
0.02991
0.029914
0.02992
0.029923
0.029923
0.029924
0.029926
0.029927
0.029937
0.029941
0.029943
0.029957
0.029958
0.02996
0.02996
0.02996
0.029963
0.029963
0.029967
0.02997
0.02997
0.029977
0.02998
0.02998
0.029983
0.029984
0.029987
0.029993
0.029997
0.029997
0.030003
0.030003
0.030006
0.030006
0.030007
0.030013
0.030014
0.030021
0.030026
0.030027
0.030033
0.03004
0.030044
0.03005
0.030057
0.03006
0.030065
0.030068
0.030077
0.030083
0.030084
0.030085
0.030091
0.030097
0.030104
0.030107
0.03011
0.030116
0.030116
0.030117
0.030117
0.03012
0.030122
0.030125
0.030126
0.030136
0.030147
0.030147
0.030153
0.03016
0.030161
0.030163
0.030168
0.030173
0.030173
0.030174
0.030176
0.030183
0.03019
0.03019
0.030207
0.03021
0.030214
0.03022
0.030221
0.030223
0.030224
0.030228
0.03024
0.03024
0.030247
0.030248
0.03025
0.030253
0.030257
0.03026
0.03026
0.030263
0.030271
0.030273
0.030273
0.030273
0.0303
0.030303
0.030304
0.030304
0.030307
0.030313
0.030316
0.03032
0.03032
0.030322
0.030323
0.030331
0.030333
0.030334
0.03034
0.03034
0.030347
0.03035
0.03036
0.030363
0.030364
0.030365
0.03037
0.030376
0.03038
0.030384
0.030385
0.030402
0.030417
0.030421
0.03043
0.030437
0.030437
0.03044
0.03044
0.030459
0.03046
0.030466
0.030467
0.03047
0.030473
0.030474
0.030476
0.030477
0.030477
0.030477
0.030477
0.03048
0.030487
0.03049
0.030493
0.030504
0.030506
0.03051
0.030513
0.030526
0.030544
0.030545
0.03055
0.030563
0.030574
0.030577
0.030583
0.030587
0.030606
0.030606
0.030607
0.030614
0.030616
0.030617
0.030617
0.030627
0.03063
0.03063
0.030634
0.030643
0.03065
0.03065
0.030653
0.030657
0.030663
0.030667
0.030673
0.030675
0.03069
0.030696
0.030696
0.030706
0.030723
0.03073
0.030733
0.030741
0.030747
0.030747
0.030751
0.03076
0.030763
0.03077
0.030773
0.030783
0.030786
0.030794
0.030815
0.03082
0.030823
0.030823
0.03083
0.030834
0.030834
0.030835
0.030836
0.030842
0.030843
0.030852
0.03086
0.03086
0.030887
0.030889
0.03089
0.030892
0.030893
0.030894
0.030897
0.030898
0.030906
0.03091
0.03091
0.030916
0.030924
0.030933
0.030933
0.030936
0.030936
0.030937
0.030947
0.030948
0.03095
0.03095
0.030977
0.030981
0.030986
0.030998
0.031009
0.03101
0.031011
0.031014
0.031017
0.031018
0.03102
0.031045
0.03106
0.031064
0.031068
0.031069
0.031076
0.031077
0.031083
0.031083
0.031093
0.031102
0.031102
0.031103
0.031107
0.03111
0.03111
0.031118
0.03112
0.03113
0.031133
0.03114
0.031143
0.031147
0.03115
0.03115
0.031152
0.031157
0.03117
0.03117
0.03118
0.031186
0.031193
0.0312
0.031204
0.031207
0.03121
0.031211
0.031216
0.031216
0.031216
0.03124
0.031243
0.031246
0.031253
0.031253
0.03126
0.031269
0.03127
0.031273
0.031293
0.031295
0.031298
0.0313
0.0313
0.0313
0.031303
0.031305
0.031306
0.031314
0.031323
0.031333
0.031342
0.031349
0.031354
0.031355
0.031357
0.03136
0.031366
0.031374
0.031388
0.031389
0.031389
0.03139
0.031394
0.031395
0.031396
0.031402
0.031405
0.031418
0.031419
0.031427
0.031427
0.031428
0.03143
0.03143
0.03144
0.031443
0.031444
0.031453
0.031462
0.03147
0.031471
0.031489
0.031489
0.031506
0.031516
0.03154
0.031557
0.03156
0.031569
0.031573
0.031593
0.031596
0.031607
0.031613
0.031614
0.031616
0.031616
0.031623
0.031627
0.031627
0.03163
0.031637
0.031647
0.031653
0.031663
0.03167
0.031671
0.03168
0.031687
0.03169
0.03169
0.031696
0.0317
0.031708
0.03171
0.03171
0.031712
0.031724
0.031732
0.031737
0.031766
0.03177
0.031772
0.031773
0.031789
0.0318
0.031813
0.03183
0.031836
0.031837
0.031837
0.031843
0.031848
0.03188
0.031883
0.031887
0.031893
0.031894
0.031903
0.03192
0.031924
0.031927
0.031934
0.031935
0.031957
0.031963
0.031963
0.031972
0.031976
0.03198
0.032
0.03204
0.03204
0.032043
0.03205
0.032063
0.032066
0.032067
0.032074
0.03208
0.032083
0.032083
0.03209
0.032093
0.0321
0.032105
0.032107
0.032115
0.032116
0.032126
0.032126
0.032135
0.032148
0.03215
0.032163
0.032163
0.032164
0.03217
0.032177
0.032192
0.032208
0.032213
0.03222
0.03222
0.03223
0.03225
0.032271
0.03228
0.032283
0.03229
0.032297
0.03232
0.032333
0.03234
0.03235
0.032364
0.032376
0.03238
0.032403
0.032421
0.03243
0.03243
0.032448
0.032458
0.032461
0.03248
0.032483
0.032486
0.032487
0.032497
0.032501
0.032505
0.032541
0.032546
0.032547
0.032558
0.032562
0.032564
0.032573
0.032576
0.03258
0.032588
0.032594
0.032594
0.032609
0.03261
0.032612
0.032615
0.032626
0.032652
0.032657
0.03266
0.03266
0.03266
0.032677
0.032677
0.03268
0.032686
0.03269
0.032695
0.032702
0.03271
0.03272
0.032729
0.03275
0.032759
0.03276
0.032783
0.032786
0.032787
0.0328
0.032818
0.032827
0.032828
0.032837
0.03284
0.03285
0.03285
0.03285
0.032852
0.032867
0.03287
0.032872
0.032874
0.032876
0.032877
0.032883
0.032886
0.032908
0.03292
0.03292
0.032923
0.032924
0.032947
0.032949
0.032954
0.032973
0.032984
0.032994
0.032997
0.033
0.03302
0.033026
0.033034
0.033044
0.033058
0.033074
0.033087
0.033087
0.033092
0.033123
0.033123
0.03313
0.03313
0.03313
0.033133
0.033157
0.033167
0.03319
0.033197
0.033203
0.033204
0.033233
0.03324
0.03324
0.033252
0.033255
0.033262
0.03327
0.033274
0.033276
0.033276
0.03328
0.033283
0.033286
0.03332
0.033329
0.033342
0.033351
0.03338
0.033403
0.033409
0.033416
0.033417
0.033421
0.033422
0.033423
0.033427
0.033428
0.03343
0.03344
0.033443
0.033443
0.033447
0.033456
0.03346
0.03348
0.033484
0.03349
0.033505
0.03351
0.033515
0.033531
0.033533
0.03354
0.033547
0.033566
0.03357
0.033572
0.033579
0.03358
0.033591
0.033593
0.0336
0.033617
0.03362
0.033623
0.033624
0.03363
0.033633
0.033636
0.033647
0.033657
0.033683
0.033683
0.033689
0.03369
0.033693
0.033697
0.033702
0.033705
0.033726
0.03373
0.033753
0.03376
0.033793
0.033812
0.033833
0.033843
0.033845
0.033871
0.033873
0.033883
0.033897
0.03391
0.033916
0.03392
0.033923
0.033923
0.033936
0.03394
0.033947
0.033951
0.03396
0.033973
0.033973
0.033975
0.033991
0.033994
0.034
0.034012
0.034057
0.034058
0.03406
0.034067
0.03408
0.03408
0.034092
0.034093
0.034096
0.034099
0.034099
0.034112
0.034127
0.034128
0.034144
0.034163
0.034168
0.034169
0.03417
0.034183
0.034187
0.034197
0.03422
0.034228
0.034228
0.03423
0.034237
0.034244
0.034266
0.034274
0.034288
0.03429
0.0343
0.0343
0.034306
0.034307
0.034307
0.034327
0.034341
0.034344
0.034347
0.034354
0.03436
0.034371
0.034373
0.034383
0.034384
0.034384
0.034386
0.034387
0.034397
0.034403
0.034409
0.034424
0.034434
0.034453
0.034453
0.034453
0.034455
0.034458
0.034463
0.034474
0.034477
0.03448
0.034487
0.034489
0.03449
0.034492
0.0345
0.034513
0.034535
0.03458
0.034595
0.034603
0.034613
0.034636
0.034637
0.034651
0.034662
0.034671
0.034684
0.034685
0.034708
0.03473
0.034777
0.034778
0.03478
0.03479
0.03481
0.03482
0.034823
0.03483
0.034832
0.034837
0.034843
0.034846
0.03487
0.034871
0.034873
0.03488
0.03489
0.034899
0.034908
0.034923
0.034927
0.034927
0.034937
0.034941
0.034943
0.03495
0.03495
0.034951
0.034967
0.034969
0.034983
0.034997
0.03501
0.035014
0.03503
0.035033
0.035034
0.035047
0.035049
0.035059
0.03506
0.03509
0.035092
0.035094
0.035097
0.035107
0.03511
0.035111
0.035123
0.035133
0.035145
0.035163
0.035168
0.03517
0.035174
0.035177
0.035188
0.035203
0.03522
0.035223
0.035223
0.035224
0.035234
0.035237
0.035243
0.035263
0.035275
0.035283
0.035283
0.035289
0.03534
0.035354
0.035357
0.035363
0.035366
0.035397
0.0354
0.035406
0.035417
0.03543
0.035434
0.035452
0.035453
0.035465
0.035466
0.035467
0.035477
0.035486
0.035487
0.03549
0.035498
0.035504
0.03554
0.03555
0.035554
0.035563
0.035567
0.035597
0.03562
0.035644
0.035645
0.035713
0.03572
0.035723
0.035757
0.035763
0.035775
0.035807
0.03583
0.035834
0.03584
0.035854
0.035867
0.035867
0.03587
0.0359
0.035903
0.035906
0.03591
0.035926
0.035927
0.03594
0.035949
0.035954
0.03597
0.035974
0.035986
0.036011
0.036016
0.03602
0.03603
0.036037
0.03604
0.03604
0.03606
0.036064
0.036073
0.036088
0.036107
0.036123
0.03616
0.036181
0.036212
0.036224
0.036237
0.03624
0.036247
0.036283
0.036287
0.0363
0.036317
0.036353
0.036357
0.03636
0.03637
0.036371
0.036406
0.03641
0.03642
0.03643
0.036443
0.036452
0.036492
0.0365
0.036505
0.036507
0.03652
0.03652
0.03653
0.036537
0.03654
0.036545
0.036583
0.036587
0.036597
0.03661
0.036612
0.036613
0.036627
0.03665
0.03666
0.036664
0.03667
0.036674
0.036675
0.036676
0.0367
0.0367
0.036703
0.03671
0.036723
0.03674
0.036743
0.036757
0.036797
0.036803
0.036807
0.036809
0.036824
0.036836
0.036853
0.036853
0.036853
0.036854
0.036873
0.03688
0.036929
0.036938
0.036947
0.03697
0.036974
0.03699
0.037029
0.037036
0.037037
0.037053
0.03707
0.03707
0.037084
0.037096
0.03711
0.03711
0.037113
0.0372
0.037217
0.03723
0.037231
0.037231
0.037244
0.037253
0.037267
0.037287
0.037287
0.03729
0.037302
0.037307
0.03731
0.03733
0.037332
0.037337
0.037343
0.037344
0.037364
0.03742
0.037433
0.037444
0.037449
0.03745
0.037486
0.037489
0.037492
0.037517
0.03752
0.03753
0.03754
0.037544
0.037549
0.037553
0.037565
0.03758
0.037604
0.03761
0.03763
0.037661
0.037667
0.037671
0.037673
0.0377
0.03773
0.03773
0.03774
0.03775
0.037753
0.037796
0.037797
0.037833
0.037847
0.037851
0.037876
0.037883
0.037917
0.037939
0.037997
0.037997
0.038012
0.038013
0.03802
0.038038
0.03804
0.038058
0.038074
0.038103
0.038104
0.038153
0.038175
0.038213
0.038213
0.038223
0.038237
0.038246
0.038261
0.038277
0.038357
0.038363
0.038377
0.038403
0.038404
0.038453
0.038456
0.038467
0.038474
0.038478
0.038484
0.0385
0.038526
0.038533
0.038553
0.038554
0.038567
0.03857
0.038583
0.038603
0.038611
0.038624
0.038633
0.038647
0.03865
0.038668
0.03868
0.03868
0.038688
0.0387
0.038713
0.038743
0.038749
0.03877
0.038773
0.038773
0.038777
0.038806
0.038817
0.038838
0.038863
0.038897
0.03893
0.038942
0.038945
0.039
0.03905
0.039053
0.039054
0.03907
0.039083
0.039145
0.039157
0.039167
0.03918
0.039186
0.039214
0.039223
0.03926
0.039289
0.039293
0.03933
0.039333
0.03936
0.039378
0.039443
0.039472
0.039484
0.03951
0.03953
0.0396
0.039621
0.039624
0.0397
0.03972
0.03976
0.039763
0.039763
0.039765
0.039783
0.03983
0.039842
0.039853
0.039858
0.039866
0.039876
0.039893
0.039907
0.039907
0.039926
0.03993
0.039944
0.039944
0.03996
0.04002
0.040045
0.040045
0.04006
0.04007
0.040073
0.040157
0.040172
0.040204
0.040217
0.040226
0.04023
0.040257
0.040273
0.040274
0.040317
0.04032
0.04032
0.04034
0.04039
0.04042
0.040426
0.040467
0.0405
0.040503
0.04052
0.04054
0.040585
0.040586
0.040606
0.04061
0.04062
0.040623
0.040704
0.040733
0.04075
0.040821
0.040826
0.040867
0.040867
0.040897
0.040948
0.041057
0.041158
0.041237
0.041261
0.041366
0.04138
0.041394
0.041537
0.041628
0.041636
0.041655
0.04166
0.041687
0.041697
0.041737
0.04175
0.041823
0.041837
0.041914
0.041932
0.041977
0.04206
0.042063
0.0421
0.0422
0.0423
0.042317
0.042397
0.0424
0.04246
0.042467
0.042663
0.042703
0.042747
0.042774
0.042776
0.0428
0.042917
0.04292
0.043122
0.043183
0.043191
0.043241
0.043257
0.043297
0.043323
0.043327
0.043463
0.043563
0.043597
0.043836
0.043887
0.043938
0.044026
0.04403
0.044047
0.04406
0.044087
0.044093
0.044166
0.04424
0.044273
0.044308
0.044393
0.044403
0.044453
0.044453
0.044503
0.044567
0.044619
0.0447
0.044724
0.04474
0.044926
0.04496
0.045003
0.04505
0.045077
0.04512
0.045153
0.045157
0.045157
0.045163
0.0452
0.045243
0.045304
0.045316
0.045326
0.045336
0.045351
0.045376
0.045404
0.045566
0.045644
0.045674
0.045684
0.045712
0.045737
0.045984
0.046047
0.046127
0.046129
0.046135
0.046156
0.046317
0.046467
0.046513
0.046541
0.04678
0.04691
0.04704
0.047087
0.047163
0.047333
0.047394
0.047486
0.047506
0.04751
0.047545
0.047594
0.04767
0.04768
0.04777
0.048036
0.048083
0.048091
0.0481
0.048113
0.04821
0.048213
0.048252
0.048376
0.048467
0.048487
0.048683
0.048708
0.048723
0.048766
0.04917
0.049514
0.049863
0.04993
0.050017
0.050066
0.050207
0.050221
0.05026
0.050412
0.050418
0.050667
0.05067
0.050706
0.05104
0.0512
0.051546
0.05156
0.051585
0.051673
0.051756
0.05188
0.052261
0.052297
0.052393
0.053117
0.053167
0.053803
0.053817
0.053966
0.05413
0.05457
0.054683
0.054714
0.054914
0.055143
0.055183
0.0552
0.056815
0.05702
0.057072
0.057203
0.057567
0.05846
0.059078
0.059367
0.05951
0.05963
0.059649
0.060066
0.06018
0.060267
0.060373
0.060658
0.060814
0.06102
0.061091
0.061293
0.061403
0.06153
0.061854
0.06272
0.062824
0.063094
0.063126
0.063614
0.06448
0.065145
0.06541
0.06648
0.066794
0.069273
0.070096
0.071217
0.072033
0.072251
0.073146
0.073597
0.074147
0.074496
0.074539
0.075499
0.075662
0.076157
0.076826
0.07696
0.077373
0.07791
0.078933
0.08082
0.08236
0.08393
0.084089
0.08447
0.088693
0.089107
0.08947
0.095136
0.103419
0.111144
0.122523
0.204123
0.215961
0.237697
0.24651
0.247051
0.253818
0.274406
0.280516
0.289978
0.303262
0.313767
0.314566
0.328996
0.348657
0.352643
0.360726
0.367621
0.380334
0.381255
0.387468
0.399247
0.424453
0.433792
0.444421
0.479631
0.513564
0.53748
0.580074
