0.270009
0.285276
0.287698
0.290473
0.294443
0.294678
0.297536
0.298631
0.300758
0.301555
0.302378
0.305553
0.307778
0.309699
0.310901
0.311288
0.315718
0.316403
0.318941
0.320737
0.321099
0.322138
0.323749
0.324152
0.324586
0.325958
0.326234
0.327595
0.331033
0.331909
0.332083
0.332317
0.332348
0.333575
0.335103
0.335127
0.336112
0.339025
0.339806
0.340367
0.340803
0.341138
0.341772
0.342783
0.343064
0.343448
0.34359
0.343967
0.344081
0.3441
0.345056
0.34701
0.347227
0.347855
0.347945
0.34798
0.348428
0.348608
0.349211
0.349539
0.3496
0.350659
0.350665
0.350762
0.351025
0.351176
0.351563
0.352077
0.352203
0.353124
0.353267
0.353613
0.353748
0.353931
0.354032
0.354263
0.354498
0.354511
0.354675
0.354736
0.354798
0.354905
0.355083
0.355091
0.355102
0.35516
0.355173
0.355374
0.355699
0.356015
0.356207
0.356265
0.356511
0.356837
0.357176
0.357597
0.357627
0.358081
0.358328
0.358477
0.358616
0.358739
0.358946
0.358985
0.359247
0.359281
0.359284
0.359437
0.359665
0.35978
0.359879
0.36004
0.36008
0.360521
0.360695
0.360826
0.360888
0.360904
0.361308
0.36139
0.36153
0.361563
0.361601
0.362045
0.362065
0.362103
0.362393
0.362416
0.362703
0.363354
0.363807
0.36382
0.364108
0.364268
0.364271
0.364353
0.36448
0.364659
0.364837
0.365113
0.365141
0.36516
0.365241
0.365379
0.365531
0.365723
0.36592
0.365927
0.366073
0.366107
0.366153
0.366191
0.36635
0.366617
0.366634
0.366779
0.366885
0.366951
0.367034
0.367484
0.367507
0.367683
0.36789
0.367991
0.368035
0.368068
0.368102
0.368105
0.3688
0.368967
0.369137
0.369268
0.369274
0.369318
0.369413
0.36944
0.369527
0.369744
0.36975
0.369881
0.369889
0.36994
0.369966
0.369966
0.370126
0.37018
0.37026
0.370398
0.370454
0.37047
0.370471
0.370516
0.370554
0.370956
0.371
0.371038
0.371154
0.371164
0.371167
0.371191
0.371194
0.371422
0.371454
0.371481
0.371552
0.371613
0.371654
0.371713
0.371757
0.371766
0.371823
0.37187
0.371881
0.371894
0.371914
0.371967
0.371973
0.371983
0.372007
0.372127
0.372146
0.372147
0.372158
0.372303
0.372303
0.372304
0.372308
0.372313
0.372427
0.37249
0.37251
0.372523
0.372534
0.37255
0.37255
0.372557
0.372599
0.372708
0.372751
0.372797
0.3728
0.372817
0.37283
0.372948
0.372951
0.372973
0.372978
0.37299
0.373004
0.373024
0.373117
0.37314
0.373142
0.37315
0.373174
0.37334
0.373341
0.373511
0.373517
0.373661
0.373663
0.37368
0.373694
0.373696
0.373708
0.373717
0.373741
0.373763
0.373794
0.37383
0.373881
0.37389
0.373903
0.374063
0.374076
0.374077
0.374091
0.374176
0.374213
0.374224
0.374227
0.37423
0.374284
0.374304
0.374327
0.37434
0.374344
0.374374
0.374394
0.374398
0.37442
0.374424
0.374428
0.374447
0.37449
0.374497
0.374571
0.374574
0.374587
0.374602
0.374613
0.37462
0.37462
0.37465
0.374654
0.374664
0.374667
0.374685
0.374694
0.374701
0.37472
0.374774
0.374785
0.374813
0.374867
0.374914
0.374923
0.374934
0.374935
0.374954
0.374998
0.375021
0.375021
0.375044
0.375048
0.375084
0.375167
0.37517
0.375264
0.375293
0.375297
0.375311
0.375334
0.375347
0.375351
0.375361
0.375394
0.37541
0.375426
0.375427
0.37545
0.375474
0.375476
0.375584
0.375657
0.37566
0.375673
0.375693
0.375706
0.375707
0.375737
0.375787
0.375817
0.375861
0.375874
0.375903
0.375904
0.375914
0.375917
0.375917
0.375918
0.375921
0.375924
0.37596
0.376017
0.376044
0.376052
0.376088
0.376104
0.376121
0.376124
0.376147
0.376153
0.376176
0.376186
0.376214
0.37622
0.376226
0.37623
0.37625
0.376263
0.376273
0.376286
0.376291
0.376297
0.3763
0.376305
0.376324
0.376326
0.376327
0.37633
0.376344
0.376364
0.376366
0.376393
0.3764
0.376403
0.376427
0.376428
0.376494
0.376521
0.376527
0.376534
0.376534
0.376535
0.376553
0.376574
0.376575
0.376591
0.376599
0.376618
0.376633
0.376653
0.376666
0.376674
0.376683
0.376689
0.376741
0.37675
0.376767
0.37678
0.376783
0.376801
0.376893
0.376914
0.376921
0.376934
0.376935
0.376947
0.376961
0.376968
0.376978
0.377
0.377003
0.377004
0.37703
0.377051
0.377084
0.377093
0.3771
0.377104
0.377104
0.377111
0.37713
0.377137
0.377143
0.377187
0.377197
0.377197
0.377201
0.377243
0.377246
0.377273
0.377273
0.377301
0.377307
0.377313
0.377317
0.37732
0.377335
0.377337
0.377348
0.377367
0.377378
0.377394
0.377413
0.377421
0.377433
0.377441
0.377445
0.37748
0.377494
0.377503
0.377517
0.377541
0.377546
0.377547
0.377563
0.377564
0.37761
0.377613
0.377614
0.377623
0.37765
0.37768
0.3777
0.377711
0.37775
0.377791
0.377804
0.377806
0.377814
0.377821
0.377851
0.377864
0.377865
0.377868
0.37787
0.377874
0.377883
0.377926
0.377927
0.377937
0.377937
0.377973
0.37798
0.377981
0.377984
0.377991
0.377997
0.378013
0.378026
0.378039
0.378044
0.378061
0.378063
0.378065
0.378066
0.378087
0.378093
0.378126
0.37814
0.378184
0.378187
0.378217
0.378258
0.37826
0.378264
0.378264
0.378303
0.378315
0.378331
0.378337
0.37834
0.37837
0.378377
0.37839
0.378397
0.37843
0.37844
0.378457
0.37846
0.378468
0.378474
0.378504
0.378521
0.37853
0.378535
0.378547
0.378554
0.378556
0.37857
0.378583
0.378584
0.378616
0.378617
0.378621
0.378624
0.378641
0.378657
0.378663
0.378667
0.378691
0.378701
0.378717
0.378734
0.378784
0.378797
0.378806
0.378811
0.378813
0.378816
0.378827
0.378834
0.378837
0.378851
0.37887
0.37888
0.378881
0.378923
0.37893
0.378934
0.378935
0.378941
0.378957
0.378981
0.37899
0.378997
0.379025
0.37904
0.37906
0.37906
0.379064
0.379066
0.379071
0.379107
0.379111
0.379116
0.37913
0.37913
0.379149
0.379151
0.379168
0.379196
0.379207
0.37921
0.379214
0.379217
0.379227
0.379232
0.379247
0.37927
0.379288
0.3793
0.37931
0.379331
0.379333
0.379337
0.379374
0.3794
0.379421
0.379426
0.37943
0.379453
0.379454
0.379458
0.37946
0.379464
0.37947
0.379473
0.379474
0.379484
0.37952
0.37953
0.379537
0.379543
0.379561
0.379567
0.37957
0.379574
0.379577
0.379593
0.379606
0.379607
0.379623
0.37963
0.379647
0.379648
0.379654
0.379659
0.379701
0.379713
0.379724
0.379727
0.379727
0.379743
0.379747
0.379757
0.37977
0.379787
0.379791
0.379831
0.379847
0.379854
0.37987
0.379877
0.37988
0.379884
0.379898
0.379901
0.379915
0.379927
0.379941
0.379953
0.379957
0.379974
0.379976
0.379984
0.379984
0.380017
0.380057
0.380067
0.380093
0.380104
0.38011
0.380113
0.380143
0.380173
0.380203
0.380217
0.380255
0.380274
0.38028
0.380285
0.380303
0.380307
0.380308
0.38031
0.38032
0.380334
0.38034
0.380377
0.380386
0.380391
0.380407
0.380407
0.380414
0.38042
0.380427
0.380431
0.380447
0.380461
0.380497
0.380503
0.380507
0.380517
0.38053
0.380531
0.38054
0.380544
0.380554
0.380565
0.380573
0.38058
0.380586
0.38059
0.380594
0.380617
0.380654
0.380656
0.380671
0.380684
0.3807
0.38071
0.38073
0.38073
0.380733
0.38075
0.380755
0.380757
0.38076
0.380768
0.380786
0.380807
0.380811
0.38082
0.380825
0.380843
0.380847
0.380861
0.38088
0.38091
0.380931
0.380934
0.380937
0.380942
0.380947
0.380986
0.380993
0.380996
0.380997
0.381004
0.38101
0.381019
0.381024
0.381024
0.381053
0.381054
0.381063
0.381073
0.381081
0.381117
0.381147
0.381154
0.38117
0.381174
0.381176
0.38119
0.381207
0.38121
0.381211
0.381224
0.381264
0.38127
0.381294
0.381294
0.381297
0.381298
0.381321
0.381323
0.381333
0.381336
0.381346
0.38135
0.381357
0.381374
0.381377
0.381381
0.381398
0.381407
0.38141
0.381414
0.381418
0.381438
0.38144
0.381447
0.381451
0.381453
0.381458
0.38146
0.381461
0.381464
0.381483
0.381496
0.381497
0.381504
0.381514
0.381517
0.381523
0.381523
0.381524
0.381534
0.381564
0.381577
0.381607
0.381637
0.38166
0.381683
0.381688
0.381707
0.381735
0.38176
0.381787
0.381791
0.381793
0.381851
0.381865
0.381868
0.381877
0.381897
0.381908
0.381938
0.381947
0.381951
0.381977
0.382027
0.38203
0.382043
0.382053
0.382094
0.382097
0.38211
0.382111
0.382114
0.382121
0.382127
0.382154
0.382167
0.382197
0.382204
0.382263
0.382266
0.38227
0.382281
0.382284
0.382293
0.382317
0.382324
0.382328
0.382333
0.38236
0.382365
0.382383
0.382387
0.3824
0.382401
0.382404
0.382414
0.382417
0.38242
0.38244
0.382449
0.382454
0.382455
0.38246
0.382464
0.38248
0.382484
0.382488
0.382507
0.382518
0.382543
0.38256
0.382578
0.38258
0.382586
0.382591
0.382597
0.382598
0.382601
0.382615
0.382621
0.382624
0.382628
0.382633
0.382641
0.382644
0.382651
0.382651
0.382657
0.382664
0.382677
0.382681
0.382704
0.382721
0.382731
0.382734
0.382748
0.382749
0.382757
0.382764
0.382765
0.382767
0.382773
0.382774
0.382784
0.382786
0.382794
0.382804
0.382807
0.38281
0.382811
0.382817
0.382821
0.382823
0.382823
0.382824
0.382877
0.38289
0.382907
0.382913
0.382931
0.382936
0.382947
0.382997
0.382998
0.383003
0.383004
0.38304
0.383047
0.383047
0.383054
0.383057
0.383073
0.383086
0.383114
0.383145
0.383153
0.383173
0.383207
0.383213
0.383251
0.38327
0.383275
0.383277
0.383278
0.383284
0.383311
0.383311
0.383327
0.383337
0.383368
0.38338
0.383413
0.383428
0.383437
0.383463
0.383468
0.383471
0.383484
0.38349
0.38351
0.38352
0.38356
0.38357
0.383573
0.383577
0.38358
0.383584
0.38359
0.383594
0.3836
0.383606
0.383637
0.383643
0.383667
0.383668
0.383681
0.383681
0.383684
0.383693
0.383694
0.383721
0.38374
0.383745
0.38376
0.383784
0.383787
0.383801
0.38382
0.383838
0.38385
0.383907
0.38391
0.383917
0.383917
0.38393
0.38394
0.383988
0.384
0.384001
0.384007
0.384024
0.384034
0.38404
0.384053
0.384061
0.384064
0.384067
0.384074
0.384081
0.384083
0.384086
0.384098
0.384113
0.384119
0.38412
0.384127
0.384134
0.384154
0.384183
0.384186
0.384187
0.3842
0.384227
0.38425
0.38425
0.384257
0.384264
0.384294
0.384295
0.384318
0.384321
0.384327
0.38434
0.384347
0.384347
0.384353
0.384357
0.38436
0.384373
0.384374
0.38441
0.384427
0.384434
0.384441
0.384484
0.384497
0.38451
0.38451
0.384515
0.384531
0.384544
0.384554
0.384557
0.384578
0.38458
0.384583
0.384587
0.384607
0.384618
0.384633
0.38464
0.384644
0.384654
0.38466
0.384666
0.384683
0.384684
0.384687
0.3847
0.3847
0.3847
0.384704
0.384714
0.384717
0.38472
0.38472
0.384738
0.384744
0.384764
0.384776
0.38478
0.384787
0.384824
0.384859
0.384876
0.38488
0.38488
0.384887
0.384887
0.384904
0.384934
0.384935
0.384944
0.384964
0.385007
0.385037
0.385047
0.38505
0.38506
0.385087
0.385113
0.385123
0.385126
0.385128
0.385134
0.385154
0.385154
0.385165
0.38518
0.385194
0.385198
0.385227
0.38524
0.385247
0.385254
0.385257
0.385258
0.385258
0.38526
0.38527
0.385308
0.385314
0.385322
0.385324
0.385347
0.385376
0.385377
0.385398
0.385401
0.385406
0.38541
0.385413
0.385416
0.385421
0.385433
0.385447
0.385466
0.38547
0.385473
0.385477
0.38549
0.385497
0.385506
0.385517
0.385518
0.385518
0.38553
0.38553
0.38554
0.385544
0.385591
0.385593
0.385603
0.385614
0.385634
0.385635
0.385641
0.385653
0.385657
0.38568
0.385681
0.385701
0.38573
0.38574
0.385744
0.385751
0.385761
0.385774
0.385777
0.385784
0.385784
0.3858
0.385803
0.385814
0.385833
0.385856
0.38586
0.385871
0.385873
0.385873
0.385877
0.3859
0.38591
0.385914
0.385917
0.38592
0.385993
0.385993
0.385996
0.38601
0.386011
0.386014
0.38602
0.386024
0.386033
0.386044
0.386047
0.386056
0.386077
0.386078
0.386081
0.386081
0.386083
0.386114
0.386117
0.386117
0.386126
0.38614
0.386141
0.386141
0.38615
0.386151
0.386154
0.386157
0.38616
0.386174
0.386177
0.386181
0.386193
0.386193
0.386193
0.3862
0.386203
0.386204
0.386223
0.386223
0.38623
0.386234
0.38625
0.386273
0.386278
0.386287
0.386287
0.386314
0.386316
0.386317
0.386321
0.386323
0.386334
0.386353
0.38638
0.386394
0.386404
0.386421
0.386421
0.386426
0.386437
0.38645
0.386453
0.38646
0.386464
0.386467
0.386468
0.386487
0.386493
0.386494
0.386495
0.386508
0.38652
0.386521
0.386524
0.386534
0.386553
0.386563
0.38658
0.38658
0.38659
0.386601
0.386605
0.386613
0.38666
0.386663
0.386686
0.386687
0.386696
0.3867
0.386703
0.386703
0.386724
0.386734
0.386734
0.38675
0.386755
0.386761
0.386777
0.386793
0.386797
0.38681
0.38682
0.386821
0.386824
0.38683
0.386836
0.38684
0.38684
0.386855
0.386856
0.386867
0.386868
0.386884
0.386887
0.386897
0.3869
0.386921
0.38694
0.38695
0.386951
0.386962
0.386964
0.386967
0.386983
0.386986
0.387
0.387019
0.387035
0.387051
0.38706
0.387063
0.387075
0.387075
0.387085
0.387093
0.387097
0.38713
0.387134
0.387138
0.387151
0.38719
0.387213
0.387214
0.38722
0.387247
0.38726
0.38727
0.387301
0.387307
0.387311
0.387325
0.38733
0.387333
0.38734
0.387344
0.387354
0.387356
0.387366
0.387377
0.387404
0.387421
0.387427
0.387434
0.387458
0.387473
0.387477
0.387487
0.387491
0.387515
0.387526
0.387527
0.387538
0.38754
0.387544
0.387554
0.387557
0.38756
0.38757
0.387591
0.387598
0.387607
0.38761
0.387623
0.387631
0.387634
0.38765
0.387674
0.387705
0.387706
0.387716
0.387726
0.387731
0.387748
0.38775
0.387765
0.387767
0.38777
0.387771
0.387773
0.387775
0.387777
0.387784
0.38779
0.387801
0.387804
0.387807
0.38781
0.38783
0.387831
0.387831
0.387835
0.387841
0.387841
0.387844
0.387844
0.387854
0.387866
0.38787
0.387881
0.387897
0.387904
0.38791
0.387917
0.38792
0.387951
0.387954
0.387978
0.387987
0.387988
0.387991
0.388001
0.388008
0.38801
0.388024
0.388027
0.388031
0.388034
0.388038
0.388039
0.388044
0.388061
0.38808
0.388091
0.388094
0.38811
0.38812
0.388125
0.38813
0.388138
0.388156
0.388163
0.38818
0.388184
0.388185
0.388186
0.388193
0.388193
0.388194
0.388194
0.388198
0.388201
0.388203
0.388206
0.388217
0.388217
0.388218
0.388224
0.388236
0.38826
0.388267
0.38827
0.388277
0.388287
0.388291
0.388303
0.388308
0.388308
0.388318
0.388323
0.38833
0.388344
0.388347
0.38836
0.388361
0.388361
0.388374
0.388397
0.38842
0.388421
0.388424
0.388433
0.388447
0.38845
0.38846
0.388468
0.388471
0.38849
0.388491
0.38852
0.388521
0.388528
0.388545
0.38855
0.388606
0.388617
0.388623
0.388628
0.38863
0.388637
0.388647
0.388664
0.388667
0.388674
0.388674
0.388677
0.388683
0.388693
0.388694
0.388698
0.3887
0.388713
0.388731
0.388734
0.388744
0.388757
0.388773
0.38878
0.3888
0.388808
0.388817
0.388823
0.388827
0.388836
0.38884
0.38885
0.38885
0.38886
0.388863
0.388864
0.388868
0.388874
0.38888
0.388894
0.388897
0.388911
0.388933
0.38894
0.388943
0.388947
0.38895
0.388951
0.388958
0.38896
0.388962
0.388971
0.388977
0.38899
0.388997
0.389007
0.389008
0.389038
0.38904
0.389041
0.389051
0.389054
0.389054
0.389064
0.389068
0.389074
0.389094
0.389098
0.389101
0.389111
0.38912
0.389121
0.389127
0.389134
0.389153
0.389153
0.389156
0.389163
0.389173
0.389184
0.389187
0.389196
0.389203
0.38921
0.389211
0.389216
0.389244
0.389244
0.389247
0.389256
0.389261
0.389268
0.389271
0.389274
0.389286
0.389286
0.389311
0.38933
0.389331
0.389332
0.38934
0.389345
0.389347
0.389347
0.389348
0.389361
0.38938
0.38938
0.389384
0.389388
0.38939
0.389424
0.389427
0.38943
0.38944
0.38944
0.38945
0.389455
0.38946
0.38946
0.389467
0.389468
0.389474
0.389486
0.389491
0.389498
0.389524
0.389534
0.389541
0.389544
0.38955
0.389554
0.38956
0.389563
0.389564
0.389564
0.389571
0.38958
0.389604
0.389606
0.38961
0.389613
0.389618
0.389623
0.389628
0.38963
0.389633
0.389637
0.38964
0.38967
0.389677
0.389681
0.389687
0.389708
0.38971
0.389716
0.389724
0.389727
0.389733
0.389734
0.38975
0.389756
0.38976
0.38977
0.389776
0.389783
0.389791
0.389798
0.3898
0.3898
0.389806
0.389814
0.389817
0.389818
0.389824
0.389831
0.389833
0.389851
0.389854
0.389854
0.389857
0.389858
0.389864
0.389864
0.389874
0.389885
0.389886
0.389894
0.389917
0.38992
0.389927
0.389934
0.389944
0.389944
0.389974
0.39
0.39
0.390014
0.390037
0.390041
0.390044
0.390057
0.39007
0.39007
0.39008
0.390083
0.390084
0.390088
0.390097
0.390117
0.390125
0.390137
0.390143
0.390147
0.390153
0.390158
0.390168
0.390177
0.390177
0.39019
0.390194
0.390194
0.3902
0.390203
0.39021
0.390217
0.39022
0.390226
0.390227
0.390237
0.390253
0.390264
0.390266
0.39027
0.39027
0.390287
0.390288
0.390294
0.390296
0.3903
0.390303
0.390311
0.390317
0.390325
0.390332
0.390337
0.39034
0.390348
0.390364
0.39037
0.39038
0.390381
0.390381
0.390388
0.390421
0.390423
0.390427
0.390433
0.390453
0.390464
0.390467
0.390468
0.39047
0.390471
0.390486
0.390497
0.390518
0.390525
0.390527
0.390527
0.390533
0.390537
0.390541
0.390544
0.390546
0.390567
0.390577
0.39058
0.390581
0.39059
0.39059
0.390597
0.390603
0.39061
0.390621
0.390627
0.39064
0.39064
0.390641
0.390645
0.390657
0.390657
0.390658
0.39066
0.390664
0.390668
0.39067
0.390704
0.390715
0.390731
0.390731
0.390733
0.390737
0.390741
0.39075
0.39075
0.390752
0.390776
0.390791
0.390794
0.3908
0.390807
0.390831
0.390833
0.390843
0.390847
0.390853
0.390857
0.390857
0.39086
0.390863
0.390871
0.390873
0.39088
0.390882
0.390883
0.390887
0.390906
0.39091
0.39091
0.390914
0.390915
0.390917
0.390917
0.390917
0.390947
0.390953
0.39096
0.390974
0.390976
0.390991
0.390993
0.390994
0.391005
0.39101
0.391011
0.391024
0.391024
0.391026
0.391027
0.391031
0.391066
0.391067
0.39108
0.391097
0.391097
0.391101
0.391107
0.391114
0.391117
0.391123
0.391125
0.391137
0.391137
0.391141
0.391151
0.39116
0.391166
0.39117
0.391181
0.391191
0.391195
0.391197
0.391203
0.39122
0.391232
0.391236
0.391254
0.391264
0.391276
0.39129
0.391297
0.391307
0.391307
0.391324
0.391327
0.39134
0.391344
0.39135
0.391351
0.391357
0.39136
0.391376
0.391383
0.391388
0.391403
0.391423
0.391433
0.391434
0.391441
0.39146
0.39146
0.391463
0.391474
0.39148
0.391483
0.391487
0.391491
0.391491
0.391494
0.391498
0.391507
0.391517
0.39152
0.391527
0.391534
0.391534
0.39154
0.391541
0.39155
0.39155
0.391554
0.39156
0.391563
0.391563
0.39157
0.391573
0.391574
0.39158
0.391586
0.391587
0.391608
0.391618
0.391618
0.391624
0.391627
0.391627
0.391631
0.391643
0.391647
0.391663
0.39167
0.391673
0.391681
0.391687
0.391694
0.3917
0.391703
0.391704
0.391707
0.391707
0.391714
0.391714
0.391727
0.391733
0.391744
0.391747
0.391751
0.391754
0.391764
0.391764
0.391764
0.391764
0.391766
0.39178
0.391781
0.391784
0.3918
0.391801
0.391807
0.39181
0.391821
0.391826
0.391834
0.391844
0.391847
0.391854
0.391859
0.391863
0.391867
0.391872
0.391874
0.391877
0.391877
0.391881
0.391884
0.391884
0.391897
0.391898
0.391924
0.39193
0.391931
0.391938
0.391953
0.391958
0.391964
0.391968
0.391977
0.391981
0.392
0.392001
0.392017
0.392021
0.392021
0.392031
0.392034
0.392037
0.392043
0.392045
0.392053
0.392053
0.392056
0.392057
0.392071
0.392074
0.392074
0.39208
0.392084
0.392116
0.39212
0.392123
0.39213
0.392131
0.392134
0.392151
0.392154
0.392167
0.392173
0.392178
0.392184
0.39219
0.392197
0.3922
0.392201
0.39221
0.392215
0.392221
0.392223
0.39223
0.392256
0.392267
0.39227
0.392271
0.392277
0.392298
0.392314
0.392314
0.392316
0.392342
0.392351
0.392363
0.392363
0.392364
0.392367
0.39237
0.39237
0.392371
0.392377
0.392377
0.392384
0.392387
0.392388
0.392393
0.392393
0.392404
0.392426
0.392427
0.392436
0.39244
0.392441
0.392443
0.392461
0.392484
0.392491
0.392497
0.392501
0.392514
0.39252
0.392531
0.392533
0.392537
0.392538
0.392541
0.392544
0.392547
0.39255
0.392573
0.392588
0.392588
0.392591
0.392607
0.39261
0.392614
0.392631
0.392634
0.392637
0.39264
0.392643
0.392646
0.392647
0.39265
0.39265
0.392658
0.392664
0.392664
0.392671
0.392671
0.392677
0.392697
0.392704
0.392708
0.392714
0.392715
0.392717
0.392724
0.392737
0.392738
0.392741
0.392744
0.392744
0.39276
0.39276
0.392761
0.392771
0.392774
0.39278
0.392784
0.3928
0.39281
0.392811
0.392817
0.392818
0.392827
0.39283
0.392846
0.392848
0.39285
0.392858
0.392861
0.392863
0.392867
0.392868
0.39287
0.392873
0.392874
0.392877
0.392884
0.392891
0.392891
0.392895
0.392897
0.392907
0.392913
0.392927
0.392931
0.392936
0.39294
0.392947
0.392957
0.392986
0.392987
0.393011
0.393017
0.393018
0.39302
0.393024
0.393024
0.39304
0.393056
0.393057
0.393057
0.393066
0.393071
0.393077
0.393087
0.393091
0.393107
0.39311
0.393117
0.393121
0.39313
0.393137
0.393143
0.393147
0.39315
0.393157
0.393157
0.393174
0.393183
0.393195
0.393203
0.393214
0.393217
0.393244
0.393254
0.393254
0.393258
0.39326
0.393266
0.39327
0.393277
0.393277
0.39329
0.393292
0.393294
0.393296
0.393305
0.393307
0.393341
0.393347
0.39335
0.393357
0.393365
0.393367
0.393367
0.39338
0.393387
0.39339
0.393391
0.393397
0.393397
0.393397
0.393404
0.393404
0.393427
0.393428
0.393434
0.393434
0.393448
0.393453
0.393473
0.393474
0.393474
0.393474
0.393486
0.393487
0.39349
0.393491
0.393497
0.393504
0.393507
0.393513
0.393514
0.393524
0.393537
0.39354
0.393541
0.39355
0.39356
0.393565
0.393568
0.393581
0.393584
0.39359
0.393601
0.393606
0.393607
0.393611
0.393618
0.393618
0.393634
0.39364
0.393657
0.393657
0.39366
0.393667
0.393678
0.393705
0.39371
0.393717
0.39372
0.393723
0.393724
0.393726
0.393727
0.39375
0.393767
0.393784
0.393788
0.393794
0.393797
0.393801
0.393816
0.393816
0.393823
0.39383
0.393833
0.39387
0.393873
0.393874
0.393877
0.393879
0.393881
0.393881
0.393887
0.393891
0.393894
0.3939
0.393903
0.393911
0.393913
0.393914
0.393916
0.39392
0.39392
0.39393
0.393935
0.39394
0.393953
0.393955
0.393958
0.39396
0.39396
0.393964
0.393971
0.393977
0.394004
0.394007
0.39401
0.394017
0.394017
0.394033
0.394034
0.39404
0.394044
0.394051
0.394053
0.394055
0.39408
0.394094
0.394097
0.394097
0.394101
0.394101
0.394107
0.394117
0.394123
0.394124
0.39413
0.394133
0.394134
0.39414
0.394144
0.394157
0.394157
0.394157
0.39418
0.394184
0.394184
0.394187
0.394194
0.394194
0.394205
0.39421
0.394217
0.394217
0.394226
0.394228
0.39424
0.394247
0.394257
0.394257
0.394257
0.394258
0.394259
0.394268
0.394268
0.39427
0.394271
0.394278
0.394281
0.39429
0.39431
0.394323
0.394331
0.394347
0.394351
0.394367
0.394371
0.394371
0.394387
0.394391
0.394397
0.3944
0.394407
0.394414
0.394417
0.394424
0.39443
0.394438
0.394454
0.394474
0.394481
0.394487
0.394494
0.394511
0.394517
0.394518
0.394523
0.394524
0.394526
0.394537
0.394537
0.394537
0.394547
0.394555
0.394561
0.394565
0.394577
0.394577
0.394584
0.394584
0.39459
0.394593
0.394611
0.394624
0.39463
0.394645
0.394645
0.394647
0.394653
0.394654
0.39466
0.39466
0.394662
0.394664
0.394678
0.394687
0.394717
0.39472
0.394724
0.394735
0.394737
0.394737
0.394744
0.394764
0.394771
0.394803
0.39482
0.394833
0.394836
0.394838
0.394846
0.394854
0.394858
0.394863
0.394864
0.39488
0.394882
0.394884
0.394885
0.394896
0.394903
0.394911
0.394923
0.39494
0.39495
0.39495
0.394956
0.394964
0.394968
0.394973
0.394973
0.394977
0.394978
0.394994
0.394994
0.394997
0.394997
0.395008
0.395011
0.395014
0.395016
0.395027
0.395027
0.395027
0.395027
0.39504
0.395064
0.395068
0.395074
0.395074
0.395077
0.3951
0.395107
0.395107
0.395124
0.395126
0.395135
0.395147
0.395154
0.395167
0.395171
0.395174
0.395175
0.395177
0.39518
0.39518
0.395181
0.395184
0.395204
0.395211
0.395218
0.39522
0.395228
0.395231
0.395231
0.395231
0.395233
0.395241
0.395243
0.395255
0.395256
0.395263
0.395263
0.395268
0.395274
0.3953
0.395303
0.395313
0.395321
0.395328
0.395334
0.395335
0.395337
0.39534
0.39535
0.395351
0.395354
0.395361
0.395365
0.395367
0.39539
0.395403
0.395403
0.395406
0.39541
0.395416
0.39543
0.395433
0.395434
0.395447
0.395464
0.395468
0.39547
0.395473
0.395475
0.395476
0.395494
0.395497
0.395503
0.395508
0.395508
0.395514
0.395526
0.395547
0.395557
0.395557
0.395557
0.395588
0.395601
0.39561
0.395614
0.395635
0.395643
0.395644
0.39565
0.395654
0.395657
0.39566
0.395661
0.395661
0.395664
0.395664
0.395674
0.39568
0.39569
0.39569
0.395691
0.395694
0.395704
0.395704
0.395706
0.395718
0.395727
0.395728
0.395738
0.39575
0.395751
0.395754
0.395758
0.395768
0.395786
0.395787
0.39579
0.395791
0.395796
0.395801
0.395813
0.39582
0.395834
0.39585
0.39586
0.395864
0.395877
0.395877
0.395878
0.395884
0.395891
0.395907
0.395914
0.395917
0.395934
0.39594
0.39594
0.395942
0.395961
0.395967
0.395971
0.395981
0.395984
0.395991
0.396
0.396001
0.396004
0.396007
0.396024
0.39603
0.396031
0.396038
0.396044
0.39605
0.396084
0.396091
0.396091
0.396094
0.396113
0.396116
0.39612
0.396127
0.39613
0.396141
0.396144
0.396156
0.396157
0.39616
0.396167
0.396175
0.39618
0.396184
0.39619
0.396197
0.396198
0.396201
0.396204
0.396206
0.39621
0.39621
0.396237
0.39624
0.396251
0.39626
0.39627
0.396273
0.396278
0.39628
0.39628
0.39628
0.39629
0.396297
0.396303
0.39632
0.39632
0.396321
0.396331
0.396351
0.39636
0.396371
0.396376
0.396377
0.396398
0.39642
0.39643
0.396433
0.396434
0.396436
0.396437
0.396438
0.396441
0.396446
0.396447
0.396448
0.39646
0.39646
0.396468
0.39648
0.396483
0.39649
0.396494
0.396498
0.3965
0.396504
0.396511
0.396517
0.396521
0.396523
0.396524
0.396524
0.396541
0.396544
0.396551
0.396554
0.39656
0.396567
0.396583
0.396584
0.396587
0.396587
0.396588
0.396591
0.396594
0.396601
0.39661
0.396621
0.396623
0.396624
0.396633
0.396637
0.396653
0.39666
0.396664
0.396664
0.396668
0.39667
0.396681
0.396684
0.396686
0.396697
0.396698
0.396731
0.39674
0.39674
0.396744
0.396744
0.396746
0.396751
0.396753
0.396753
0.396761
0.396763
0.396764
0.396767
0.396767
0.39677
0.396774
0.396774
0.396778
0.396781
0.396791
0.396807
0.396823
0.396825
0.396834
0.396836
0.39685
0.396854
0.39686
0.396863
0.396868
0.39687
0.396873
0.396875
0.396881
0.396883
0.396901
0.396904
0.396908
0.39691
0.396911
0.396913
0.39692
0.39692
0.396926
0.396934
0.39694
0.396944
0.396947
0.39695
0.396957
0.39696
0.396966
0.396974
0.396983
0.396991
0.396994
0.397007
0.39702
0.397025
0.397027
0.397038
0.397043
0.397044
0.39706
0.397067
0.39707
0.397073
0.397077
0.397094
0.397101
0.397107
0.397113
0.397114
0.397117
0.397144
0.397148
0.39715
0.39716
0.39718
0.397181
0.397186
0.397207
0.397226
0.397226
0.397227
0.39723
0.397234
0.397243
0.397248
0.397274
0.397283
0.397296
0.397296
0.39731
0.397313
0.397333
0.397344
0.397348
0.397351
0.397355
0.397357
0.39736
0.39736
0.397363
0.397371
0.39738
0.39738
0.397387
0.397397
0.3974
0.397404
0.397404
0.397433
0.397434
0.397447
0.397448
0.39745
0.397451
0.39746
0.397461
0.397461
0.397467
0.397474
0.397491
0.397494
0.397494
0.397504
0.39751
0.397513
0.397524
0.397534
0.397543
0.397566
0.39757
0.397577
0.397577
0.397578
0.397597
0.3976
0.397603
0.397607
0.397613
0.397614
0.397625
0.397634
0.397636
0.397643
0.39766
0.397677
0.397694
0.3977
0.3977
0.3977
0.397754
0.397754
0.397758
0.397774
0.397784
0.397794
0.397811
0.397813
0.397828
0.39783
0.39783
0.397844
0.397848
0.397853
0.397877
0.397877
0.39789
0.397893
0.397897
0.397904
0.39791
0.397917
0.397927
0.397928
0.397931
0.397936
0.397944
0.397947
0.397957
0.397964
0.39797
0.397977
0.39799
0.398007
0.398016
0.398017
0.398018
0.398027
0.398031
0.398031
0.398033
0.398054
0.398063
0.398067
0.398068
0.39807
0.398084
0.398087
0.398091
0.398093
0.398097
0.398104
0.398104
0.398131
0.398131
0.398135
0.398151
0.398171
0.398173
0.398176
0.398187
0.398191
0.398193
0.398197
0.398224
0.398228
0.39823
0.398231
0.398234
0.398235
0.398241
0.398247
0.39825
0.39825
0.398251
0.398254
0.398257
0.398264
0.398267
0.39827
0.398274
0.398278
0.398284
0.398317
0.398325
0.398327
0.398328
0.398357
0.398361
0.398361
0.398364
0.398364
0.398367
0.398375
0.398383
0.398401
0.398407
0.398436
0.398441
0.398444
0.398444
0.398451
0.398458
0.398471
0.398473
0.398481
0.398487
0.398506
0.398511
0.398523
0.398525
0.398527
0.398537
0.39854
0.398541
0.398545
0.398553
0.398554
0.398577
0.398581
0.398594
0.398597
0.3986
0.3986
0.39863
0.398634
0.398641
0.398646
0.398651
0.398655
0.398667
0.398674
0.398676
0.398703
0.39872
0.398721
0.398727
0.398731
0.398735
0.398737
0.398754
0.398755
0.398757
0.398775
0.398777
0.398777
0.398784
0.398817
0.398823
0.398827
0.398848
0.39885
0.398861
0.398861
0.398877
0.398883
0.398925
0.398933
0.398947
0.398958
0.398964
0.398964
0.398964
0.398978
0.398987
0.399004
0.399004
0.399013
0.399014
0.399024
0.399027
0.39903
0.399031
0.399044
0.399057
0.39906
0.39907
0.399071
0.399074
0.399079
0.399087
0.399097
0.3991
0.399103
0.399108
0.39911
0.399114
0.399117
0.399121
0.399123
0.399128
0.399128
0.39913
0.399133
0.399134
0.399137
0.399137
0.399145
0.399147
0.399151
0.39916
0.399166
0.399166
0.399173
0.399177
0.399184
0.399203
0.399203
0.399206
0.399213
0.399233
0.39924
0.399241
0.399255
0.399257
0.399264
0.399274
0.399278
0.399281
0.399304
0.399335
0.399344
0.399347
0.399351
0.399364
0.399377
0.399391
0.399414
0.399417
0.399423
0.399424
0.39943
0.399431
0.39944
0.399444
0.399448
0.39945
0.399454
0.399454
0.399455
0.39946
0.39946
0.399461
0.399468
0.399471
0.399474
0.399477
0.399485
0.399487
0.399494
0.399497
0.399497
0.399513
0.399527
0.39954
0.399544
0.39957
0.39957
0.399574
0.39958
0.39958
0.399585
0.399587
0.399593
0.399593
0.399613
0.399616
0.399617
0.399628
0.39964
0.399643
0.399644
0.399651
0.399674
0.399677
0.399678
0.399681
0.399681
0.399683
0.399694
0.399698
0.399703
0.399704
0.399707
0.399723
0.399724
0.399733
0.399733
0.39974
0.399745
0.399746
0.39975
0.399765
0.399781
0.399787
0.399787
0.399787
0.399794
0.399797
0.399804
0.399807
0.399807
0.39981
0.399814
0.39983
0.399834
0.399836
0.399841
0.399847
0.399848
0.399851
0.399854
0.399854
0.39986
0.399864
0.399866
0.399872
0.399874
0.399877
0.399877
0.39989
0.399907
0.399917
0.399951
0.399954
0.39996
0.399961
0.39997
0.399975
0.399976
0.399984
0.399988
0.399997
0.4
0.400003
0.400007
0.400007
0.400007
0.40001
0.400016
0.400028
0.400033
0.400034
0.40004
0.400047
0.400048
0.40005
0.40005
0.400053
0.400067
0.40007
0.40007
0.400077
0.40008
0.400083
0.400083
0.400083
0.400087
0.400097
0.400104
0.400105
0.400111
0.400131
0.400136
0.400144
0.400147
0.40015
0.400151
0.400163
0.400163
0.400164
0.40017
0.400174
0.400183
0.40019
0.400198
0.400211
0.40022
0.400237
0.400237
0.400244
0.400249
0.40025
0.400254
0.400264
0.400271
0.400291
0.40031
0.400311
0.400313
0.400317
0.400336
0.400337
0.400363
0.400364
0.400365
0.400371
0.400374
0.400386
0.400387
0.400393
0.400394
0.400397
0.400406
0.400407
0.400423
0.400424
0.400433
0.400444
0.40045
0.400453
0.400467
0.40047
0.400481
0.400497
0.4005
0.400511
0.400517
0.400541
0.400546
0.400564
0.400567
0.400581
0.4006
0.400607
0.400623
0.400641
0.400647
0.400653
0.400653
0.40066
0.40066
0.400664
0.40067
0.400676
0.400689
0.400691
0.400691
0.400691
0.400707
0.40071
0.400713
0.400726
0.400727
0.40073
0.400734
0.400737
0.40074
0.400743
0.400747
0.40075
0.400764
0.400775
0.400777
0.400784
0.40079
0.400796
0.400807
0.400807
0.400834
0.40086
0.400871
0.400883
0.400885
0.400893
0.400903
0.400913
0.40092
0.40092
0.400933
0.400938
0.40095
0.40095
0.40095
0.400964
0.40097
0.400978
0.40098
0.400994
0.400998
0.401001
0.401004
0.401016
0.401024
0.401031
0.401037
0.40104
0.401047
0.401051
0.401054
0.401058
0.401067
0.40108
0.401084
0.401104
0.401111
0.401113
0.401127
0.401137
0.401137
0.401137
0.40114
0.40114
0.401144
0.401153
0.401154
0.401158
0.401161
0.40117
0.401177
0.40118
0.401184
0.40119
0.401191
0.4012
0.401204
0.401244
0.401244
0.401253
0.401261
0.401264
0.401268
0.401268
0.401277
0.401277
0.401283
0.401287
0.401301
0.40132
0.40132
0.401321
0.401323
0.401327
0.401328
0.401328
0.40133
0.401344
0.401355
0.401356
0.401361
0.401363
0.401368
0.401373
0.401391
0.401393
0.401395
0.401403
0.40141
0.401417
0.401423
0.401427
0.401444
0.401453
0.401463
0.401474
0.401484
0.401495
0.401497
0.4015
0.401503
0.40152
0.40152
0.401541
0.40155
0.401554
0.401561
0.401568
0.401573
0.40158
0.401586
0.401588
0.401591
0.401593
0.401598
0.401614
0.401628
0.401631
0.401645
0.401647
0.401647
0.401648
0.401667
0.401681
0.401688
0.401693
0.401703
0.401704
0.401705
0.401723
0.401724
0.401744
0.40175
0.401753
0.401754
0.401757
0.401761
0.401767
0.401787
0.401794
0.401805
0.401807
0.40183
0.401834
0.401847
0.401847
0.401851
0.401855
0.401864
0.40187
0.40188
0.40189
0.401891
0.401897
0.401901
0.401903
0.401908
0.401913
0.401917
0.40192
0.401921
0.401924
0.40193
0.40196
0.401971
0.401978
0.40198
0.401984
0.401987
0.402005
0.402017
0.402021
0.402024
0.402025
0.40204
0.40204
0.402044
0.40206
0.40207
0.40207
0.402074
0.402083
0.40209
0.40209
0.402094
0.402104
0.402121
0.402132
0.40214
0.40214
0.402143
0.402144
0.402154
0.402154
0.402167
0.40217
0.40217
0.402177
0.402177
0.40218
0.402187
0.402187
0.40219
0.402204
0.402217
0.40223
0.402231
0.40224
0.402244
0.402254
0.402257
0.402261
0.402264
0.402267
0.40227
0.402288
0.402297
0.402297
0.402306
0.402311
0.40232
0.402328
0.402331
0.402333
0.402334
0.402354
0.40236
0.402361
0.402368
0.40237
0.40238
0.40238
0.402381
0.402397
0.402407
0.40241
0.402421
0.40243
0.40243
0.402431
0.402437
0.402437
0.402443
0.402448
0.402454
0.402454
0.402467
0.40248
0.402483
0.402487
0.402488
0.402494
0.402504
0.402507
0.402534
0.402537
0.402544
0.402557
0.402557
0.402558
0.40256
0.402567
0.40257
0.402576
0.402587
0.402591
0.402593
0.402593
0.402597
0.402601
0.402603
0.402617
0.402618
0.402623
0.402633
0.40265
0.402656
0.402678
0.40268
0.40268
0.402681
0.402714
0.402714
0.402724
0.402728
0.402733
0.40275
0.40275
0.402757
0.402783
0.402784
0.402784
0.402787
0.402793
0.402796
0.4028
0.402801
0.402808
0.402811
0.402814
0.402817
0.402818
0.402834
0.402841
0.402846
0.402847
0.402851
0.402854
0.40286
0.402861
0.402864
0.402864
0.402867
0.402871
0.402873
0.402873
0.402876
0.402877
0.402881
0.402888
0.402906
0.402927
0.402927
0.402931
0.402931
0.40294
0.402944
0.402951
0.402955
0.402963
0.402964
0.402967
0.402975
0.402977
0.402993
0.403003
0.403016
0.403018
0.40302
0.403037
0.403043
0.403047
0.403054
0.403057
0.40306
0.403064
0.40307
0.403073
0.403078
0.403084
0.403085
0.403091
0.403094
0.4031
0.4031
0.403123
0.403126
0.40315
0.403154
0.40316
0.403161
0.403164
0.403177
0.403178
0.403181
0.40319
0.403197
0.4032
0.40322
0.403226
0.403236
0.403237
0.40324
0.403243
0.40325
0.403257
0.403266
0.40327
0.40327
0.40327
0.403271
0.403288
0.40332
0.403327
0.40333
0.403343
0.403344
0.403383
0.403391
0.403394
0.403406
0.40342
0.40343
0.40343
0.40344
0.403443
0.403473
0.403483
0.403483
0.403484
0.403493
0.403494
0.403494
0.403498
0.403499
0.403503
0.403504
0.403505
0.40353
0.403535
0.403544
0.403558
0.40356
0.40356
0.403567
0.403567
0.403577
0.403581
0.403581
0.40359
0.40359
0.403593
0.4036
0.403624
0.403637
0.403647
0.403648
0.40365
0.403651
0.403654
0.40366
0.403664
0.403664
0.403676
0.40369
0.403694
0.403704
0.40371
0.403713
0.403714
0.40372
0.403721
0.403721
0.403734
0.403734
0.403738
0.40374
0.403744
0.403757
0.403758
0.403761
0.403767
0.40377
0.403771
0.40379
0.403808
0.403817
0.403818
0.40382
0.403834
0.403854
0.403857
0.403861
0.403871
0.403884
0.403884
0.403886
0.403904
0.403904
0.403914
0.40392
0.403927
0.403941
0.403944
0.403947
0.403954
0.403955
0.403957
0.403958
0.403967
0.403968
0.403977
0.403984
0.404003
0.404004
0.404021
0.404024
0.404028
0.40404
0.404044
0.404044
0.40407
0.404077
0.404083
0.404084
0.404084
0.404094
0.404097
0.404097
0.4041
0.404104
0.404106
0.404124
0.40414
0.404143
0.404158
0.404158
0.404174
0.404176
0.404177
0.404177
0.404186
0.40419
0.404204
0.404213
0.404221
0.404227
0.404231
0.404253
0.404254
0.404254
0.404256
0.404256
0.40426
0.404292
0.404307
0.404317
0.404333
0.404334
0.404344
0.404344
0.404354
0.404356
0.404358
0.40436
0.40437
0.404371
0.40439
0.4044
0.404401
0.404403
0.404404
0.404406
0.404407
0.404411
0.404414
0.404423
0.404423
0.40443
0.404434
0.404447
0.404453
0.404454
0.404458
0.404474
0.404481
0.404507
0.404507
0.404524
0.404533
0.40454
0.404547
0.40455
0.404561
0.404563
0.404573
0.404577
0.404587
0.404587
0.40459
0.404591
0.404607
0.40461
0.40461
0.404621
0.404624
0.404625
0.404627
0.404627
0.404631
0.404634
0.404634
0.404638
0.404647
0.404655
0.404657
0.404663
0.404664
0.404671
0.404684
0.40469
0.404691
0.404694
0.404697
0.404704
0.404708
0.404713
0.404717
0.404727
0.404727
0.404731
0.404733
0.404748
0.404753
0.404767
0.404768
0.404777
0.404781
0.404786
0.404788
0.404804
0.404804
0.404811
0.404817
0.40482
0.404824
0.404824
0.404827
0.404831
0.404841
0.404844
0.404847
0.404855
0.40486
0.404884
0.404886
0.404893
0.404897
0.404914
0.404924
0.404924
0.40494
0.40496
0.40497
0.40498
0.404997
0.405003
0.405013
0.405024
0.405028
0.405034
0.405053
0.405061
0.405064
0.405073
0.405076
0.405081
0.405094
0.405097
0.405097
0.405104
0.405118
0.40513
0.405135
0.40514
0.405141
0.40515
0.405154
0.405164
0.40517
0.405184
0.405184
0.4052
0.405203
0.405207
0.405207
0.40521
0.405218
0.40523
0.405231
0.405234
0.405237
0.405247
0.405259
0.405268
0.405276
0.405277
0.40528
0.405283
0.405284
0.405293
0.405294
0.405294
0.405297
0.405303
0.40531
0.40532
0.405323
0.405324
0.40533
0.405343
0.405354
0.405354
0.405381
0.40539
0.40539
0.40539
0.405391
0.405391
0.405397
0.405397
0.405398
0.405413
0.405414
0.40542
0.405421
0.405423
0.405424
0.405427
0.405431
0.405433
0.405437
0.40545
0.405454
0.405477
0.405477
0.405491
0.405497
0.4055
0.405504
0.405524
0.405528
0.405537
0.405543
0.40555
0.405564
0.405567
0.405571
0.405575
0.405587
0.4056
0.405611
0.40562
0.405637
0.405647
0.405653
0.405656
0.40568
0.40568
0.405681
0.405686
0.405687
0.405687
0.405694
0.405695
0.405697
0.4057
0.40571
0.40571
0.405713
0.405717
0.405737
0.405738
0.405746
0.405757
0.40576
0.405763
0.405771
0.405773
0.405784
0.40579
0.405794
0.405798
0.405814
0.405817
0.405828
0.405834
0.40584
0.405843
0.405843
0.405856
0.405861
0.405863
0.405876
0.40588
0.40588
0.405884
0.405891
0.40591
0.405911
0.405923
0.405923
0.405938
0.40594
0.405941
0.405944
0.405947
0.405947
0.405947
0.405958
0.40596
0.405964
0.405977
0.40598
0.406001
0.406021
0.406024
0.406024
0.406031
0.406031
0.40604
0.406051
0.406056
0.406063
0.40607
0.406074
0.406074
0.406092
0.406097
0.406101
0.40611
0.406124
0.40613
0.40613
0.406143
0.406144
0.406144
0.406164
0.406167
0.406175
0.40618
0.40618
0.406181
0.406184
0.40619
0.40619
0.406191
0.406197
0.4062
0.4062
0.4062
0.406227
0.406231
0.406256
0.406268
0.40627
0.406277
0.406278
0.40628
0.406283
0.406294
0.406297
0.406308
0.40632
0.40632
0.406324
0.40633
0.406333
0.406337
0.406344
0.406354
0.406367
0.406374
0.406377
0.406378
0.406387
0.406397
0.406401
0.406407
0.406411
0.406414
0.406443
0.406447
0.406464
0.406471
0.406478
0.406491
0.406503
0.406506
0.406508
0.406517
0.406526
0.406534
0.406537
0.406553
0.406554
0.406563
0.406566
0.40657
0.40657
0.406571
0.40659
0.4066
0.406607
0.406623
0.406627
0.40663
0.406641
0.40665
0.40665
0.406667
0.406684
0.406687
0.406694
0.406704
0.406721
0.406724
0.406725
0.40673
0.406731
0.406733
0.406733
0.406737
0.406741
0.406741
0.406744
0.406747
0.406754
0.406754
0.406757
0.40676
0.406764
0.406764
0.406774
0.406776
0.406777
0.40678
0.406787
0.406791
0.406793
0.406803
0.406804
0.406805
0.40681
0.406821
0.406827
0.406834
0.406843
0.40688
0.4069
0.4069
0.406904
0.406904
0.406913
0.40693
0.406938
0.406941
0.406961
0.406963
0.406963
0.406967
0.406967
0.406971
0.40698
0.406992
0.406997
0.407001
0.407007
0.407017
0.407017
0.407027
0.407027
0.40703
0.40704
0.40704
0.407043
0.407044
0.407061
0.407077
0.40708
0.407084
0.407097
0.407111
0.407124
0.407131
0.407138
0.40714
0.407144
0.407147
0.40715
0.407157
0.407161
0.407164
0.407166
0.407167
0.407174
0.407174
0.407177
0.407178
0.407183
0.407183
0.407187
0.407191
0.407206
0.407207
0.407221
0.407224
0.407226
0.407237
0.40725
0.407266
0.40727
0.407273
0.407287
0.4073
0.407304
0.407304
0.407308
0.40731
0.407314
0.40733
0.40733
0.407333
0.407357
0.407363
0.407366
0.407377
0.407386
0.407387
0.407388
0.407388
0.40739
0.407393
0.407404
0.407407
0.407413
0.407414
0.407414
0.407417
0.407421
0.407421
0.407438
0.407445
0.407451
0.407493
0.407497
0.4075
0.407505
0.40751
0.407527
0.407534
0.407543
0.407546
0.40755
0.407553
0.40756
0.407567
0.407567
0.407568
0.407568
0.407574
0.40758
0.407583
0.407584
0.407587
0.407597
0.407614
0.40763
0.407634
0.407644
0.407651
0.407654
0.407655
0.407657
0.40766
0.407664
0.407668
0.407681
0.407683
0.407683
0.407687
0.40769
0.407697
0.407698
0.407711
0.40773
0.40773
0.407734
0.407734
0.40774
0.407743
0.407745
0.40775
0.407771
0.407774
0.4078
0.4078
0.407814
0.40784
0.407846
0.40785
0.407855
0.407863
0.407875
0.40788
0.407884
0.40789
0.407897
0.407914
0.407924
0.407928
0.407937
0.407937
0.407941
0.407954
0.407954
0.40796
0.40796
0.407963
0.407964
0.407965
0.407966
0.40798
0.407984
0.407994
0.40801
0.408021
0.408034
0.408044
0.408046
0.408046
0.408047
0.408047
0.408051
0.408054
0.408057
0.408061
0.408065
0.408077
0.4081
0.408106
0.408112
0.408116
0.40812
0.408128
0.408141
0.40817
0.408171
0.408171
0.408183
0.408187
0.408187
0.408187
0.408207
0.408208
0.408213
0.408228
0.408228
0.40823
0.408233
0.408264
0.408267
0.4083
0.408334
0.408343
0.408348
0.408365
0.408367
0.408381
0.408391
0.408398
0.40841
0.408421
0.408437
0.408437
0.408438
0.408448
0.408451
0.40846
0.408471
0.4085
0.408501
0.408511
0.408517
0.408533
0.40855
0.408553
0.408553
0.408557
0.408563
0.408564
0.408565
0.408582
0.408601
0.408607
0.408614
0.408617
0.408621
0.408621
0.408634
0.408636
0.408638
0.408647
0.408654
0.408657
0.40866
0.408664
0.40867
0.408677
0.408707
0.408714
0.40872
0.40872
0.408731
0.408744
0.408744
0.40875
0.408753
0.408766
0.408787
0.40879
0.408798
0.408803
0.408831
0.408834
0.408857
0.40886
0.408874
0.408881
0.408894
0.408897
0.408967
0.40897
0.409003
0.409013
0.409046
0.40905
0.409057
0.409061
0.409073
0.409074
0.409083
0.409084
0.409091
0.409101
0.409104
0.409105
0.409106
0.409118
0.409121
0.409126
0.409127
0.409134
0.409136
0.409147
0.40915
0.409155
0.40916
0.409161
0.409177
0.409181
0.409194
0.409194
0.409198
0.409205
0.409227
0.409251
0.40926
0.409264
0.40927
0.40927
0.409308
0.409317
0.409317
0.40932
0.409323
0.40933
0.409331
0.409334
0.409354
0.409356
0.409357
0.409377
0.409388
0.409397
0.4094
0.409401
0.409403
0.409414
0.409427
0.409444
0.409461
0.40947
0.409471
0.409473
0.409474
0.409486
0.409488
0.409501
0.409504
0.409513
0.409517
0.40954
0.409541
0.409544
0.409557
0.409574
0.409581
0.40959
0.409595
0.40961
0.409614
0.409617
0.409646
0.409648
0.409707
0.409724
0.409727
0.409731
0.409747
0.409751
0.40976
0.409761
0.40977
0.409771
0.409777
0.409787
0.409794
0.409799
0.409803
0.409808
0.40981
0.40982
0.40982
0.409827
0.40984
0.409844
0.409847
0.409857
0.409857
0.409863
0.409867
0.40988
0.409884
0.409895
0.409898
0.409913
0.409927
0.409934
0.409941
0.40996
0.409963
0.409974
0.409988
0.41
0.410001
0.410006
0.410033
0.41004
0.41004
0.410055
0.410058
0.41006
0.410067
0.41011
0.410117
0.410137
0.410141
0.410148
0.410155
0.410164
0.410164
0.410168
0.410181
0.41019
0.4102
0.410207
0.410213
0.41023
0.410231
0.410233
0.410237
0.410263
0.410273
0.410291
0.410294
0.410294
0.410304
0.410311
0.410311
0.410318
0.410325
0.410331
0.410335
0.41034
0.410345
0.410347
0.41035
0.410351
0.410354
0.410354
0.410357
0.410364
0.410367
0.410381
0.410381
0.410387
0.410388
0.410394
0.4104
0.410404
0.410404
0.41041
0.41042
0.410431
0.410431
0.41044
0.410454
0.410455
0.410467
0.410471
0.410487
0.410491
0.410507
0.41051
0.410518
0.410527
0.41054
0.41054
0.410569
0.410571
0.410581
0.410584
0.410593
0.410593
0.410603
0.410607
0.41061
0.410616
0.410627
0.410634
0.410641
0.41065
0.410657
0.410668
0.410671
0.410683
0.410695
0.410707
0.410708
0.41071
0.410717
0.410734
0.410747
0.41075
0.410758
0.410764
0.410765
0.410765
0.410777
0.410794
0.410804
0.41082
0.410821
0.410847
0.410901
0.410903
0.41091
0.410913
0.410915
0.410916
0.41093
0.410934
0.410937
0.410961
0.410967
0.410974
0.410987
0.410997
0.411
0.41101
0.411024
0.411027
0.411028
0.411044
0.411055
0.411097
0.411101
0.411106
0.411117
0.411118
0.411126
0.41117
0.411177
0.411183
0.411204
0.411213
0.41122
0.411221
0.411224
0.411224
0.411247
0.411254
0.41126
0.411274
0.411277
0.411277
0.411281
0.4113
0.411301
0.411303
0.411311
0.411313
0.411337
0.411361
0.411375
0.411381
0.411388
0.411405
0.411413
0.411441
0.411447
0.41145
0.411471
0.411471
0.411474
0.411476
0.41149
0.4115
0.411505
0.411507
0.411507
0.411514
0.41153
0.41153
0.411534
0.41154
0.41155
0.41157
0.411571
0.411573
0.411583
0.411593
0.411594
0.41161
0.41165
0.411656
0.411666
0.411674
0.411678
0.411681
0.411681
0.411681
0.411684
0.411687
0.411701
0.41172
0.41172
0.41172
0.411727
0.41173
0.411751
0.411764
0.411784
0.411787
0.411794
0.411807
0.411811
0.411817
0.41182
0.411836
0.411853
0.411854
0.411855
0.41186
0.41186
0.411863
0.411868
0.41189
0.411903
0.411907
0.411924
0.411925
0.41193
0.411937
0.41194
0.411955
0.411956
0.411973
0.411974
0.411993
0.411996
0.411997
0.412001
0.412006
0.412006
0.412006
0.412007
0.412016
0.41202
0.412024
0.412047
0.412047
0.412057
0.412066
0.412067
0.41207
0.412073
0.412076
0.412077
0.412077
0.412083
0.412087
0.412104
0.41211
0.412114
0.412117
0.412117
0.412124
0.412137
0.412167
0.41217
0.412174
0.41218
0.412187
0.412187
0.41219
0.412191
0.412208
0.412214
0.412247
0.412254
0.412255
0.412264
0.412276
0.412278
0.412278
0.41228
0.412287
0.412294
0.412298
0.412303
0.412303
0.412313
0.412313
0.412314
0.412317
0.412341
0.412346
0.412354
0.412365
0.412367
0.412378
0.412387
0.412388
0.41239
0.412394
0.412396
0.412423
0.412457
0.412467
0.412483
0.412493
0.412501
0.41251
0.41253
0.412537
0.412541
0.412544
0.412557
0.412557
0.412563
0.412564
0.412581
0.412583
0.412587
0.412587
0.412591
0.4126
0.412601
0.412605
0.41262
0.412623
0.412634
0.412655
0.41267
0.412671
0.412681
0.412716
0.412717
0.41272
0.412741
0.412761
0.412767
0.412771
0.412793
0.412801
0.412801
0.41284
0.412847
0.412854
0.412867
0.412874
0.412877
0.412877
0.41288
0.412883
0.412893
0.412914
0.412918
0.412944
0.412954
0.412964
0.412974
0.41298
0.413007
0.413008
0.413011
0.413023
0.413034
0.413034
0.41304
0.413067
0.41307
0.413093
0.413127
0.413133
0.413148
0.413163
0.413167
0.413183
0.413186
0.413204
0.413207
0.413213
0.413227
0.413233
0.413257
0.413263
0.41327
0.413311
0.413324
0.413334
0.41338
0.413387
0.4134
0.413407
0.413408
0.413434
0.413438
0.413444
0.413461
0.41347
0.41348
0.413508
0.413557
0.41356
0.41357
0.413585
0.413587
0.413587
0.413604
0.413624
0.413624
0.413627
0.41363
0.41363
0.413631
0.413636
0.413647
0.413653
0.413657
0.413658
0.41366
0.413673
0.413681
0.413683
0.413706
0.41372
0.413743
0.413761
0.413767
0.413776
0.413784
0.413785
0.413787
0.413788
0.413804
0.413804
0.413824
0.413833
0.413857
0.413857
0.41386
0.41388
0.413888
0.413906
0.413924
0.413933
0.413955
0.413961
0.413961
0.413984
0.413992
0.413998
0.41402
0.414024
0.414024
0.414027
0.41403
0.414045
0.414053
0.414063
0.414064
0.414067
0.414073
0.414076
0.414083
0.414118
0.414144
0.414157
0.414157
0.41416
0.41416
0.414167
0.414184
0.414203
0.414203
0.41421
0.414211
0.414217
0.414217
0.414234
0.41425
0.414267
0.414277
0.414283
0.414286
0.414287
0.414303
0.414316
0.414324
0.414326
0.414334
0.414337
0.414337
0.414344
0.414346
0.414347
0.414358
0.41436
0.414416
0.414437
0.414467
0.414474
0.41448
0.414487
0.41449
0.414493
0.414493
0.4145
0.414504
0.414517
0.414517
0.414548
0.414564
0.414591
0.414594
0.414601
0.414601
0.414604
0.414611
0.414611
0.414627
0.414636
0.41464
0.414643
0.414644
0.414647
0.414663
0.414678
0.414687
0.414691
0.414697
0.414697
0.414718
0.414721
0.414733
0.41475
0.41478
0.414781
0.414783
0.414796
0.4148
0.414811
0.414827
0.41484
0.414864
0.414867
0.414877
0.41488
0.414883
0.414894
0.414904
0.414917
0.414934
0.414947
0.41495
0.41496
0.414961
0.41497
0.414977
0.414997
0.415005
0.415027
0.41505
0.415061
0.415064
0.415073
0.415074
0.41508
0.415088
0.415097
0.41512
0.415164
0.415167
0.415174
0.415193
0.415197
0.415197
0.4152
0.41522
0.415221
0.415221
0.41523
0.41523
0.41524
0.41524
0.415248
0.415257
0.415267
0.415277
0.41528
0.41529
0.415298
0.415303
0.415307
0.415337
0.415341
0.415353
0.415364
0.415377
0.415377
0.415403
0.415404
0.415417
0.415417
0.415417
0.415417
0.41542
0.41542
0.415424
0.415433
0.415437
0.415454
0.415467
0.415484
0.41549
0.415501
0.415534
0.41554
0.415541
0.415551
0.415563
0.415567
0.41558
0.415596
0.41561
0.415614
0.41563
0.415645
0.415677
0.415683
0.415704
0.415724
0.415727
0.415731
0.415734
0.415754
0.415764
0.415784
0.4158
0.4158
0.415817
0.41583
0.415834
0.415835
0.41587
0.415884
0.415886
0.41589
0.415898
0.4159
0.415914
0.415917
0.415927
0.415938
0.41594
0.415944
0.41595
0.415966
0.415983
0.415991
0.416001
0.416004
0.416004
0.41601
0.416014
0.416023
0.41603
0.416047
0.416057
0.416063
0.416067
0.416077
0.416087
0.416088
0.416098
0.416127
0.416145
0.416153
0.416154
0.416194
0.416205
0.416217
0.416217
0.416221
0.416225
0.416237
0.41624
0.416264
0.41627
0.416284
0.416298
0.416301
0.416311
0.416324
0.416354
0.416358
0.416364
0.416374
0.416377
0.416377
0.41638
0.416387
0.416391
0.416397
0.416397
0.416406
0.416447
0.416471
0.416477
0.41648
0.416481
0.416484
0.416497
0.41651
0.416538
0.41654
0.416541
0.416557
0.416577
0.416583
0.416588
0.416621
0.416623
0.416627
0.416654
0.416674
0.416687
0.416691
0.416695
0.416714
0.416727
0.416727
0.416761
0.416767
0.416773
0.41683
0.416841
0.416854
0.416857
0.416858
0.41686
0.416867
0.416868
0.416877
0.416896
0.416897
0.41691
0.416931
0.416933
0.416941
0.41697
0.41698
0.41699
0.416996
0.417021
0.41703
0.417036
0.41706
0.417145
0.417164
0.41717
0.417178
0.417178
0.417183
0.4172
0.417211
0.417217
0.417223
0.417244
0.417264
0.41727
0.417287
0.417304
0.417307
0.417314
0.417324
0.417327
0.417327
0.41733
0.417331
0.417351
0.417353
0.417364
0.417367
0.417368
0.417373
0.417374
0.417374
0.417377
0.417381
0.417384
0.4174
0.4174
0.417407
0.417411
0.417411
0.417414
0.417415
0.41742
0.417423
0.417491
0.4175
0.417501
0.417508
0.417511
0.417523
0.417584
0.417637
0.417644
0.417677
0.417677
0.417683
0.417688
0.417694
0.417697
0.417727
0.41775
0.417751
0.417751
0.417764
0.41778
0.417794
0.417804
0.417826
0.417847
0.417871
0.417873
0.417874
0.417883
0.41791
0.417913
0.417925
0.41793
0.417936
0.41794
0.417947
0.41799
0.41799
0.418024
0.418027
0.418086
0.418087
0.41809
0.418098
0.418107
0.41813
0.41814
0.418213
0.418217
0.418217
0.41822
0.418224
0.418244
0.418246
0.418285
0.418287
0.418333
0.418348
0.418354
0.418371
0.418376
0.418407
0.418415
0.418422
0.418437
0.418438
0.418446
0.418473
0.418491
0.418517
0.418517
0.41852
0.418545
0.418551
0.418554
0.418606
0.418607
0.41861
0.418614
0.418617
0.418621
0.418627
0.418651
0.418665
0.41869
0.418694
0.418701
0.418737
0.41874
0.41875
0.418753
0.418794
0.418814
0.418823
0.418824
0.418844
0.418856
0.418875
0.418881
0.418881
0.418883
0.418894
0.418895
0.418907
0.418907
0.418908
0.418957
0.418965
0.419
0.419011
0.419011
0.41902
0.419028
0.41903
0.419033
0.419038
0.419084
0.419085
0.419097
0.419104
0.419135
0.419137
0.419164
0.419171
0.419183
0.419187
0.419207
0.419218
0.419234
0.419284
0.419287
0.41929
0.41929
0.419327
0.419331
0.41935
0.419356
0.41938
0.419387
0.41939
0.419404
0.419407
0.419431
0.419442
0.419464
0.419471
0.41948
0.41949
0.4195
0.419501
0.419527
0.41953
0.419537
0.419554
0.419581
0.419596
0.4196
0.419631
0.419645
0.419674
0.41968
0.419684
0.419701
0.419731
0.419734
0.419737
0.41974
0.419754
0.41977
0.419784
0.419794
0.419806
0.419808
0.419811
0.41982
0.419831
0.419837
0.419843
0.419864
0.419887
0.419887
0.419887
0.419901
0.419917
0.419924
0.41994
0.41996
0.41998
0.419981
0.419983
0.419994
0.420004
0.420013
0.420051
0.420066
0.420067
0.420067
0.420077
0.420101
0.420101
0.420103
0.42011
0.420127
0.420137
0.420137
0.420158
0.420163
0.420168
0.42017
0.42018
0.420187
0.420213
0.420221
0.420241
0.420248
0.420251
0.42026
0.420264
0.42027
0.42028
0.420284
0.420287
0.42029
0.420313
0.420316
0.420325
0.420346
0.420346
0.420347
0.420354
0.42036
0.420367
0.420376
0.420377
0.42038
0.420397
0.420408
0.420444
0.420451
0.420457
0.420474
0.420477
0.42048
0.42048
0.420484
0.420484
0.4205
0.420553
0.420554
0.42058
0.42058
0.420584
0.420588
0.42059
0.420617
0.42062
0.42063
0.420667
0.420673
0.420707
0.420768
0.420784
0.420787
0.420804
0.420807
0.420844
0.420857
0.42086
0.42086
0.42086
0.420867
0.420878
0.42088
0.420904
0.420944
0.420958
0.420961
0.420964
0.421017
0.421027
0.42103
0.421037
0.42104
0.42107
0.42107
0.421078
0.421086
0.421098
0.421108
0.421111
0.421137
0.421167
0.421174
0.421181
0.421186
0.42119
0.42119
0.421224
0.421234
0.421237
0.42124
0.421273
0.421286
0.421294
0.421321
0.42133
0.421337
0.42134
0.421344
0.42141
0.42143
0.421443
0.421454
0.421464
0.421507
0.421518
0.421538
0.421575
0.42159
0.421618
0.421621
0.421623
0.421624
0.421646
0.421651
0.421681
0.421697
0.421698
0.421704
0.421721
0.421763
0.421767
0.42177
0.421778
0.421837
0.421837
0.42184
0.42186
0.42187
0.421894
0.421905
0.42193
0.421934
0.42195
0.421967
0.422025
0.422026
0.422027
0.422044
0.422047
0.422054
0.42208
0.42208
0.422086
0.42211
0.42211
0.422114
0.422114
0.422121
0.422177
0.42218
0.422201
0.422207
0.422215
0.422217
0.422234
0.422241
0.422297
0.42233
0.42234
0.422344
0.422346
0.422413
0.422424
0.42243
0.422433
0.422467
0.422477
0.422481
0.422484
0.422497
0.422537
0.422603
0.422618
0.422618
0.422623
0.422647
0.422671
0.422687
0.422691
0.422697
0.422717
0.422727
0.422736
0.422741
0.422776
0.422781
0.422801
0.422853
0.422863
0.422916
0.422917
0.422924
0.42293
0.422947
0.422951
0.422983
0.423006
0.423011
0.423017
0.42303
0.423047
0.423057
0.423084
0.423094
0.423103
0.423131
0.42315
0.423158
0.42317
0.423171
0.4232
0.423217
0.423254
0.423267
0.423273
0.423304
0.423305
0.423305
0.423333
0.42335
0.423367
0.423373
0.423377
0.423381
0.423431
0.42344
0.423457
0.423473
0.423493
0.423521
0.423524
0.423544
0.423547
0.42355
0.423567
0.423571
0.423603
0.42361
0.423613
0.423613
0.423627
0.423628
0.423648
0.42365
0.42369
0.423691
0.4237
0.42372
0.42372
0.423744
0.423747
0.423768
0.423774
0.423788
0.423797
0.423804
0.423814
0.423844
0.423844
0.423854
0.423861
0.423874
0.423883
0.423897
0.423898
0.423923
0.423933
0.423947
0.423987
0.424038
0.42406
0.424084
0.424124
0.424184
0.424187
0.42419
0.424203
0.42421
0.424217
0.424227
0.424233
0.424234
0.424287
0.42429
0.424304
0.42432
0.424334
0.424348
0.42439
0.42443
0.424434
0.424454
0.424457
0.424514
0.424523
0.424561
0.424604
0.424628
0.42464
0.424651
0.42469
0.424694
0.42471
0.424723
0.42473
0.424751
0.424794
0.424821
0.424844
0.424847
0.424857
0.424864
0.424874
0.424911
0.42494
0.425
0.425041
0.425041
0.42508
0.425084
0.425088
0.425104
0.425133
0.425143
0.425153
0.42518
0.425197
0.425261
0.42529
0.425301
0.425317
0.425324
0.42534
0.42534
0.425363
0.42538
0.425391
0.4254
0.4254
0.425418
0.425424
0.425444
0.425448
0.425464
0.425466
0.425485
0.425487
0.42549
0.42551
0.42553
0.425553
0.425587
0.425613
0.425666
0.425677
0.42571
0.425734
0.42575
0.425764
0.425796
0.425801
0.425815
0.425913
0.425915
0.425917
0.42593
0.42593
0.425943
0.42597
0.425998
0.426
0.426011
0.426021
0.426024
0.426048
0.426057
0.426086
0.426117
0.42612
0.426121
0.426134
0.42614
0.426141
0.426146
0.426171
0.426175
0.426204
0.426217
0.426233
0.426237
0.426258
0.426261
0.426264
0.426303
0.42632
0.426323
0.42639
0.42641
0.426461
0.426464
0.42649
0.426549
0.42656
0.42657
0.426574
0.426583
0.426588
0.4266
0.426627
0.426684
0.426707
0.42673
0.42676
0.426768
0.426777
0.426795
0.42681
0.426848
0.426854
0.42693
0.426947
0.426986
0.426987
0.427018
0.427047
0.427066
0.427087
0.427094
0.427154
0.427167
0.427178
0.427183
0.427227
0.42724
0.42726
0.42728
0.427294
0.427321
0.427324
0.427337
0.427338
0.427343
0.427357
0.427364
0.427371
0.427376
0.42741
0.427414
0.427441
0.427533
0.427534
0.427557
0.427583
0.427583
0.42759
0.427597
0.427633
0.427708
0.427724
0.427751
0.427757
0.427787
0.427797
0.427831
0.427847
0.427864
0.42789
0.427896
0.427903
0.42795
0.427974
0.427977
0.428005
0.428037
0.428094
0.4281
0.428114
0.428134
0.428187
0.428194
0.428203
0.428206
0.428214
0.428223
0.42823
0.428257
0.428257
0.428267
0.428291
0.4283
0.428301
0.428338
0.428384
0.428394
0.428422
0.428458
0.428464
0.428477
0.42848
0.428484
0.428544
0.428567
0.42857
0.42858
0.42858
0.428586
0.428591
0.428591
0.428591
0.4286
0.428634
0.428637
0.428671
0.428694
0.4287
0.428704
0.428741
0.428764
0.42879
0.42882
0.428837
0.428868
0.428887
0.428934
0.428987
0.42901
0.42902
0.429084
0.429153
0.429204
0.429217
0.429233
0.429296
0.429334
0.429374
0.429399
0.429401
0.429421
0.429424
0.429431
0.429447
0.429477
0.429491
0.429496
0.429497
0.429506
0.429524
0.429524
0.42954
0.42955
0.429573
0.429637
0.429667
0.429698
0.429707
0.429751
0.429757
0.429776
0.42978
0.429787
0.429801
0.429863
0.429871
0.429878
0.429887
0.429897
0.429924
0.429981
0.430011
0.430037
0.430061
0.430067
0.430167
0.43017
0.430187
0.430191
0.43023
0.430277
0.4303
0.430313
0.430421
0.430424
0.430427
0.43043
0.430437
0.430438
0.430441
0.430471
0.430474
0.430476
0.430505
0.430517
0.430527
0.430547
0.430565
0.430567
0.430573
0.430607
0.430627
0.43063
0.43065
0.430654
0.430661
0.430677
0.43068
0.430697
0.430741
0.43075
0.430756
0.430784
0.430794
0.430794
0.430795
0.430797
0.4308
0.430801
0.430837
0.430855
0.430856
0.430867
0.43087
0.430877
0.430887
0.430904
0.430904
0.43093
0.43093
0.430933
0.430934
0.430956
0.431
0.431071
0.431081
0.431097
0.4311
0.431104
0.43111
0.43112
0.431157
0.431164
0.43117
0.431213
0.431224
0.431243
0.431263
0.431301
0.431307
0.431326
0.431383
0.431391
0.4314
0.431418
0.431425
0.431437
0.431455
0.43149
0.431491
0.431493
0.431509
0.43151
0.431557
0.431578
0.431585
0.43163
0.43166
0.431731
0.43175
0.431767
0.431787
0.431885
0.431891
0.431904
0.431914
0.431914
0.43198
0.432034
0.432047
0.432107
0.432154
0.432167
0.432217
0.432258
0.43229
0.432301
0.432358
0.432376
0.432378
0.432404
0.432437
0.432438
0.43245
0.432464
0.432473
0.432477
0.43249
0.432523
0.432603
0.432654
0.432751
0.432773
0.432783
0.432785
0.432813
0.432821
0.432908
0.432914
0.43292
0.432957
0.432965
0.432991
0.433037
0.433054
0.43309
0.433101
0.433103
0.43311
0.433144
0.433173
0.433233
0.433296
0.433313
0.433357
0.433377
0.433427
0.43343
0.433444
0.43348
0.433514
0.433544
0.433574
0.43359
0.433597
0.433597
0.433601
0.433601
0.43361
0.43363
0.433707
0.433713
0.433718
0.433741
0.433785
0.433865
0.433907
0.433951
0.43401
0.434054
0.434074
0.434163
0.434188
0.434221
0.43427
0.434304
0.434317
0.434344
0.434371
0.434431
0.434451
0.434454
0.434511
0.434597
0.434606
0.434617
0.434621
0.434634
0.43466
0.434663
0.434677
0.43469
0.434744
0.434796
0.434814
0.434814
0.434834
0.434847
0.434861
0.434867
0.434871
0.43489
0.434898
0.434913
0.434968
0.434984
0.434984
0.435013
0.435034
0.435078
0.435161
0.435181
0.435237
0.435431
0.435434
0.435464
0.435467
0.435541
0.435574
0.435621
0.435657
0.435674
0.435725
0.435824
0.435873
0.435893
0.435958
0.435981
0.436027
0.436117
0.436131
0.436164
0.436261
0.436267
0.436313
0.436337
0.436374
0.436462
0.436478
0.4365
0.436537
0.436581
0.43677
0.436777
0.436831
0.436837
0.436863
0.43687
0.436968
0.436971
0.436993
0.437016
0.437137
0.437228
0.43725
0.43732
0.43733
0.437343
0.437374
0.437427
0.437443
0.43751
0.43755
0.437574
0.437601
0.437691
0.437753
0.437758
0.437873
0.437897
0.438077
0.438113
0.438117
0.43812
0.438183
0.438221
0.438233
0.438304
0.438334
0.438346
0.438354
0.438374
0.43839
0.438443
0.438475
0.438517
0.438544
0.438558
0.438673
0.438707
0.438737
0.438844
0.438857
0.438943
0.438943
0.439049
0.439097
0.439154
0.43916
0.439495
0.43956
0.439657
0.439727
0.43984
0.439981
0.439997
0.44011
0.440116
0.440127
0.440157
0.440221
0.440294
0.44032
0.440434
0.440448
0.440563
0.440616
0.440627
0.440657
0.440674
0.440723
0.440837
0.44085
0.441024
0.441164
0.441194
0.441323
0.441367
0.441384
0.44148
0.441574
0.44171
0.441731
0.441745
0.441864
0.441876
0.441917
0.441944
0.44195
0.441951
0.441994
0.442024
0.442024
0.442041
0.442043
0.44207
0.442204
0.442224
0.44226
0.442401
0.442471
0.442497
0.442636
0.442704
0.442724
0.44278
0.443107
0.443487
0.443511
0.44355
0.443597
0.44361
0.44369
0.443711
0.443763
0.44384
0.443841
0.443841
0.44386
0.444105
0.444143
0.444216
0.444374
0.444618
0.44469
0.444727
0.444744
0.44477
0.444817
0.444964
0.444967
0.44499
0.44502
0.445051
0.44511
0.445144
0.44517
0.445184
0.445253
0.445314
0.44536
0.445417
0.44549
0.445543
0.445593
0.44568
0.445684
0.445987
0.446021
0.446044
0.446153
0.446268
0.4463
0.446371
0.446404
0.446607
0.446791
0.446937
0.447071
0.447074
0.447197
0.447477
0.447638
0.447818
0.447833
0.447888
0.447958
0.447958
0.44799
0.447993
0.448031
0.44808
0.448101
0.448184
0.448234
0.448531
0.448565
0.448567
0.448654
0.448781
0.44887
0.448904
0.448948
0.44942
0.449494
0.44967
0.449761
0.44979
0.449807
0.44982
0.449943
0.449947
0.449964
0.450111
0.450381
0.450397
0.450508
0.450607
0.450961
0.451076
0.451454
0.451947
0.452027
0.452267
0.452308
0.452344
0.452676
0.452684
0.45304
0.453553
0.453693
0.453835
0.453837
0.454037
0.454047
0.454221
0.454363
0.454388
0.45449
0.454618
0.45462
0.454666
0.454754
0.454761
0.455535
0.455541
0.455921
0.456018
0.456474
0.456557
0.456704
0.456747
0.456755
0.45695
0.457238
0.457664
0.457877
0.45796
0.458507
0.4586
0.458747
0.458811
0.459454
0.459544
0.459907
0.45993
0.460234
0.460367
0.460688
0.460954
0.460966
0.46101
0.461617
0.461656
0.46171
0.462194
0.462906
0.463304
0.46373
0.463828
0.464247
0.46436
0.465208
0.465348
0.465521
0.466366
0.466578
0.466736
0.468107
0.468825
0.46989
0.469914
0.470413
0.470614
0.471254
0.47152
0.471788
0.472196
0.472223
0.472491
0.473127
0.473566
0.47378
0.47484
0.479041
0.479133
0.480927
0.49494
0.514391
0.522446
0.525434
0.53499
0.538968
0.542233
0.548917
0.55855
0.558773
0.559758
0.560115
0.562123
0.563686
0.570563
0.570967
0.572444
0.574653
0.576371
0.576812
0.577374
0.580406
0.580984
0.5827
0.582766
0.584961
0.586244
0.586314
0.587623
0.588033
0.590233
0.591957
0.592362
0.592814
0.594821
0.595711
0.597518
0.597878
0.598114
0.598671
0.598747
0.598929
0.599264
0.600071
0.601115
0.601401
0.602644
0.603819
0.604451
0.604481
0.607163
0.607913
0.608548
0.609107
0.61184
0.612363
0.61262
0.612893
0.613994
0.61427
0.614413
0.614944
0.615206
0.615508
0.615561
0.61581
0.615944
0.616347
0.617264
0.61757
0.617657
0.617721
0.618151
0.618293
0.618384
0.618458
0.618578
0.618824
0.61905
0.619433
0.620267
0.620277
0.620803
0.620938
0.621458
0.622388
0.622877
0.623058
0.623634
0.623958
0.624353
0.624414
0.624478
0.624737
0.624791
0.625087
0.625097
0.6252
0.625214
0.625704
0.625724
0.627028
0.62718
0.627181
0.628207
0.628394
0.628761
0.628924
0.629094
0.629307
0.629345
0.629494
0.630021
0.630146
0.630584
0.631004
0.6312
0.631264
0.631428
0.631431
0.6315
0.631646
0.63179
0.632268
0.632395
0.63246
0.632827
0.632847
0.632875
0.63315
0.633191
0.633537
0.633847
0.633985
0.633995
0.634011
0.634091
0.634144
0.634523
0.63455
0.634617
0.634667
0.635357
0.63575
0.635821
0.635981
0.636051
0.636117
0.636161
0.636205
0.636224
0.636324
0.636341
0.636384
0.636581
0.63665
0.636994
0.6373
0.637301
0.637358
0.637594
0.637607
0.63795
0.638054
0.63806
0.638075
0.638217
0.638332
0.63844
0.638657
0.638734
0.639033
0.639045
0.639166
0.639274
0.639551
0.639761
0.63989
0.63997
0.63999
0.640285
0.640394
0.640658
0.640764
0.640887
0.640911
0.640941
0.641027
0.641054
0.641124
0.641277
0.641281
0.641391
0.641678
0.641886
0.641888
0.642053
0.642151
0.64217
0.642461
0.642568
0.642713
0.642845
0.642927
0.643144
0.643244
0.64433
0.644487
0.644544
0.645037
0.645191
0.645457
0.645487
0.64557
0.645587
0.645807
0.645868
0.646134
0.646241
0.646588
0.646695
0.64674
0.646771
0.646775
0.646813
0.646985
0.647184
0.647331
0.647341
0.647459
0.647531
0.64758
0.647691
0.647768
0.64817
0.648221
0.648401
0.648537
0.648561
0.648661
0.6487
0.648723
0.649277
0.649454
0.649607
0.649627
0.649764
0.64995
0.649962
0.65001
0.65001
0.650281
0.650287
0.65042
0.650533
0.65062
0.650901
0.651081
0.651404
0.65144
0.651441
0.651527
0.651567
0.651594
0.65163
0.651661
0.651691
0.651807
0.652064
0.652147
0.652165
0.652465
0.652488
0.652851
0.652931
0.653088
0.653198
0.653254
0.653484
0.653861
0.653947
0.653974
0.654031
0.654271
0.65431
0.654793
0.654854
0.654974
0.655023
0.655054
0.655094
0.655408
0.655522
0.655727
0.655894
0.656015
0.656151
0.656462
0.656488
0.656647
0.65665
0.656687
0.656704
0.657176
0.657271
0.65737
0.657694
0.657705
0.657771
0.658124
0.658214
0.658834
0.659166
0.659189
0.659278
0.659534
0.659567
0.659651
0.659794
0.659827
0.65987
0.659887
0.659931
0.659968
0.660033
0.660211
0.66022
0.660424
0.66047
0.660486
0.660777
0.660831
0.660854
0.660984
0.661167
0.661201
0.661287
0.661293
0.66137
0.661375
0.661377
0.66142
0.661554
0.66157
0.661674
0.661815
0.661894
0.662297
0.662365
0.662367
0.662374
0.662384
0.6627
0.662997
0.663108
0.663318
0.66335
0.663357
0.663817
0.664118
0.664333
0.664351
0.664384
0.664587
0.664671
0.66486
0.664911
0.665011
0.665078
0.665121
0.665137
0.665515
0.665727
0.66586
0.666084
0.666105
0.666133
0.666257
0.666284
0.666394
0.666577
0.666768
0.666866
0.666904
0.66693
0.666934
0.667037
0.667098
0.667247
0.667264
0.66728
0.66737
0.667437
0.667447
0.667491
0.66773
0.667731
0.667747
0.667941
0.668064
0.668097
0.668104
0.668208
0.668277
0.668357
0.66838
0.668503
0.66867
0.668681
0.668859
0.668874
0.66892
0.668944
0.66913
0.669251
0.669438
0.66944
0.669641
0.669771
0.670001
0.670121
0.67015
0.670284
0.670471
0.670516
0.67055
0.67072
0.670781
0.6708
0.670824
0.670838
0.670847
0.67086
0.670865
0.670997
0.671007
0.671034
0.671278
0.671448
0.671514
0.671807
0.671834
0.671887
0.671954
0.671994
0.672021
0.672047
0.672155
0.672224
0.672594
0.672814
0.673038
0.673103
0.673201
0.673264
0.673315
0.673611
0.673656
0.67401
0.674351
0.674397
0.674634
0.674713
0.674865
0.675059
0.67515
0.675157
0.675245
0.675317
0.675317
0.675323
0.67547
0.675808
0.675818
0.675834
0.676128
0.676198
0.676237
0.676353
0.676704
0.676733
0.676747
0.676895
0.676954
0.677188
0.677408
0.677421
0.677466
0.67751
0.677681
0.677777
0.677811
0.677834
0.678141
0.678284
0.678311
0.678347
0.678354
0.678387
0.678628
0.678734
0.678791
0.6791
0.679278
0.679434
0.679524
0.679551
0.679657
0.679835
0.679877
0.679887
0.680134
0.680191
0.680197
0.680281
0.680507
0.680536
0.680666
0.680701
0.680931
0.68095
0.681017
0.681097
0.681191
0.681191
0.681419
0.681448
0.68151
0.681581
0.681597
0.681611
0.681718
0.681774
0.68181
0.681954
0.682028
0.682311
0.682354
0.682387
0.682397
0.682424
0.682437
0.682461
0.68271
0.682744
0.682747
0.682757
0.682831
0.682955
0.683101
0.683111
0.683127
0.68314
0.683157
0.683531
0.68406
0.684098
0.684531
0.68457
0.6846
0.684637
0.684692
0.684801
0.6849
0.685207
0.68528
0.685584
0.685624
0.685626
0.685691
0.685743
0.685961
0.686164
0.68644
0.686554
0.686564
0.686825
0.687224
0.687238
0.687261
0.68728
0.687381
0.687728
0.687771
0.687921
0.687947
0.688194
0.68834
0.688393
0.688397
0.688791
0.688794
0.688861
0.688868
0.68889
0.688948
0.689342
0.689564
0.689607
0.689634
0.689637
0.689675
0.689697
0.689877
0.690011
0.690118
0.690175
0.690264
0.690408
0.690417
0.690594
0.690684
0.690757
0.690921
0.691051
0.691057
0.691061
0.691174
0.691241
0.691417
0.691447
0.691711
0.69206
0.692097
0.692189
0.692217
0.692484
0.692515
0.692638
0.692925
0.692944
0.693001
0.69309
0.693254
0.693267
0.693308
0.693334
0.693491
0.693564
0.693578
0.693587
0.693798
0.693973
0.694381
0.694384
0.694413
0.694435
0.694538
0.694581
0.694627
0.694816
0.69482
0.695027
0.695114
0.695364
0.695438
0.695578
0.695651
0.69572
0.695974
0.69611
0.69617
0.696217
0.696227
0.696374
0.696571
0.696685
0.696771
0.696822
0.696943
0.69696
0.697424
0.697557
0.697737
0.697837
0.697844
0.697986
0.697995
0.698291
0.698296
0.698311
0.698316
0.698448
0.698534
0.698771
0.69896
0.699108
0.699155
0.699171
0.699244
0.699447
0.699843
0.699934
0.699971
0.70022
0.700294
0.70041
0.700473
0.700483
0.700487
0.70058
0.700645
0.700761
0.700763
0.700834
0.700837
0.701064
0.701087
0.701538
0.701607
0.701653
0.701716
0.701787
0.701847
0.701874
0.701957
0.702071
0.702201
0.702287
0.70237
0.702451
0.702532
0.702606
0.702684
0.70278
0.702887
0.702945
0.7033
0.703657
0.703711
0.703733
0.703734
0.703964
0.704021
0.704221
0.70431
0.7044
0.704484
0.704667
0.704907
0.704981
0.705007
0.705287
0.705464
0.705494
0.705544
0.705594
0.705724
0.706108
0.706228
0.70631
0.706464
0.706764
0.7068
0.706827
0.706997
0.707087
0.70729
0.707345
0.707411
0.707419
0.707458
0.707717
0.708057
0.708191
0.708228
0.708326
0.708338
0.708646
0.708807
0.708983
0.709004
0.709007
0.709101
0.709268
0.70928
0.709661
0.710141
0.710161
0.710234
0.710248
0.710417
0.710914
0.711004
0.711237
0.711268
0.711543
0.711857
0.711984
0.71199
0.712081
0.712228
0.712295
0.712391
0.713056
0.713227
0.713321
0.713358
0.713488
0.713621
0.713634
0.713683
0.713864
0.713875
0.713887
0.713984
0.714076
0.714131
0.714181
0.71422
0.71442
0.71447
0.714617
0.715047
0.715053
0.715061
0.715149
0.715185
0.715315
0.715315
0.715576
0.715714
0.715841
0.71591
0.715921
0.716454
0.716641
0.71699
0.717024
0.717077
0.717108
0.717207
0.717233
0.717243
0.717394
0.717467
0.717571
0.717587
0.717887
0.717888
0.717992
0.718024
0.718317
0.718635
0.718668
0.718914
0.71909
0.71912
0.719164
0.719244
0.719451
0.719525
0.719724
0.719734
0.71991
0.720051
0.720068
0.720081
0.720123
0.720147
0.720247
0.720264
0.720315
0.720387
0.720392
0.720577
0.720908
0.721324
0.721401
0.721404
0.721515
0.721531
0.721581
0.721691
0.721748
0.721787
0.721974
0.722071
0.722144
0.722241
0.722264
0.722441
0.722474
0.722685
0.723167
0.723194
0.723427
0.723547
0.723828
0.723874
0.723927
0.723957
0.723961
0.724017
0.724098
0.72438
0.724503
0.724651
0.724684
0.724757
0.724804
0.724814
0.724837
0.724921
0.725411
0.725501
0.725528
0.725653
0.725774
0.726145
0.726185
0.726387
0.726541
0.72661
0.726701
0.726778
0.726803
0.726835
0.726968
0.726991
0.727151
0.727238
0.727278
0.727461
0.727464
0.727634
0.727737
0.727746
0.727822
0.728004
0.728263
0.728617
0.728864
0.729101
0.72927
0.729411
0.729567
0.72963
0.729667
0.729794
0.729887
0.72993
0.729944
0.730238
0.730368
0.730481
0.730683
0.730734
0.730818
0.731001
0.731117
0.731228
0.731297
0.731953
0.73205
0.732121
0.732277
0.732425
0.732448
0.732525
0.732531
0.732807
0.73285
0.732861
0.733128
0.733204
0.733224
0.733241
0.733294
0.733527
0.733527
0.733738
0.734007
0.734051
0.734097
0.734105
0.73418
0.734221
0.734334
0.734392
0.734463
0.734614
0.734633
0.734725
0.734801
0.734805
0.734866
0.735307
0.735311
0.735396
0.735711
0.735951
0.736018
0.736058
0.736447
0.736464
0.736514
0.736584
0.736818
0.73722
0.737241
0.73726
0.73735
0.737404
0.73755
0.737574
0.737597
0.738011
0.738098
0.738215
0.738397
0.738503
0.738641
0.738813
0.738918
0.738948
0.739018
0.739128
0.739134
0.739401
0.739406
0.739564
0.739962
0.740215
0.740221
0.740268
0.740551
0.740617
0.741031
0.741071
0.741156
0.741184
0.741194
0.741391
0.741747
0.741767
0.741834
0.741961
0.742015
0.742037
0.742044
0.742068
0.742165
0.742185
0.742204
0.742457
0.742464
0.742501
0.742508
0.742528
0.742547
0.742891
0.742968
0.742978
0.742984
0.743001
0.743308
0.743404
0.743405
0.743434
0.743803
0.743814
0.744068
0.744081
0.74419
0.744244
0.74433
0.744357
0.744608
0.744784
0.745155
0.745194
0.745301
0.74545
0.745597
0.745653
0.74567
0.745695
0.745814
0.745833
0.746005
0.746606
0.746833
0.746858
0.746864
0.746878
0.746915
0.747101
0.747228
0.747333
0.747447
0.747687
0.748057
0.74808
0.748195
0.748274
0.74847
0.748518
0.74858
0.748646
0.748971
0.749168
0.749298
0.749337
0.749513
0.749901
0.750005
0.750053
0.7501
0.750211
0.75028
0.750348
0.75041
0.750437
0.750441
0.750487
0.750785
0.751111
0.751144
0.751184
0.751257
0.751411
0.751501
0.751704
0.751724
0.751946
0.75209
0.752238
0.752284
0.752335
0.752361
0.752401
0.752448
0.752525
0.752561
0.752605
0.752628
0.752701
0.752734
0.752781
0.7528
0.752808
0.752924
0.752977
0.752987
0.752994
0.752994
0.753061
0.753161
0.753312
0.753408
0.753424
0.753481
0.753514
0.753594
0.753717
0.753755
0.753794
0.753881
0.753887
0.75405
0.754181
0.754198
0.754321
0.754347
0.754433
0.754615
0.754616
0.754754
0.754807
0.754837
0.754905
0.755007
0.755124
0.755193
0.755417
0.755467
0.755595
0.755638
0.755661
0.755757
0.755788
0.755887
0.756088
0.756164
0.756251
0.756278
0.756325
0.756571
0.756898
0.756938
0.756981
0.756994
0.757041
0.757087
0.757111
0.757444
0.757578
0.757587
0.757821
0.757845
0.757961
0.758011
0.758024
0.758251
0.758291
0.758348
0.758656
0.758657
0.758817
0.758964
0.759078
0.759089
0.759097
0.759101
0.759127
0.759228
0.759301
0.759341
0.75941
0.759491
0.75951
0.759557
0.759597
0.759644
0.759678
0.759974
0.760017
0.760138
0.760268
0.760408
0.76044
0.760451
0.760513
0.760521
0.760544
0.760561
0.76058
0.760801
0.760871
0.760967
0.76109
0.761524
0.761541
0.761604
0.761607
0.76166
0.761737
0.761761
0.761884
0.761963
0.762013
0.762194
0.762308
0.76248
0.762558
0.762618
0.762684
0.762713
0.762958
0.763114
0.763164
0.763228
0.763254
0.763311
0.763328
0.763398
0.763561
0.763617
0.763628
0.763667
0.763787
0.763837
0.764008
0.764008
0.764023
0.764027
0.764051
0.764084
0.764088
0.764574
0.764605
0.764657
0.76466
0.764701
0.764814
0.76485
0.764887
0.764904
0.764987
0.765261
0.76538
0.765405
0.765511
0.765608
0.76576
0.765761
0.765768
0.765773
0.765794
0.765804
0.765821
0.765821
0.765874
0.765918
0.765958
0.766078
0.766388
0.766497
0.76652
0.766574
0.766581
0.766641
0.766661
0.766661
0.766701
0.766711
0.76672
0.766735
0.76682
0.766844
0.767027
0.767048
0.767094
0.767101
0.767121
0.767135
0.76718
0.767295
0.767324
0.767344
0.767344
0.767347
0.767444
0.767464
0.76769
0.767731
0.768028
0.768036
0.768072
0.768077
0.768148
0.768308
0.768311
0.768351
0.768367
0.768568
0.768604
0.768688
0.768704
0.768784
0.768791
0.768891
0.768931
0.769147
0.769215
0.769331
0.769548
0.769551
0.769624
0.769628
0.769761
0.769814
0.769843
0.770104
0.770127
0.770161
0.770349
0.770351
0.770377
0.770394
0.770394
0.770395
0.770435
0.770581
0.770704
0.770851
0.770878
0.770891
0.77117
0.77125
0.771267
0.771297
0.771438
0.771461
0.771521
0.771531
0.771734
0.771807
0.771837
0.771881
0.771921
0.772021
0.772108
0.772268
0.772303
0.772337
0.772371
0.772545
0.772604
0.772684
0.772707
0.772768
0.77278
0.772897
0.772964
0.773141
0.773251
0.773375
0.773387
0.773538
0.773548
0.773561
0.773591
0.773714
0.773844
0.773994
0.774114
0.774157
0.774264
0.774281
0.774367
0.774421
0.774425
0.774538
0.774587
0.774798
0.774949
0.775008
0.775071
0.775223
0.77528
0.775284
0.775314
0.775328
0.775378
0.775381
0.775411
0.775414
0.775458
0.775491
0.77558
0.775844
0.776078
0.776194
0.776194
0.776299
0.776514
0.776735
0.776778
0.776791
0.776838
0.77684
0.777007
0.777024
0.777131
0.777197
0.777317
0.777481
0.777553
0.777587
0.77763
0.777708
0.777728
0.777753
0.777838
0.777885
0.777907
0.778197
0.778258
0.778327
0.778351
0.778424
0.778461
0.778671
0.778704
0.778815
0.778856
0.778957
0.778961
0.779021
0.779198
0.779235
0.779247
0.779294
0.779338
0.779341
0.779368
0.779401
0.779567
0.779678
0.779747
0.77977
0.779825
0.779921
0.780024
0.780088
0.780251
0.780345
0.780614
0.780654
0.780701
0.780794
0.780824
0.78086
0.780888
0.780934
0.780935
0.780951
0.780954
0.781
0.78113
0.781257
0.781385
0.781413
0.78145
0.781541
0.781761
0.781781
0.78181
0.781917
0.781938
0.781968
0.782067
0.782154
0.78222
0.782269
0.782307
0.782377
0.782487
0.782521
0.782531
0.782567
0.782577
0.78261
0.782631
0.782705
0.782754
0.782763
0.782814
0.782904
0.783048
0.783491
0.783563
0.783563
0.783588
0.783651
0.783681
0.783691
0.78374
0.783804
0.783875
0.784014
0.784047
0.784127
0.784135
0.78428
0.784299
0.784477
0.784514
0.78459
0.784618
0.784631
0.784751
0.784758
0.784804
0.78485
0.78485
0.784881
0.785008
0.785021
0.785051
0.785213
0.785318
0.785357
0.78538
0.785431
0.785631
0.785704
0.785774
0.785815
0.78583
0.785848
0.785967
0.786064
0.78629
0.786617
0.786658
0.786721
0.786774
0.786792
0.786807
0.786847
0.786978
0.78698
0.787011
0.787011
0.787037
0.787185
0.787197
0.787208
0.787334
0.787348
0.787374
0.787494
0.787501
0.787517
0.787581
0.787585
0.78765
0.787677
0.787831
0.78834
0.788347
0.788511
0.788516
0.788517
0.788528
0.788587
0.788683
0.788704
0.788724
0.788757
0.788831
0.788999
0.789137
0.789151
0.789158
0.789161
0.789164
0.789304
0.789314
0.789558
0.789571
0.789611
0.789671
0.789728
0.789754
0.789764
0.789793
0.789848
0.789907
0.789953
0.789961
0.789984
0.790077
0.790178
0.790181
0.790245
0.790328
0.790414
0.790507
0.790537
0.790581
0.790664
0.790697
0.790725
0.790767
0.790954
0.791027
0.791054
0.791234
0.791257
0.791313
0.791331
0.79141
0.791421
0.791474
0.79154
0.791641
0.791711
0.791744
0.791861
0.792065
0.792115
0.79231
0.792338
0.792444
0.792458
0.792477
0.79251
0.792518
0.79255
0.792564
0.792577
0.792627
0.792687
0.792694
0.792751
0.792836
0.792874
0.792891
0.792971
0.792997
0.793107
0.793318
0.793334
0.793421
0.793491
0.793524
0.793648
0.793655
0.793894
0.793914
0.793981
0.794008
0.794187
0.79427
0.794498
0.794501
0.794501
0.794527
0.794551
0.794577
0.794591
0.794631
0.794728
0.794778
0.794791
0.794868
0.79495
0.794955
0.794957
0.795007
0.795234
0.795261
0.795303
0.795341
0.795357
0.795467
0.795534
0.795581
0.795674
0.79569
0.795694
0.796177
0.796183
0.796204
0.796204
0.796217
0.79623
0.796251
0.796301
0.796348
0.796361
0.796454
0.796474
0.796535
0.796677
0.796741
0.796747
0.796778
0.796934
0.797018
0.797135
0.797164
0.797194
0.797273
0.797291
0.797337
0.797341
0.797431
0.797493
0.797494
0.797524
0.797541
0.797564
0.797635
0.797641
0.797694
0.797748
0.797887
0.797974
0.798011
0.798028
0.798065
0.798294
0.798408
0.798477
0.798478
0.798508
0.798531
0.798541
0.798554
0.798706
0.798798
0.798868
0.79887
0.798894
0.799111
0.799474
0.799508
0.799547
0.799654
0.799874
0.799951
0.80005
0.800171
0.800196
0.800241
0.800247
0.800277
0.800338
0.800394
0.800398
0.800441
0.800458
0.800741
0.800824
0.800861
0.800944
0.801034
0.801041
0.801047
0.801207
0.801255
0.801297
0.801341
0.801438
0.801504
0.801504
0.801524
0.801538
0.801565
0.801614
0.801634
0.801674
0.801787
0.801837
0.801867
0.801904
0.802004
0.802051
0.802181
0.802198
0.802254
0.80228
0.802308
0.80232
0.802361
0.802375
0.802754
0.802844
0.80299
0.803058
0.80307
0.803315
0.803325
0.80338
0.803394
0.803421
0.803471
0.803607
0.803654
0.803735
0.803744
0.803774
0.803865
0.803891
0.803908
0.804001
0.804101
0.804135
0.804258
0.804337
0.804614
0.804654
0.80474
0.804787
0.804867
0.804889
0.804915
0.804977
0.80504
0.805071
0.805607
0.805638
0.805721
0.805761
0.805867
0.805925
0.805961
0.805984
0.806057
0.806167
0.806251
0.806398
0.806471
0.806525
0.806679
0.806781
0.806819
0.806868
0.806924
0.807047
0.807071
0.807101
0.807161
0.807384
0.807393
0.807406
0.807417
0.807504
0.807541
0.807577
0.807598
0.807694
0.807757
0.807893
0.807958
0.807997
0.80801
0.808184
0.808184
0.808218
0.808257
0.808397
0.808505
0.808591
0.808705
0.808707
0.808864
0.808888
0.808914
0.808918
0.808964
0.808988
0.809063
0.809138
0.809184
0.80931
0.809355
0.809495
0.809541
0.809541
0.809638
0.80966
0.809741
0.809754
0.809951
0.809965
0.810127
0.810154
0.810188
0.810257
0.810324
0.810344
0.810447
0.810494
0.810503
0.810521
0.810523
0.81053
0.810584
0.810685
0.810794
0.810824
0.810878
0.810914
0.811
0.811014
0.811038
0.811154
0.811263
0.811281
0.811321
0.811398
0.811404
0.811498
0.811571
0.811604
0.811871
0.812067
0.812231
0.812233
0.812274
0.812337
0.812427
0.812434
0.812441
0.812567
0.812578
0.812611
0.812773
0.812911
0.813134
0.813215
0.813223
0.813288
0.81335
0.81349
0.813541
0.813618
0.813711
0.813887
0.814045
0.814094
0.814271
0.814294
0.814305
0.814341
0.814721
0.814759
0.814847
0.814874
0.815171
0.815221
0.815357
0.815377
0.815381
0.815404
0.815414
0.815451
0.815451
0.815451
0.815531
0.81567
0.815694
0.815851
0.815921
0.815927
0.816038
0.816044
0.816167
0.816201
0.816311
0.816657
0.816707
0.81674
0.816755
0.816801
0.816811
0.816851
0.817064
0.817085
0.81716
0.817195
0.817227
0.817307
0.817341
0.817344
0.817353
0.817371
0.817391
0.817447
0.817491
0.817547
0.817551
0.817725
0.81778
0.817885
0.818258
0.818358
0.818366
0.818391
0.818471
0.818521
0.818561
0.818655
0.818768
0.818804
0.818827
0.818887
0.818958
0.819311
0.819341
0.819368
0.819514
0.819604
0.819623
0.819721
0.819764
0.819824
0.819841
0.819954
0.820058
0.820248
0.820267
0.82038
0.820468
0.820671
0.820678
0.820698
0.820807
0.820905
0.820944
0.821021
0.821071
0.821381
0.821571
0.821747
0.821761
0.821931
0.821938
0.822151
0.822224
0.822271
0.822401
0.822434
0.822501
0.822544
0.822566
0.822621
0.822631
0.822648
0.822658
0.822724
0.822794
0.822837
0.82289
0.822891
0.822908
0.822964
0.822984
0.822988
0.822997
0.823308
0.823311
0.823385
0.823397
0.823397
0.823411
0.823438
0.823448
0.823461
0.823474
0.823508
0.823618
0.823701
0.823938
0.823961
0.823998
0.82406
0.824071
0.824072
0.82417
0.824331
0.824411
0.824428
0.824447
0.824474
0.824578
0.824634
0.824648
0.824765
0.824883
0.824924
0.825014
0.825034
0.825047
0.82509
0.825091
0.825108
0.825161
0.825331
0.825375
0.8254
0.825521
0.825654
0.825668
0.825681
0.825708
0.825791
0.825884
0.825891
0.825944
0.825995
0.826063
0.826098
0.826111
0.826235
0.826251
0.826347
0.826504
0.826641
0.826674
0.826771
0.826844
0.826871
0.826914
0.826964
0.826964
0.826977
0.827001
0.827044
0.827097
0.827165
0.82727
0.827288
0.827314
0.827331
0.82759
0.827598
0.827711
0.827754
0.827761
0.827867
0.827914
0.827924
0.828064
0.828068
0.828111
0.828118
0.828418
0.82853
0.828675
0.828747
0.828774
0.828967
0.829027
0.829118
0.829148
0.829254
0.829378
0.829401
0.829414
0.829434
0.829517
0.82952
0.82963
0.829754
0.829761
0.829831
0.830001
0.830004
0.830068
0.830114
0.830147
0.830338
0.830354
0.830377
0.830391
0.830411
0.830458
0.830554
0.830679
0.830698
0.830795
0.830811
0.830837
0.831047
0.83117
0.831197
0.831257
0.831398
0.831461
0.831518
0.831574
0.83163
0.831701
0.831737
0.831944
0.832018
0.832105
0.832158
0.832201
0.832367
0.832421
0.832775
0.832907
0.832974
0.832995
0.833054
0.833065
0.833173
0.833181
0.833304
0.833351
0.833391
0.833573
0.833651
0.833721
0.833727
0.833737
0.833848
0.833997
0.834041
0.834055
0.834084
0.834128
0.834187
0.834294
0.834348
0.834387
0.834529
0.834534
0.834547
0.834591
0.834681
0.83478
0.834811
0.834957
0.835014
0.835028
0.835081
0.835087
0.835168
0.835171
0.835187
0.83529
0.835505
0.835577
0.835678
0.83569
0.835794
0.835898
0.836104
0.836111
0.836165
0.83627
0.836271
0.836297
0.836385
0.836401
0.836424
0.836431
0.836521
0.836525
0.836537
0.836751
0.836787
0.836891
0.837095
0.83717
0.837341
0.837661
0.837684
0.837714
0.837905
0.837931
0.837974
0.837997
0.838038
0.838064
0.838137
0.838221
0.838228
0.838301
0.838311
0.838351
0.838381
0.838508
0.838535
0.838554
0.838597
0.838634
0.838724
0.838751
0.838783
0.839061
0.839111
0.839217
0.839258
0.839338
0.839348
0.839405
0.839677
0.839696
0.839711
0.839727
0.839741
0.839821
0.839868
0.839875
0.839911
0.839924
0.840074
0.840141
0.840154
0.840164
0.840275
0.840617
0.840671
0.840693
0.840717
0.840721
0.840798
0.840918
0.841054
0.841307
0.841308
0.841614
0.841648
0.841798
0.841808
0.841811
0.84195
0.841958
0.841994
0.842158
0.842187
0.842227
0.842301
0.842343
0.842555
0.842568
0.842794
0.842915
0.842927
0.842941
0.843068
0.843108
0.843141
0.843208
0.843378
0.843407
0.843485
0.84375
0.843818
0.844135
0.844174
0.844208
0.844328
0.844338
0.844507
0.844678
0.844751
0.84476
0.844801
0.844821
0.845081
0.845224
0.845435
0.845451
0.845531
0.845544
0.845584
0.845597
0.845627
0.845698
0.845731
0.845811
0.845885
0.846017
0.846021
0.846063
0.846071
0.846201
0.84627
0.846551
0.846555
0.847011
0.847118
0.847177
0.847208
0.847224
0.847397
0.847464
0.847587
0.847637
0.847774
0.84798
0.848178
0.848243
0.848297
0.848411
0.848568
0.848655
0.848714
0.848887
0.848937
0.849024
0.849141
0.849248
0.849328
0.849331
0.849374
0.849441
0.84947
0.849506
0.849615
0.849714
0.849818
0.849857
0.849895
0.850134
0.850147
0.850161
0.850291
0.850301
0.850372
0.850418
0.850431
0.850464
0.850571
0.850571
0.850644
0.850721
0.850768
0.850795
0.851014
0.851014
0.851015
0.85117
0.851171
0.851347
0.851818
0.851914
0.851941
0.852029
0.852074
0.852121
0.852131
0.852151
0.852224
0.852291
0.852311
0.852348
0.852443
0.852664
0.852683
0.852691
0.852754
0.852855
0.852867
0.852917
0.852945
0.853065
0.853084
0.853144
0.853147
0.853197
0.853251
0.853268
0.853281
0.853474
0.853587
0.853864
0.8539
0.854
0.854237
0.854258
0.854301
0.854348
0.854487
0.854531
0.854628
0.854673
0.854721
0.854748
0.854787
0.855211
0.855218
0.855627
0.855628
0.855661
0.855731
0.855941
0.856065
0.856067
0.856185
0.856218
0.856221
0.856265
0.856378
0.856394
0.856394
0.85651
0.856621
0.856647
0.856654
0.856751
0.856834
0.856905
0.857238
0.857251
0.857284
0.857524
0.857617
0.857621
0.857661
0.857681
0.857694
0.857755
0.857774
0.857775
0.857807
0.857944
0.858084
0.858118
0.858391
0.858447
0.858556
0.858684
0.858735
0.858808
0.858851
0.858978
0.859027
0.859087
0.859111
0.859264
0.859321
0.8594
0.85944
0.859677
0.859741
0.860091
0.860231
0.860291
0.860365
0.860547
0.861131
0.861139
0.861295
0.861361
0.861568
0.861715
0.861718
0.861831
0.861835
0.861964
0.862314
0.862497
0.863068
0.863075
0.863147
0.863156
0.863238
0.863307
0.863311
0.863311
0.863335
0.863421
0.863524
0.86358
0.863635
0.863717
0.863731
0.863764
0.863808
0.863873
0.864131
0.864174
0.864311
0.864397
0.864448
0.864474
0.864554
0.864873
0.864897
0.864901
0.865088
0.865144
0.865255
0.865284
0.865403
0.865421
0.865494
0.865634
0.865661
0.865674
0.865698
0.865731
0.865761
0.865794
0.866073
0.866115
0.866314
0.866633
0.866638
0.866684
0.866728
0.867127
0.867251
0.867347
0.867475
0.867511
0.867558
0.867565
0.86763
0.867641
0.867721
0.867758
0.867867
0.867888
0.867903
0.868011
0.868294
0.868295
0.868301
0.868518
0.86869
0.868794
0.868875
0.868939
0.868954
0.869034
0.869057
0.869124
0.869271
0.869291
0.869335
0.869421
0.869424
0.869568
0.869781
0.870014
0.870271
0.870433
0.870487
0.870741
0.870754
0.87077
0.870918
0.871234
0.871271
0.871731
0.871764
0.871817
0.871901
0.872121
0.872354
0.873475
0.873517
0.873538
0.873581
0.873628
0.873701
0.873777
0.873898
0.874101
0.874657
0.874837
0.875058
0.875131
0.875133
0.875171
0.875274
0.875457
0.875488
0.875655
0.875971
0.876021
0.876178
0.876188
0.876221
0.876248
0.876278
0.876681
0.876684
0.876741
0.87683
0.877264
0.877501
0.877588
0.877608
0.877821
0.878088
0.878151
0.878191
0.878287
0.87834
0.878397
0.878421
0.878655
0.878661
0.87919
0.879264
0.879271
0.879284
0.879328
0.879398
0.879415
0.879551
0.879687
0.879731
0.880138
0.880143
0.880381
0.880475
0.880678
0.880887
0.88098
0.881008
0.881011
0.881141
0.881207
0.881364
0.881404
0.88161
0.881653
0.881776
0.881884
0.882134
0.882191
0.882438
0.882644
0.882855
0.882971
0.883724
0.8838
0.883965
0.884171
0.884507
0.885285
0.885378
0.885471
0.885754
0.885764
0.886078
0.8861
0.886515
0.886621
0.886691
0.887038
0.887424
0.887721
0.887855
0.887858
0.887964
0.887968
0.888001
0.888208
0.888241
0.888274
0.888384
0.889304
0.889507
0.889517
0.889825
0.889888
0.889991
0.890394
0.890674
0.891018
0.891068
0.891141
0.891374
0.891408
0.891421
0.891481
0.891607
0.891611
0.891658
0.89166
0.891751
0.891814
0.891833
0.891878
0.891971
0.892194
0.892627
0.892651
0.8927
0.892838
0.892987
0.893134
0.893247
0.893314
0.893321
0.893478
0.893591
0.893605
0.893615
0.893784
0.89389
0.89389
0.894011
0.894021
0.894097
0.894111
0.894576
0.894974
0.894987
0.895125
0.895167
0.895244
0.895424
0.895831
0.896175
0.896251
0.896258
0.896321
0.896378
0.896451
0.896451
0.896567
0.896827
0.897558
0.897564
0.897607
0.897761
0.897955
0.898178
0.898208
0.898265
0.898358
0.898551
0.899074
0.899415
0.900071
0.900114
0.900348
0.900551
0.900735
0.900914
0.901467
0.902254
0.90232
0.902647
0.902667
0.902921
0.903338
0.903501
0.904267
0.904504
0.904525
0.904574
0.904631
0.904793
0.905064
0.905564
0.905611
0.905767
0.906027
0.906751
0.907331
0.907907
0.908035
0.908104
0.908161
0.908187
0.908514
0.908795
0.908834
0.909293
0.909388
0.909584
0.910164
0.910348
0.911094
0.911427
0.911515
0.911858
0.911938
0.911958
0.911979
0.912174
0.912618
0.913028
0.913321
0.913618
0.913678
0.913721
0.913898
0.914188
0.914318
0.914504
0.91451
0.914517
0.914614
0.914718
0.914988
0.915387
0.915538
0.915664
0.915692
0.916134
0.916348
0.916777
0.916908
0.917278
0.917318
0.917597
0.917887
0.917974
0.918187
0.918721
0.918759
0.919221
0.91949
0.919954
0.920231
0.920285
0.920441
0.920571
0.920931
0.921391
0.921624
0.921888
0.921977
0.922024
0.922131
0.922288
0.922377
0.922638
0.922664
0.923121
0.923237
0.923288
0.923427
0.923945
0.924175
0.924397
0.924726
0.925031
0.925434
0.925631
0.925868
0.926027
0.926211
0.926294
0.926351
0.926798
0.926831
0.926961
0.927375
0.927664
0.927851
0.927954
0.928021
0.928187
0.928658
0.928787
0.928814
0.928871
0.928891
0.929386
0.929681
0.929908
0.930361
0.930431
0.930625
0.930877
0.931761
0.932158
0.932245
0.932388
0.93243
0.933308
0.933344
0.934401
0.934938
0.935254
0.936151
0.936255
0.936714
0.937391
0.937781
0.937815
0.938358
0.938468
0.93888
0.938938
0.939451
0.940477
0.940714
0.941221
0.941848
0.942045
0.942581
0.942718
0.942754
0.942971
0.942971
0.943311
0.943541
0.943921
0.944131
0.944691
0.945077
0.945811
0.945885
0.946231
0.947061
0.948134
0.948595
0.948985
0.949077
0.949165
0.949258
0.949531
0.949568
0.950174
0.950418
0.950634
0.950678
0.951112
0.951678
0.952364
0.952841
0.953181
0.953994
0.954151
0.954665
0.954828
0.956427
0.956431
0.956977
0.957034
0.958378
0.958461
0.958578
0.959077
0.959451
0.960421
0.960951
0.963238
0.96329
0.963617
0.968021
0.969034
0.970101
0.970314
0.974191
0.974561
0.976998
0.980134
0.980278
0.980511
0.981878
0.982897
0.983285
0.984881
0.986624
0.987507
0.988428
0.988517
0.988821
0.989174
0.989474
0.991501
0.993684
0.995408
0.996857
0.999201
1.000611
1.001291
1.001755
1.001858
1.002218
1.002891
1.003801
1.004974
1.005068
1.006107
1.006984
1.009534
1.010891
1.012281
1.014048
1.014938
1.016668
1.024908
1.030128
1.030201
1.031371
1.031398
1.032514
1.036301
1.038234
1.043305
1.048491
1.049328
1.053348
1.058041
1.059091
1.059724
1.073928
1.079448
1.081061
1.107558
1.119691
1.125267
1.126801
1.163143
1.174898
1.182944
1.189215
1.220735
1.243763
1.286995
1.302181
1.339631
1.393152
1.420062
1.439992
1.92498
