0.005762
0.006036
0.006087
0.006138
0.006145
0.006207
0.006352
0.006398
0.0064
0.006423
0.006464
0.006492
0.006515
0.006527
0.006551
0.006553
0.006566
0.006571
0.006574
0.006574
0.006576
0.00659
0.006602
0.006638
0.006647
0.006657
0.00667
0.006671
0.006684
0.006711
0.006728
0.006735
0.006736
0.006742
0.006748
0.00675
0.00675
0.006765
0.006781
0.006789
0.006793
0.006814
0.006829
0.006833
0.006842
0.006843
0.00686
0.006864
0.006875
0.006888
0.006889
0.006899
0.006901
0.006902
0.00691
0.006913
0.006915
0.00693
0.006935
0.006936
0.00695
0.00696
0.006962
0.00697
0.006972
0.006989
0.007002
0.007002
0.007007
0.007007
0.007009
0.00701
0.007017
0.007019
0.007025
0.007029
0.00703
0.007033
0.007033
0.007033
0.007035
0.007036
0.007042
0.007042
0.007042
0.007042
0.007043
0.007045
0.007052
0.007055
0.007057
0.007059
0.007061
0.007064
0.007068
0.007071
0.007073
0.007077
0.007077
0.007089
0.007099
0.0071
0.0071
0.007102
0.007108
0.007108
0.007113
0.007114
0.007116
0.00712
0.007122
0.007122
0.007137
0.00714
0.007141
0.007143
0.007146
0.007147
0.00715
0.007153
0.007158
0.00716
0.00716
0.007162
0.007162
0.007167
0.007168
0.007169
0.00717
0.00717
0.007171
0.007171
0.007174
0.007177
0.007178
0.007178
0.007178
0.00718
0.00718
0.007181
0.007182
0.007187
0.007192
0.007192
0.007193
0.007193
0.007197
0.0072
0.007204
0.007205
0.007207
0.007208
0.007211
0.007213
0.007214
0.007217
0.007221
0.007222
0.007233
0.007233
0.007233
0.007234
0.007235
0.00724
0.00724
0.007247
0.007248
0.007252
0.007252
0.007256
0.007256
0.007256
0.007257
0.00726
0.007261
0.007262
0.007263
0.007264
0.007264
0.007264
0.007268
0.007271
0.007271
0.007276
0.007277
0.007278
0.007278
0.00728
0.00728
0.007282
0.007282
0.007283
0.007284
0.007288
0.007292
0.007292
0.007293
0.007301
0.007304
0.007305
0.007306
0.007308
0.007308
0.007308
0.00731
0.007313
0.007313
0.007314
0.007318
0.00732
0.007322
0.007323
0.007323
0.007323
0.007326
0.007327
0.007327
0.007328
0.007329
0.007331
0.007333
0.007334
0.007336
0.007338
0.00734
0.007341
0.007342
0.007343
0.007344
0.007345
0.007348
0.007348
0.00735
0.00735
0.007355
0.007355
0.007357
0.007358
0.007358
0.007358
0.007358
0.00736
0.007362
0.007363
0.007364
0.007365
0.00737
0.007372
0.007375
0.007375
0.007377
0.007379
0.007381
0.007381
0.007382
0.007384
0.007384
0.007385
0.007385
0.007388
0.007389
0.00739
0.007391
0.007391
0.007392
0.007393
0.007396
0.0074
0.007405
0.007405
0.007408
0.007408
0.007408
0.007408
0.00741
0.00741
0.007411
0.007415
0.007416
0.007417
0.007419
0.007419
0.00742
0.00742
0.007421
0.007421
0.007423
0.007425
0.007426
0.007429
0.00743
0.00743
0.00743
0.007433
0.007433
0.007433
0.007433
0.007438
0.00744
0.007443
0.007445
0.007447
0.007448
0.007449
0.007452
0.007453
0.007458
0.007458
0.007458
0.007459
0.007459
0.007462
0.007463
0.007463
0.007464
0.007464
0.007465
0.007465
0.007468
0.007468
0.00747
0.007471
0.007472
0.007474
0.00748
0.007482
0.007483
0.007484
0.007484
0.007485
0.007485
0.007489
0.007489
0.00749
0.00749
0.007492
0.007493
0.007494
0.007496
0.007498
0.007499
0.007502
0.007503
0.007508
0.007509
0.00751
0.007513
0.007513
0.007514
0.007515
0.007515
0.007515
0.007516
0.007517
0.007518
0.00752
0.00752
0.00752
0.00752
0.007522
0.007522
0.007525
0.007525
0.007527
0.007528
0.00753
0.007531
0.007531
0.007532
0.007533
0.007533
0.007536
0.007536
0.007536
0.007536
0.007538
0.007538
0.007539
0.007539
0.007539
0.007539
0.00754
0.007541
0.007541
0.007547
0.007548
0.007548
0.007548
0.007549
0.00755
0.007553
0.007555
0.007557
0.007557
0.00756
0.007562
0.007563
0.007567
0.007569
0.007569
0.00757
0.00757
0.007571
0.007572
0.007572
0.007573
0.007574
0.007576
0.007577
0.007579
0.00758
0.007583
0.007583
0.007583
0.007583
0.007584
0.007585
0.007585
0.007589
0.007589
0.007589
0.00759
0.007592
0.007593
0.007593
0.007596
0.007596
0.007597
0.007597
0.007597
0.007597
0.007598
0.007598
0.0076
0.0076
0.0076
0.007603
0.007603
0.007603
0.007609
0.00761
0.00761
0.007611
0.007612
0.007612
0.007612
0.007613
0.007616
0.007617
0.007619
0.007619
0.00762
0.007621
0.007623
0.007624
0.007624
0.007626
0.007628
0.007628
0.007629
0.00763
0.007631
0.007631
0.007631
0.007631
0.007634
0.007635
0.007636
0.007638
0.00764
0.00764
0.007642
0.007642
0.007646
0.007647
0.007649
0.007649
0.007652
0.007654
0.007658
0.007659
0.00766
0.00766
0.007661
0.007662
0.007662
0.007664
0.007667
0.007667
0.007668
0.007671
0.007673
0.007673
0.007674
0.007675
0.007675
0.007676
0.00768
0.00768
0.00768
0.00768
0.007682
0.007683
0.007684
0.007684
0.007686
0.007687
0.007687
0.007688
0.007689
0.007689
0.007689
0.007692
0.007692
0.007692
0.007692
0.007693
0.007694
0.007695
0.007698
0.0077
0.007701
0.007702
0.007702
0.007702
0.007704
0.007704
0.007705
0.007705
0.007705
0.007706
0.007706
0.007708
0.007709
0.007711
0.007711
0.007712
0.007713
0.007713
0.007715
0.007715
0.007716
0.007717
0.00772
0.00772
0.00772
0.007722
0.007722
0.007723
0.007727
0.007728
0.007729
0.00773
0.00773
0.007731
0.007735
0.007735
0.007735
0.007738
0.007738
0.007739
0.00774
0.007744
0.007745
0.007746
0.007746
0.007746
0.007748
0.007749
0.00775
0.007751
0.007751
0.007751
0.007751
0.007753
0.007753
0.007756
0.007758
0.007758
0.00776
0.00776
0.00776
0.007762
0.007762
0.007763
0.007765
0.007765
0.007767
0.007769
0.00777
0.007771
0.007771
0.007772
0.007772
0.007772
0.007774
0.007775
0.007776
0.007777
0.007779
0.00778
0.00778
0.00778
0.007783
0.007783
0.007783
0.007784
0.007784
0.007786
0.007787
0.007789
0.007793
0.007793
0.007795
0.007796
0.0078
0.0078
0.0078
0.007802
0.007803
0.007803
0.007803
0.007804
0.007805
0.007805
0.007806
0.007807
0.007807
0.007807
0.007808
0.007808
0.007809
0.00781
0.00781
0.00781
0.007812
0.007813
0.007814
0.007814
0.007816
0.007816
0.007817
0.007817
0.007818
0.007818
0.007819
0.00782
0.007821
0.007821
0.007821
0.007822
0.007822
0.007823
0.007823
0.007824
0.007827
0.007827
0.007828
0.007828
0.007829
0.007829
0.00783
0.007833
0.007833
0.007834
0.007835
0.007835
0.007835
0.007838
0.00784
0.00784
0.00784
0.00784
0.00784
0.00784
0.007842
0.007842
0.007843
0.007843
0.007843
0.007845
0.007845
0.007845
0.007845
0.007849
0.007851
0.007851
0.007852
0.007852
0.007852
0.007852
0.007852
0.007852
0.007852
0.007853
0.007854
0.007854
0.007854
0.007856
0.007857
0.007857
0.007857
0.00786
0.00786
0.00786
0.007861
0.007864
0.007864
0.007865
0.007866
0.007867
0.007869
0.00787
0.00787
0.00787
0.00787
0.007871
0.007872
0.007872
0.007874
0.007877
0.007878
0.007878
0.007878
0.00788
0.007882
0.007883
0.007883
0.007883
0.007884
0.007887
0.007887
0.007889
0.007892
0.007892
0.007892
0.007893
0.007893
0.007894
0.007896
0.007897
0.007897
0.007898
0.007898
0.007899
0.007899
0.0079
0.0079
0.0079
0.007903
0.007904
0.007905
0.007906
0.007906
0.007906
0.007907
0.007907
0.007907
0.007908
0.007908
0.007908
0.007908
0.007908
0.007909
0.00791
0.00791
0.007911
0.007911
0.007912
0.007913
0.007913
0.007915
0.007918
0.00792
0.00792
0.00792
0.00792
0.00792
0.00792
0.007922
0.007922
0.007927
0.007928
0.00793
0.00793
0.00793
0.007931
0.007932
0.007933
0.007934
0.007937
0.007941
0.007942
0.007943
0.007943
0.007944
0.007946
0.007946
0.007948
0.007948
0.007948
0.007948
0.007949
0.007951
0.007951
0.007951
0.007951
0.007952
0.007952
0.007953
0.007953
0.007954
0.007955
0.007955
0.007957
0.007957
0.007958
0.00796
0.00796
0.00796
0.007962
0.007962
0.007962
0.007963
0.007963
0.007965
0.007965
0.007965
0.007966
0.007967
0.007967
0.007967
0.007967
0.007969
0.007969
0.007969
0.007972
0.007972
0.007975
0.007975
0.007977
0.007977
0.007977
0.007978
0.007979
0.007979
0.00798
0.00798
0.007981
0.007982
0.007982
0.007983
0.007983
0.007983
0.007984
0.007984
0.007985
0.007985
0.007985
0.007985
0.007986
0.007986
0.007986
0.007986
0.007988
0.007988
0.007989
0.007989
0.007991
0.007993
0.007994
0.007995
0.007995
0.007995
0.007996
0.007997
0.007998
0.007998
0.007998
0.007998
0.008
0.008
0.008
0.008
0.008
0.008
0.008
0.008002
0.008002
0.008002
0.008002
0.008002
0.008002
0.008003
0.008003
0.008004
0.008005
0.008005
0.008006
0.008007
0.008007
0.008007
0.008008
0.008008
0.008009
0.008009
0.008009
0.008009
0.00801
0.00801
0.008011
0.008011
0.008011
0.008011
0.008012
0.008012
0.008013
0.008013
0.008014
0.008016
0.008017
0.008018
0.008019
0.00802
0.008021
0.008021
0.008021
0.008021
0.008022
0.008023
0.008024
0.008026
0.008026
0.008027
0.008028
0.008028
0.008028
0.008028
0.008028
0.008029
0.008029
0.00803
0.00803
0.00803
0.008031
0.008031
0.008031
0.008032
0.008032
0.008033
0.008033
0.008033
0.008034
0.008035
0.008036
0.008037
0.008037
0.008037
0.008038
0.00804
0.00804
0.00804
0.00804
0.00804
0.008042
0.008042
0.008042
0.008042
0.008044
0.008044
0.008044
0.008045
0.008045
0.008046
0.008046
0.008046
0.008046
0.008046
0.008047
0.008047
0.008048
0.00805
0.00805
0.008052
0.008052
0.008052
0.008052
0.008052
0.008053
0.008054
0.008056
0.008056
0.008058
0.008059
0.008059
0.00806
0.00806
0.00806
0.008061
0.008064
0.008064
0.008066
0.008066
0.008067
0.008068
0.00807
0.00807
0.008071
0.008071
0.008073
0.008074
0.008077
0.008077
0.008077
0.008078
0.008078
0.00808
0.00808
0.00808
0.008082
0.008083
0.008083
0.008084
0.008085
0.008087
0.008087
0.008088
0.008088
0.008089
0.008089
0.008089
0.008089
0.00809
0.008091
0.008091
0.008092
0.008092
0.008092
0.008094
0.008094
0.008094
0.008095
0.008095
0.008097
0.008097
0.008097
0.008098
0.008098
0.008098
0.008098
0.008098
0.008099
0.0081
0.0081
0.008101
0.008102
0.008102
0.008102
0.008102
0.008103
0.008104
0.008104
0.008106
0.008106
0.008107
0.008107
0.008108
0.008108
0.008108
0.008108
0.008109
0.008109
0.00811
0.00811
0.008111
0.008111
0.008111
0.008111
0.008111
0.008113
0.008114
0.008115
0.008116
0.008116
0.008116
0.008117
0.008117
0.008117
0.008117
0.008118
0.00812
0.00812
0.00812
0.008122
0.008123
0.008124
0.008125
0.008126
0.008126
0.008126
0.008128
0.008128
0.008129
0.008129
0.00813
0.00813
0.008132
0.008132
0.008132
0.008133
0.008133
0.008134
0.008134
0.008138
0.008138
0.008139
0.008139
0.008139
0.008139
0.008139
0.00814
0.00814
0.00814
0.00814
0.008141
0.008142
0.008142
0.008142
0.008143
0.008143
0.008143
0.008143
0.008144
0.008145
0.008146
0.008146
0.008146
0.008146
0.008148
0.008148
0.008148
0.008148
0.008148
0.008148
0.008149
0.00815
0.008151
0.008152
0.008153
0.008154
0.008155
0.008156
0.008157
0.008157
0.008157
0.008157
0.008158
0.008158
0.008158
0.008158
0.00816
0.00816
0.00816
0.00816
0.00816
0.00816
0.00816
0.00816
0.008162
0.008163
0.008163
0.008166
0.008166
0.008167
0.008169
0.008171
0.008172
0.008172
0.008172
0.008172
0.008173
0.008174
0.008174
0.008174
0.008176
0.008176
0.008176
0.008176
0.008177
0.00818
0.00818
0.008181
0.008181
0.008183
0.008183
0.008184
0.008184
0.008185
0.008185
0.008186
0.008186
0.008186
0.008186
0.008186
0.008186
0.008186
0.008187
0.008188
0.008189
0.008189
0.008189
0.00819
0.008191
0.008192
0.008192
0.008193
0.008193
0.008193
0.008193
0.008193
0.008193
0.008195
0.008197
0.008198
0.008198
0.008198
0.008198
0.0082
0.0082
0.0082
0.0082
0.0082
0.0082
0.008202
0.008203
0.008205
0.008206
0.008207
0.008207
0.008209
0.008209
0.00821
0.00821
0.00821
0.008211
0.008212
0.008212
0.008212
0.008216
0.008216
0.008217
0.008217
0.008217
0.00822
0.008221
0.008222
0.008222
0.008222
0.008223
0.008223
0.008224
0.008225
0.008225
0.008226
0.008226
0.008227
0.008227
0.008227
0.008228
0.008228
0.008228
0.008229
0.008229
0.00823
0.00823
0.008231
0.008231
0.008231
0.008231
0.008232
0.008232
0.008233
0.008233
0.008233
0.008234
0.008235
0.008235
0.008236
0.008236
0.008237
0.008237
0.008238
0.008238
0.00824
0.00824
0.00824
0.008242
0.008243
0.008245
0.008245
0.008246
0.008248
0.008248
0.008248
0.008249
0.008251
0.008251
0.008252
0.008252
0.008252
0.008252
0.008253
0.008254
0.008254
0.008254
0.008255
0.008255
0.008257
0.008257
0.008257
0.008257
0.008257
0.008258
0.008259
0.008259
0.00826
0.00826
0.008261
0.008261
0.008262
0.008262
0.008263
0.008263
0.008263
0.008264
0.008264
0.008265
0.008265
0.008265
0.008266
0.008266
0.008266
0.008266
0.008268
0.008268
0.00827
0.00827
0.008271
0.008271
0.008272
0.008272
0.008273
0.008273
0.008273
0.008273
0.008274
0.008274
0.008276
0.008277
0.008277
0.008278
0.008278
0.00828
0.00828
0.00828
0.00828
0.00828
0.00828
0.00828
0.00828
0.008282
0.008282
0.008283
0.008283
0.008283
0.008283
0.008283
0.008283
0.008283
0.008284
0.008284
0.008286
0.008286
0.008286
0.008287
0.008287
0.008289
0.008289
0.008289
0.008291
0.008291
0.008291
0.008291
0.008291
0.008292
0.008292
0.008292
0.008292
0.008292
0.008292
0.008292
0.008292
0.008292
0.008294
0.008294
0.008295
0.008297
0.008297
0.008298
0.008298
0.008298
0.008299
0.008299
0.0083
0.008301
0.008301
0.008302
0.008302
0.008302
0.008302
0.008303
0.008303
0.008303
0.008306
0.008306
0.008307
0.008309
0.008309
0.00831
0.00831
0.008311
0.008311
0.008311
0.008312
0.008312
0.008313
0.008313
0.008313
0.008313
0.008314
0.008314
0.008314
0.008315
0.008317
0.008317
0.008317
0.008317
0.008318
0.008318
0.008318
0.008318
0.008318
0.008318
0.00832
0.00832
0.00832
0.00832
0.00832
0.00832
0.008322
0.008323
0.008323
0.008323
0.008323
0.008324
0.008324
0.008325
0.008326
0.008326
0.008326
0.008327
0.008327
0.008329
0.008329
0.00833
0.00833
0.008331
0.008332
0.008333
0.008335
0.008336
0.008337
0.008338
0.008338
0.008339
0.008339
0.008339
0.00834
0.00834
0.008342
0.008343
0.008343
0.008343
0.008344
0.008345
0.008345
0.008346
0.008346
0.008346
0.008346
0.008347
0.008347
0.008348
0.008348
0.008348
0.008349
0.008349
0.008349
0.008351
0.008351
0.008352
0.008352
0.008353
0.008353
0.008353
0.008354
0.008354
0.008355
0.008355
0.008357
0.008358
0.00836
0.00836
0.00836
0.00836
0.00836
0.00836
0.008363
0.008363
0.008363
0.008363
0.008364
0.008365
0.008365
0.008365
0.008365
0.008366
0.008366
0.008366
0.008366
0.008367
0.008369
0.008369
0.008369
0.008369
0.00837
0.008372
0.008372
0.008372
0.008373
0.008374
0.008374
0.008374
0.008374
0.008375
0.008375
0.008375
0.008376
0.008377
0.008378
0.008379
0.00838
0.00838
0.008382
0.008383
0.008383
0.008383
0.008385
0.008385
0.008385
0.008386
0.008386
0.008386
0.008387
0.008388
0.008388
0.008388
0.008389
0.008389
0.00839
0.00839
0.00839
0.00839
0.008391
0.008391
0.008391
0.008391
0.008392
0.008394
0.008394
0.008395
0.008395
0.008395
0.008395
0.008396
0.008396
0.008397
0.008397
0.008397
0.008397
0.008397
0.008397
0.008398
0.008398
0.0084
0.0084
0.0084
0.0084
0.0084
0.008402
0.008402
0.008402
0.008402
0.008402
0.008403
0.008403
0.008403
0.008403
0.008404
0.008405
0.008406
0.008406
0.008406
0.008407
0.008407
0.008407
0.008407
0.008407
0.008407
0.008408
0.008409
0.008409
0.008409
0.008409
0.008409
0.008409
0.008409
0.00841
0.008411
0.008412
0.008412
0.008414
0.008414
0.008414
0.008414
0.008415
0.008417
0.008417
0.008417
0.008419
0.00842
0.00842
0.00842
0.00842
0.00842
0.008421
0.008421
0.008422
0.008422
0.008422
0.008424
0.008425
0.008426
0.008427
0.008427
0.008427
0.008428
0.00843
0.00843
0.008431
0.008431
0.008432
0.008432
0.008433
0.008433
0.008433
0.008433
0.008434
0.008435
0.008437
0.008437
0.008437
0.008437
0.008437
0.008437
0.008438
0.00844
0.00844
0.00844
0.00844
0.00844
0.00844
0.00844
0.00844
0.008443
0.008443
0.008443
0.008443
0.008444
0.008445
0.008445
0.008445
0.008446
0.008446
0.008446
0.008448
0.008448
0.008449
0.008449
0.008449
0.00845
0.00845
0.00845
0.00845
0.008451
0.008452
0.008452
0.008452
0.008452
0.008453
0.008453
0.008453
0.008455
0.008456
0.008456
0.008456
0.008457
0.008457
0.008457
0.008459
0.00846
0.00846
0.00846
0.00846
0.00846
0.008462
0.008462
0.008462
0.008462
0.008463
0.008464
0.008465
0.008465
0.008465
0.008465
0.008465
0.008466
0.008466
0.008467
0.008468
0.008468
0.00847
0.008471
0.008471
0.008473
0.008473
0.008473
0.008475
0.008475
0.008477
0.008477
0.008477
0.008477
0.008477
0.008477
0.008478
0.008478
0.00848
0.00848
0.00848
0.00848
0.00848
0.008482
0.008482
0.008484
0.008485
0.008485
0.008486
0.008486
0.008487
0.008487
0.008487
0.008487
0.008488
0.008488
0.008489
0.008489
0.008489
0.008489
0.008489
0.00849
0.00849
0.00849
0.008491
0.008491
0.008492
0.008493
0.008494
0.008495
0.008495
0.008495
0.008496
0.008496
0.008497
0.008497
0.008497
0.008497
0.008498
0.008498
0.008498
0.008498
0.008499
0.008501
0.008501
0.008501
0.008502
0.008503
0.008503
0.008503
0.008503
0.008503
0.008503
0.008503
0.008504
0.008505
0.008506
0.008506
0.008506
0.008507
0.008507
0.008508
0.008508
0.008508
0.008509
0.00851
0.008511
0.008512
0.008513
0.008514
0.008514
0.008514
0.008514
0.008516
0.008516
0.008516
0.008516
0.008516
0.008517
0.008517
0.008517
0.008517
0.008517
0.00852
0.00852
0.00852
0.00852
0.00852
0.00852
0.008522
0.008523
0.008523
0.008523
0.008523
0.008523
0.008525
0.008526
0.008527
0.008527
0.008527
0.008528
0.008528
0.008528
0.008529
0.008529
0.008529
0.00853
0.008531
0.008532
0.008532
0.008532
0.008534
0.008535
0.008535
0.008535
0.008536
0.008537
0.008537
0.008537
0.008537
0.008537
0.008538
0.008538
0.008539
0.00854
0.00854
0.00854
0.00854
0.008541
0.008543
0.008545
0.008545
0.008545
0.008546
0.008547
0.008548
0.008549
0.00855
0.00855
0.008551
0.008551
0.008551
0.008551
0.008553
0.008554
0.008554
0.008555
0.008555
0.008555
0.008555
0.008555
0.008556
0.008556
0.008557
0.008557
0.008557
0.008558
0.008558
0.008558
0.00856
0.00856
0.00856
0.00856
0.00856
0.008562
0.008563
0.008563
0.008563
0.008564
0.008565
0.008565
0.008566
0.008566
0.008566
0.008566
0.008567
0.008569
0.00857
0.008571
0.008572
0.008572
0.008572
0.008572
0.008572
0.008572
0.008574
0.008574
0.008575
0.008575
0.008576
0.008577
0.008577
0.008577
0.008577
0.008578
0.008579
0.00858
0.00858
0.00858
0.00858
0.008581
0.008581
0.008583
0.008583
0.008583
0.008583
0.008583
0.008584
0.008585
0.008586
0.008586
0.008586
0.008587
0.008587
0.008587
0.008588
0.008588
0.008588
0.008588
0.008589
0.008589
0.008591
0.008591
0.008591
0.008591
0.008591
0.008591
0.008591
0.008591
0.008592
0.008592
0.008592
0.008593
0.008593
0.008594
0.008594
0.008594
0.008594
0.008594
0.008596
0.008596
0.008597
0.008597
0.008597
0.008597
0.008597
0.008598
0.008598
0.008598
0.0086
0.0086
0.0086
0.0086
0.0086
0.0086
0.008602
0.008602
0.008602
0.008603
0.008603
0.008603
0.008603
0.008603
0.008605
0.008606
0.008606
0.008608
0.008609
0.008609
0.00861
0.00861
0.008611
0.008611
0.008612
0.008612
0.008612
0.008612
0.008612
0.008612
0.008612
0.008612
0.008612
0.008612
0.008612
0.008613
0.008613
0.008613
0.008613
0.008613
0.008613
0.008614
0.008615
0.008615
0.008615
0.008615
0.008615
0.008617
0.008617
0.008617
0.008617
0.008617
0.008617
0.008617
0.008617
0.008617
0.008617
0.008618
0.008618
0.008619
0.00862
0.00862
0.00862
0.00862
0.00862
0.00862
0.008621
0.008621
0.008621
0.008621
0.008623
0.008623
0.008624
0.008625
0.008626
0.008626
0.008627
0.008627
0.008628
0.008628
0.008628
0.008628
0.008629
0.008629
0.00863
0.008631
0.008631
0.008632
0.008632
0.008632
0.008633
0.008633
0.008633
0.008635
0.008636
0.008636
0.008637
0.008637
0.008637
0.008637
0.008637
0.008638
0.008638
0.00864
0.00864
0.00864
0.00864
0.00864
0.008642
0.008642
0.008643
0.008643
0.008645
0.008645
0.008645
0.008646
0.008646
0.008646
0.008646
0.008646
0.008647
0.008647
0.008648
0.008649
0.008649
0.00865
0.008651
0.008651
0.008651
0.008651
0.008651
0.008651
0.008652
0.008653
0.008654
0.008655
0.008655
0.008655
0.008655
0.008655
0.008655
0.008656
0.008656
0.008656
0.008657
0.008658
0.008659
0.00866
0.00866
0.00866
0.008662
0.008664
0.008664
0.008665
0.008665
0.008665
0.008666
0.008666
0.008666
0.008666
0.008666
0.008667
0.008667
0.008668
0.008668
0.008669
0.008671
0.008671
0.008672
0.008672
0.008673
0.008673
0.008673
0.008674
0.008674
0.008674
0.008674
0.008675
0.008675
0.008676
0.008677
0.008677
0.00868
0.00868
0.00868
0.00868
0.00868
0.00868
0.00868
0.00868
0.00868
0.00868
0.008683
0.008683
0.008684
0.008684
0.008684
0.008686
0.008686
0.008686
0.008686
0.008688
0.008689
0.008689
0.008689
0.00869
0.00869
0.008692
0.008692
0.008693
0.008693
0.008695
0.008695
0.008696
0.008697
0.008697
0.008697
0.008698
0.008698
0.008699
0.008699
0.008699
0.008699
0.008699
0.0087
0.008701
0.008702
0.008702
0.008702
0.008703
0.008704
0.008706
0.008707
0.008707
0.008707
0.008707
0.008708
0.008708
0.008708
0.008709
0.008711
0.008711
0.008711
0.008712
0.008713
0.008713
0.008714
0.008714
0.008714
0.008714
0.008717
0.008717
0.008717
0.008718
0.008718
0.008718
0.008718
0.008722
0.008723
0.008723
0.008723
0.008723
0.008725
0.008725
0.008726
0.008726
0.008727
0.008727
0.008728
0.008728
0.008728
0.008729
0.008729
0.008729
0.00873
0.008732
0.008732
0.008732
0.008732
0.008732
0.008732
0.008732
0.008733
0.008733
0.008733
0.008733
0.008733
0.008734
0.008734
0.008735
0.008735
0.008736
0.008736
0.008737
0.008737
0.008738
0.008739
0.008739
0.008739
0.00874
0.008741
0.008742
0.008742
0.008743
0.008743
0.008743
0.008744
0.008745
0.008745
0.008745
0.008745
0.008746
0.008746
0.008746
0.008746
0.008747
0.008747
0.008747
0.008748
0.008748
0.00875
0.00875
0.00875
0.008751
0.008751
0.008751
0.008751
0.008752
0.008752
0.008754
0.008754
0.008754
0.008754
0.008754
0.008755
0.008756
0.008757
0.008757
0.008757
0.008757
0.00876
0.00876
0.00876
0.00876
0.00876
0.00876
0.00876
0.00876
0.00876
0.00876
0.008762
0.008762
0.008763
0.008763
0.008763
0.008763
0.008763
0.008764
0.008764
0.008765
0.008765
0.008766
0.008766
0.008767
0.008767
0.008767
0.008767
0.008768
0.008768
0.008769
0.008769
0.008769
0.00877
0.00877
0.00877
0.008772
0.008772
0.008772
0.008774
0.008774
0.008774
0.008775
0.008775
0.008776
0.008776
0.008777
0.008777
0.008777
0.008778
0.008779
0.008779
0.00878
0.00878
0.00878
0.00878
0.008781
0.008781
0.008781
0.008782
0.008783
0.008785
0.008786
0.008787
0.008787
0.008787
0.008788
0.008789
0.00879
0.00879
0.008791
0.008791
0.008792
0.008792
0.008794
0.008794
0.008796
0.008797
0.008797
0.008797
0.008797
0.008797
0.008797
0.008798
0.008798
0.0088
0.0088
0.0088
0.0088
0.0088
0.008803
0.008803
0.008803
0.008803
0.008803
0.008804
0.008805
0.008805
0.008805
0.008805
0.008806
0.008806
0.008806
0.008806
0.008806
0.008808
0.008808
0.008808
0.008809
0.008809
0.008809
0.008809
0.00881
0.00881
0.008811
0.008812
0.008812
0.008812
0.008813
0.008813
0.008814
0.008815
0.008815
0.008815
0.008815
0.008816
0.008816
0.008816
0.008816
0.008817
0.008817
0.008817
0.008817
0.008817
0.008817
0.008818
0.008818
0.008818
0.008818
0.008819
0.008819
0.008819
0.008819
0.008819
0.00882
0.00882
0.00882
0.008821
0.008821
0.008821
0.008823
0.008823
0.008823
0.008823
0.008824
0.008824
0.008825
0.008825
0.008825
0.008825
0.008826
0.008826
0.008826
0.008828
0.008828
0.008828
0.008829
0.00883
0.008832
0.008832
0.008833
0.008833
0.008833
0.008833
0.008834
0.008834
0.008834
0.008835
0.008837
0.008837
0.008837
0.008837
0.008837
0.008838
0.00884
0.00884
0.00884
0.00884
0.008842
0.008843
0.008845
0.008845
0.008845
0.008846
0.008846
0.008846
0.008846
0.008846
0.008846
0.008846
0.008847
0.008847
0.008847
0.008848
0.008849
0.008849
0.008849
0.008849
0.00885
0.00885
0.00885
0.00885
0.008851
0.008852
0.008852
0.008852
0.008852
0.008852
0.008853
0.008853
0.008854
0.008855
0.008855
0.008856
0.008856
0.008857
0.008857
0.008858
0.00886
0.00886
0.00886
0.00886
0.00886
0.008862
0.008862
0.008862
0.008862
0.008862
0.008863
0.008863
0.008863
0.008863
0.008864
0.008864
0.008865
0.008865
0.008865
0.008866
0.008866
0.008866
0.008866
0.008866
0.008866
0.008866
0.008867
0.008867
0.008867
0.008867
0.008868
0.008868
0.008869
0.00887
0.00887
0.00887
0.00887
0.008871
0.008871
0.008871
0.008871
0.008872
0.008872
0.008873
0.008874
0.008874
0.008874
0.008874
0.008875
0.008875
0.008875
0.008876
0.008877
0.008877
0.008877
0.008877
0.008877
0.008877
0.008877
0.008877
0.008878
0.00888
0.00888
0.00888
0.00888
0.008882
0.008883
0.008883
0.008883
0.008883
0.008883
0.008884
0.008886
0.008887
0.008888
0.008888
0.008888
0.008889
0.008889
0.008889
0.008889
0.008889
0.008892
0.008892
0.008892
0.008892
0.008894
0.008895
0.008895
0.008895
0.008895
0.008896
0.008896
0.008897
0.008897
0.008897
0.008897
0.008897
0.008897
0.008897
0.008898
0.008898
0.008898
0.008899
0.008899
0.008901
0.008902
0.008903
0.008903
0.008904
0.008905
0.008905
0.008905
0.008906
0.008907
0.008907
0.008907
0.008907
0.008908
0.008909
0.008909
0.00891
0.00891
0.008911
0.008913
0.008913
0.008913
0.008914
0.008914
0.008914
0.008914
0.008914
0.008916
0.008917
0.008917
0.008917
0.008917
0.008917
0.00892
0.00892
0.00892
0.00892
0.00892
0.00892
0.00892
0.00892
0.00892
0.008922
0.008923
0.008923
0.008923
0.008923
0.008923
0.008923
0.008923
0.008925
0.008926
0.008926
0.008926
0.008926
0.008926
0.008926
0.008926
0.008926
0.008929
0.00893
0.00893
0.008931
0.008932
0.008932
0.008932
0.008932
0.008932
0.008932
0.008933
0.008934
0.008934
0.008934
0.008935
0.008935
0.008935
0.008935
0.008935
0.008935
0.008936
0.008936
0.008937
0.008937
0.008938
0.008938
0.008938
0.008939
0.00894
0.00894
0.00894
0.00894
0.008941
0.008941
0.008941
0.008942
0.008942
0.008942
0.008942
0.008942
0.008944
0.008945
0.008945
0.008945
0.008945
0.008946
0.008947
0.008948
0.008948
0.008948
0.008948
0.008948
0.00895
0.00895
0.00895
0.008951
0.008951
0.008951
0.008951
0.008951
0.008951
0.008953
0.008953
0.008954
0.008954
0.008954
0.008954
0.008954
0.008956
0.008957
0.008957
0.008957
0.008957
0.008957
0.008957
0.008957
0.008957
0.00896
0.00896
0.00896
0.00896
0.00896
0.00896
0.00896
0.00896
0.00896
0.00896
0.008962
0.008963
0.008963
0.008963
0.008963
0.008964
0.008964
0.008966
0.008966
0.008966
0.008966
0.008966
0.008966
0.008967
0.008967
0.008967
0.008967
0.008968
0.008969
0.008969
0.00897
0.00897
0.008971
0.008972
0.008972
0.008973
0.008973
0.008973
0.008973
0.008973
0.008973
0.008973
0.008974
0.008975
0.008975
0.008975
0.008976
0.008976
0.008976
0.008977
0.008977
0.008979
0.00898
0.00898
0.00898
0.008981
0.008982
0.008982
0.008982
0.008982
0.008983
0.008983
0.008984
0.008984
0.008984
0.008985
0.008986
0.008986
0.008988
0.008988
0.008989
0.00899
0.00899
0.00899
0.008991
0.008991
0.008991
0.008991
0.008992
0.008993
0.008994
0.008994
0.008994
0.008994
0.008994
0.008994
0.008995
0.008995
0.008997
0.008997
0.008997
0.008997
0.008997
0.008997
0.009
0.009
0.009
0.009
0.009
0.009
0.009
0.009002
0.009002
0.009002
0.009003
0.009003
0.009003
0.009003
0.009003
0.009003
0.009003
0.009003
0.009003
0.009003
0.009005
0.009006
0.009006
0.009006
0.009006
0.009006
0.009006
0.009008
0.009009
0.009009
0.009009
0.009009
0.009009
0.009009
0.00901
0.00901
0.00901
0.00901
0.009012
0.009012
0.009012
0.009012
0.009012
0.009012
0.009013
0.009013
0.009014
0.009014
0.009014
0.009015
0.009015
0.009015
0.009016
0.009017
0.009017
0.009018
0.009019
0.009019
0.00902
0.00902
0.00902
0.00902
0.00902
0.009021
0.009021
0.009021
0.009021
0.009022
0.009022
0.009022
0.009023
0.009023
0.009023
0.009024
0.009024
0.009024
0.009024
0.009025
0.009025
0.009025
0.009025
0.009026
0.009026
0.009027
0.009027
0.009027
0.009027
0.009028
0.009028
0.009028
0.009029
0.00903
0.00903
0.00903
0.00903
0.009031
0.009031
0.009031
0.009031
0.009031
0.009032
0.009033
0.009033
0.009033
0.009034
0.009034
0.009034
0.009036
0.009036
0.009036
0.009036
0.009037
0.009037
0.009037
0.009037
0.00904
0.00904
0.00904
0.00904
0.00904
0.00904
0.00904
0.00904
0.00904
0.00904
0.00904
0.009042
0.009043
0.009043
0.009043
0.009043
0.009043
0.009043
0.009043
0.009043
0.009043
0.009043
0.009044
0.009044
0.009044
0.009045
0.009046
0.009046
0.009046
0.009046
0.009047
0.009048
0.009049
0.009049
0.00905
0.00905
0.00905
0.00905
0.00905
0.009052
0.009052
0.009053
0.009054
0.009054
0.009054
0.009054
0.009054
0.009055
0.009055
0.009055
0.009055
0.009055
0.009055
0.009055
0.009056
0.009056
0.009056
0.009057
0.009057
0.009057
0.009058
0.009059
0.009059
0.00906
0.00906
0.00906
0.009061
0.009062
0.009062
0.009062
0.009063
0.009063
0.009064
0.009064
0.009064
0.009065
0.009065
0.009066
0.009067
0.009067
0.009067
0.009067
0.009068
0.009068
0.009068
0.009068
0.009068
0.00907
0.00907
0.00907
0.00907
0.009071
0.009071
0.009071
0.009071
0.009073
0.009073
0.009073
0.009074
0.009074
0.009074
0.009074
0.009075
0.009075
0.009077
0.009077
0.009077
0.009077
0.009077
0.009077
0.009077
0.00908
0.00908
0.00908
0.00908
0.00908
0.00908
0.00908
0.00908
0.00908
0.00908
0.009082
0.009083
0.009083
0.009083
0.009083
0.009083
0.009083
0.009083
0.009083
0.009083
0.009084
0.009086
0.009086
0.009086
0.009086
0.009086
0.009086
0.009086
0.009087
0.009087
0.009087
0.009088
0.009088
0.009089
0.00909
0.00909
0.009091
0.009092
0.009092
0.009092
0.009092
0.009092
0.009094
0.009095
0.009095
0.009095
0.009095
0.009095
0.009095
0.009096
0.009096
0.009097
0.009097
0.009097
0.009098
0.009098
0.009098
0.009098
0.009098
0.009098
0.009098
0.009099
0.009099
0.009099
0.009099
0.009099
0.009099
0.0091
0.0091
0.0091
0.0091
0.009101
0.009102
0.009102
0.009102
0.009102
0.009103
0.009103
0.009103
0.009104
0.009105
0.009106
0.009106
0.009107
0.009107
0.009107
0.009107
0.009108
0.009108
0.009108
0.009109
0.009109
0.00911
0.009111
0.009111
0.009112
0.009112
0.009112
0.009113
0.009114
0.009114
0.009114
0.009114
0.009114
0.009114
0.009115
0.009116
0.009117
0.009117
0.009117
0.009117
0.009117
0.00912
0.00912
0.00912
0.00912
0.00912
0.009122
0.009122
0.009122
0.009123
0.009123
0.009123
0.009123
0.009123
0.009123
0.009123
0.009123
0.009123
0.009123
0.009123
0.009123
0.009124
0.009126
0.009126
0.009126
0.009127
0.009127
0.009127
0.009127
0.009129
0.009129
0.00913
0.00913
0.009132
0.009132
0.009132
0.009133
0.009133
0.009133
0.009134
0.009134
0.009135
0.009136
0.009136
0.009136
0.009136
0.009137
0.009137
0.009137
0.009138
0.009138
0.009139
0.009139
0.009139
0.009139
0.00914
0.00914
0.00914
0.009141
0.009141
0.009141
0.009142
0.009142
0.009142
0.009142
0.009142
0.009142
0.009143
0.009144
0.009144
0.009144
0.009145
0.009145
0.009145
0.009146
0.009147
0.009147
0.009147
0.009148
0.009148
0.009148
0.00915
0.00915
0.009151
0.009151
0.009151
0.009151
0.009151
0.009151
0.009151
0.009153
0.009153
0.009153
0.009154
0.009154
0.009154
0.009154
0.009154
0.009155
0.009156
0.009156
0.009157
0.009157
0.009157
0.009157
0.009157
0.009157
0.00916
0.00916
0.00916
0.00916
0.00916
0.00916
0.009163
0.009163
0.009163
0.009163
0.009163
0.009163
0.009164
0.009164
0.009164
0.009166
0.009166
0.009166
0.009166
0.009166
0.009167
0.009167
0.009167
0.009167
0.009168
0.009168
0.009169
0.009169
0.009169
0.00917
0.009171
0.009172
0.009172
0.009172
0.009172
0.009172
0.009172
0.009172
0.009173
0.009173
0.009173
0.009173
0.009175
0.009175
0.009175
0.009175
0.009175
0.009175
0.009175
0.009175
0.009176
0.009176
0.009176
0.009177
0.009177
0.009177
0.009178
0.009178
0.009178
0.009178
0.009178
0.009178
0.00918
0.00918
0.00918
0.00918
0.009181
0.009181
0.009181
0.009182
0.009182
0.009182
0.009183
0.009183
0.009183
0.009183
0.009184
0.009184
0.009184
0.009184
0.009184
0.009184
0.009185
0.009186
0.009186
0.009187
0.009188
0.009188
0.009188
0.009188
0.009188
0.009188
0.00919
0.00919
0.00919
0.00919
0.009191
0.009191
0.009192
0.009193
0.009193
0.009194
0.009194
0.009195
0.009196
0.009197
0.009197
0.009197
0.009197
0.009197
0.009198
0.0092
0.0092
0.0092
0.0092
0.0092
0.0092
0.0092
0.0092
0.0092
0.0092
0.0092
0.009203
0.009203
0.009203
0.009203
0.009203
0.009203
0.009204
0.009206
0.009206
0.009206
0.009206
0.009206
0.009207
0.009209
0.009209
0.009209
0.009209
0.009209
0.009209
0.00921
0.00921
0.00921
0.00921
0.009211
0.009212
0.009212
0.009212
0.009212
0.009212
0.009212
0.009212
0.009212
0.009213
0.009213
0.009213
0.009214
0.009215
0.009215
0.009215
0.009215
0.009215
0.009217
0.009217
0.009217
0.009217
0.009217
0.009218
0.009218
0.009219
0.009219
0.009219
0.009219
0.00922
0.00922
0.00922
0.00922
0.00922
0.00922
0.00922
0.009221
0.009221
0.009221
0.009222
0.009222
0.009222
0.009222
0.009223
0.009223
0.009223
0.009224
0.009224
0.009224
0.009225
0.009225
0.009225
0.009226
0.009227
0.009227
0.009228
0.009228
0.009228
0.009228
0.009228
0.00923
0.00923
0.00923
0.00923
0.00923
0.009231
0.009231
0.009231
0.009231
0.009233
0.009234
0.009234
0.009235
0.009235
0.009235
0.009236
0.009237
0.009237
0.009237
0.009237
0.009237
0.009237
0.009238
0.00924
0.00924
0.00924
0.00924
0.00924
0.00924
0.00924
0.009242
0.009243
0.009243
0.009243
0.009243
0.009243
0.009244
0.009244
0.009244
0.009246
0.009246
0.009246
0.009247
0.009247
0.009247
0.009249
0.009249
0.009249
0.009249
0.00925
0.00925
0.00925
0.00925
0.00925
0.009251
0.009252
0.009252
0.009252
0.009252
0.009253
0.009253
0.009254
0.009254
0.009255
0.009255
0.009255
0.009255
0.009256
0.009256
0.009256
0.009256
0.009256
0.009257
0.009257
0.009258
0.009258
0.009258
0.009259
0.009259
0.009259
0.00926
0.00926
0.009261
0.009261
0.009262
0.009262
0.009262
0.009262
0.009262
0.009262
0.009262
0.009263
0.009263
0.009263
0.009265
0.009265
0.009265
0.009266
0.009267
0.009267
0.009267
0.009268
0.009268
0.009268
0.009269
0.00927
0.00927
0.009271
0.009271
0.009272
0.009273
0.009273
0.009274
0.009274
0.009274
0.009275
0.009276
0.009277
0.009277
0.009277
0.009277
0.009277
0.009277
0.009277
0.009277
0.009278
0.009278
0.009278
0.00928
0.00928
0.00928
0.00928
0.00928
0.00928
0.00928
0.00928
0.00928
0.00928
0.00928
0.00928
0.00928
0.009281
0.009282
0.009283
0.009283
0.009283
0.009283
0.009283
0.009283
0.009283
0.009283
0.009283
0.009283
0.009283
0.009284
0.009285
0.009285
0.009286
0.009286
0.009286
0.009286
0.009287
0.009287
0.009287
0.009289
0.009289
0.009289
0.009289
0.009289
0.009289
0.009289
0.00929
0.00929
0.00929
0.009292
0.009292
0.009293
0.009293
0.009293
0.009293
0.009293
0.009294
0.009294
0.009295
0.009295
0.009295
0.009295
0.009295
0.009296
0.009296
0.009296
0.009296
0.009296
0.009298
0.009299
0.009299
0.009299
0.0093
0.0093
0.0093
0.0093
0.0093
0.0093
0.0093
0.009301
0.009302
0.009302
0.009302
0.009302
0.009303
0.009304
0.009304
0.009304
0.009305
0.009305
0.009305
0.009307
0.009307
0.009307
0.009307
0.009308
0.009308
0.009308
0.009308
0.009309
0.00931
0.00931
0.00931
0.00931
0.00931
0.009311
0.009313
0.009313
0.009314
0.009314
0.009314
0.009314
0.009314
0.009314
0.009314
0.009316
0.009317
0.009317
0.009317
0.009317
0.009317
0.009318
0.00932
0.00932
0.00932
0.00932
0.00932
0.00932
0.00932
0.00932
0.009323
0.009323
0.009323
0.009323
0.009323
0.009323
0.009323
0.009324
0.009325
0.009326
0.009326
0.009326
0.009327
0.009327
0.009328
0.009329
0.009329
0.009329
0.009329
0.009329
0.009329
0.009329
0.009329
0.00933
0.00933
0.00933
0.00933
0.00933
0.009332
0.009332
0.009333
0.009333
0.009334
0.009335
0.009335
0.009335
0.009336
0.009336
0.009336
0.009336
0.009336
0.009337
0.009337
0.009338
0.009338
0.009338
0.009338
0.009338
0.009338
0.009338
0.009338
0.009339
0.009339
0.009339
0.00934
0.00934
0.00934
0.00934
0.00934
0.00934
0.00934
0.009341
0.009342
0.009342
0.009343
0.009343
0.009343
0.009344
0.009344
0.009344
0.009344
0.009345
0.009347
0.009347
0.009347
0.009347
0.009347
0.009348
0.009348
0.009349
0.00935
0.00935
0.00935
0.00935
0.00935
0.00935
0.009351
0.009351
0.009351
0.009351
0.009353
0.009353
0.009354
0.009354
0.009354
0.009354
0.009354
0.009354
0.009354
0.009356
0.009356
0.009357
0.009357
0.009357
0.009357
0.009357
0.009357
0.009357
0.009358
0.00936
0.00936
0.00936
0.00936
0.00936
0.00936
0.00936
0.00936
0.00936
0.009363
0.009363
0.009363
0.009363
0.009364
0.009364
0.009364
0.009364
0.009365
0.009366
0.009366
0.009366
0.009366
0.009366
0.009366
0.009366
0.009367
0.009367
0.009367
0.00937
0.00937
0.009372
0.009372
0.009372
0.009372
0.009372
0.009372
0.009372
0.009372
0.009373
0.009373
0.009373
0.009373
0.009373
0.009374
0.009375
0.009375
0.009375
0.009376
0.009376
0.009376
0.009376
0.009377
0.009377
0.009378
0.009378
0.009379
0.009379
0.00938
0.00938
0.009381
0.009382
0.009382
0.009383
0.009383
0.009384
0.009384
0.009384
0.009384
0.009384
0.009384
0.009384
0.009385
0.009386
0.009387
0.009387
0.009387
0.009387
0.009387
0.009388
0.009389
0.00939
0.00939
0.00939
0.00939
0.009391
0.009391
0.009391
0.009391
0.009391
0.009391
0.009393
0.009394
0.009394
0.009394
0.009394
0.009394
0.009394
0.009394
0.009394
0.009396
0.009397
0.009397
0.009397
0.009397
0.009397
0.009397
0.009397
0.0094
0.0094
0.0094
0.0094
0.0094
0.0094
0.0094
0.0094
0.0094
0.009402
0.009403
0.009403
0.009403
0.009403
0.009403
0.009406
0.009406
0.009407
0.009407
0.009409
0.009409
0.009409
0.009409
0.009409
0.00941
0.00941
0.00941
0.00941
0.009412
0.009412
0.009412
0.009412
0.009412
0.009413
0.009413
0.009413
0.009413
0.009414
0.009415
0.009415
0.009415
0.009415
0.009415
0.009416
0.009416
0.009416
0.009417
0.009417
0.009418
0.009418
0.009418
0.009418
0.009418
0.009419
0.009419
0.009419
0.00942
0.00942
0.009421
0.009421
0.009421
0.009422
0.009423
0.009423
0.009425
0.009425
0.009426
0.009426
0.009427
0.009427
0.009428
0.009428
0.009428
0.009428
0.009428
0.00943
0.00943
0.00943
0.00943
0.00943
0.00943
0.00943
0.00943
0.00943
0.009431
0.009431
0.009431
0.009431
0.009433
0.009433
0.009434
0.009434
0.009434
0.009434
0.009434
0.009436
0.009436
0.009437
0.009437
0.009437
0.009437
0.009437
0.009437
0.009437
0.00944
0.00944
0.00944
0.00944
0.00944
0.00944
0.00944
0.00944
0.00944
0.00944
0.009443
0.009443
0.009443
0.009443
0.009443
0.009443
0.009443
0.009443
0.009444
0.009446
0.009446
0.009446
0.009446
0.009446
0.009446
0.009447
0.009447
0.009448
0.009449
0.009449
0.00945
0.00945
0.00945
0.00945
0.00945
0.00945
0.00945
0.009452
0.009452
0.009452
0.009452
0.009452
0.009453
0.009453
0.009453
0.009454
0.009454
0.009455
0.009455
0.009455
0.009455
0.009456
0.009456
0.009456
0.009456
0.009456
0.009457
0.009458
0.009458
0.009458
0.009458
0.009459
0.009459
0.00946
0.00946
0.00946
0.00946
0.009462
0.009462
0.009462
0.009464
0.009464
0.009464
0.009464
0.009464
0.009464
0.009464
0.009464
0.009465
0.009465
0.009465
0.009465
0.009466
0.009466
0.009467
0.009467
0.009467
0.009467
0.009468
0.009468
0.009468
0.00947
0.00947
0.00947
0.00947
0.009471
0.009471
0.009471
0.009471
0.009471
0.009471
0.009473
0.009474
0.009474
0.009474
0.009474
0.009474
0.009476
0.009477
0.009477
0.009477
0.009477
0.00948
0.00948
0.00948
0.00948
0.00948
0.00948
0.00948
0.00948
0.00948
0.00948
0.009483
0.009483
0.009483
0.009483
0.009483
0.009483
0.009483
0.009484
0.009484
0.009486
0.009486
0.009486
0.009486
0.009486
0.009487
0.009487
0.009487
0.009487
0.009487
0.009487
0.009489
0.009489
0.009489
0.009489
0.00949
0.00949
0.00949
0.00949
0.00949
0.00949
0.009492
0.009492
0.009492
0.009492
0.009492
0.009493
0.009493
0.009493
0.009493
0.009493
0.009494
0.009495
0.009495
0.009495
0.009495
0.009495
0.009496
0.009496
0.009497
0.009497
0.009497
0.009497
0.009498
0.009498
0.009498
0.009498
0.009498
0.009498
0.009499
0.0095
0.0095
0.0095
0.0095
0.0095
0.009501
0.009502
0.009502
0.009502
0.009503
0.009503
0.009504
0.009504
0.009504
0.009505
0.009505
0.009506
0.009507
0.009507
0.00951
0.00951
0.00951
0.009511
0.009511
0.009511
0.009511
0.009512
0.009513
0.009513
0.009513
0.009513
0.009514
0.009514
0.009514
0.009514
0.009514
0.009516
0.009516
0.009516
0.009517
0.009517
0.009518
0.00952
0.00952
0.00952
0.00952
0.00952
0.00952
0.00952
0.00952
0.00952
0.00952
0.009522
0.009523
0.009523
0.009523
0.009524
0.009525
0.009526
0.009526
0.009526
0.009526
0.009526
0.009526
0.009527
0.009527
0.009527
0.009527
0.009529
0.00953
0.00953
0.00953
0.00953
0.00953
0.00953
0.009531
0.009532
0.009532
0.009533
0.009533
0.009533
0.009533
0.009534
0.009534
0.009535
0.009535
0.009535
0.009535
0.009535
0.009536
0.009536
0.009537
0.009537
0.009537
0.009537
0.009538
0.009539
0.009539
0.009539
0.00954
0.00954
0.00954
0.00954
0.00954
0.00954
0.00954
0.00954
0.009542
0.009542
0.009542
0.009542
0.009543
0.009543
0.009544
0.009544
0.009544
0.009544
0.009544
0.009545
0.009545
0.009545
0.009545
0.009545
0.009545
0.009546
0.009547
0.009547
0.009547
0.009547
0.009548
0.009548
0.009548
0.009548
0.00955
0.00955
0.00955
0.00955
0.00955
0.00955
0.009551
0.009551
0.009551
0.009551
0.009551
0.009551
0.009551
0.009551
0.009553
0.009554
0.009554
0.009554
0.009554
0.009554
0.009554
0.009556
0.009556
0.009557
0.009557
0.00956
0.00956
0.00956
0.00956
0.00956
0.00956
0.00956
0.00956
0.00956
0.009563
0.009563
0.009563
0.009563
0.009563
0.009563
0.009564
0.009565
0.009566
0.009566
0.009566
0.009567
0.009567
0.009568
0.009569
0.009569
0.009569
0.009569
0.00957
0.00957
0.00957
0.009572
0.009573
0.009573
0.009574
0.009575
0.009575
0.009576
0.009576
0.009576
0.009576
0.009577
0.009577
0.009577
0.009578
0.009578
0.009578
0.009578
0.009578
0.009578
0.009579
0.009579
0.00958
0.00958
0.009581
0.009582
0.009582
0.009583
0.009583
0.009584
0.009584
0.009584
0.009584
0.009586
0.009586
0.009587
0.009587
0.009588
0.009588
0.009588
0.00959
0.00959
0.00959
0.00959
0.009591
0.009593
0.009593
0.009594
0.009594
0.009594
0.009594
0.009594
0.009596
0.009597
0.009597
0.009597
0.009597
0.009597
0.009597
0.009597
0.009597
0.009598
0.0096
0.0096
0.0096
0.0096
0.0096
0.0096
0.0096
0.0096
0.0096
0.0096
0.0096
0.0096
0.0096
0.0096
0.0096
0.009603
0.009603
0.009603
0.009603
0.009603
0.009603
0.009606
0.009606
0.009606
0.009606
0.009606
0.009606
0.009607
0.009607
0.009607
0.009609
0.00961
0.00961
0.00961
0.009612
0.009612
0.009613
0.009613
0.009613
0.009613
0.009613
0.009613
0.009614
0.009614
0.009615
0.009615
0.009615
0.009615
0.009616
0.009616
0.009616
0.009617
0.009617
0.009617
0.009617
0.009617
0.009618
0.009618
0.00962
0.00962
0.00962
0.00962
0.009622
0.009623
0.009623
0.009623
0.009624
0.009625
0.009626
0.009627
0.009627
0.009627
0.009627
0.009627
0.009627
0.009628
0.009628
0.009628
0.009628
0.009628
0.00963
0.00963
0.00963
0.00963
0.00963
0.00963
0.009633
0.009633
0.009633
0.009633
0.009634
0.009634
0.009634
0.009635
0.009637
0.009637
0.009637
0.009637
0.009637
0.009637
0.00964
0.00964
0.00964
0.00964
0.00964
0.009642
0.009643
0.009643
0.009643
0.009644
0.009646
0.009646
0.009646
0.009646
0.009646
0.009647
0.009649
0.009649
0.009649
0.009649
0.009649
0.00965
0.00965
0.009653
0.009653
0.009653
0.009654
0.009656
0.009656
0.009657
0.009658
0.009658
0.009659
0.009659
0.00966
0.00966
0.00966
0.009661
0.009661
0.009661
0.009662
0.009663
0.009663
0.009663
0.009664
0.009664
0.009664
0.009665
0.009665
0.009665
0.009667
0.009667
0.009667
0.009668
0.00967
0.00967
0.00967
0.00967
0.00967
0.00967
0.00967
0.009671
0.009671
0.009673
0.009673
0.009673
0.009673
0.009673
0.009673
0.009674
0.009674
0.009674
0.009674
0.009674
0.009676
0.009677
0.009677
0.009677
0.009677
0.009677
0.009678
0.00968
0.00968
0.00968
0.00968
0.00968
0.00968
0.00968
0.00968
0.009683
0.009683
0.009683
0.009683
0.009683
0.009684
0.009684
0.009684
0.009684
0.009686
0.009686
0.009686
0.009687
0.009689
0.009689
0.009689
0.00969
0.00969
0.00969
0.009692
0.009692
0.009693
0.009693
0.009693
0.009693
0.009693
0.009693
0.009694
0.009694
0.009695
0.009695
0.009695
0.009696
0.009696
0.009696
0.009696
0.009696
0.009697
0.009697
0.009697
0.009698
0.0097
0.0097
0.0097
0.0097
0.009701
0.009702
0.009702
0.009702
0.009703
0.009703
0.009704
0.009705
0.009705
0.009705
0.009705
0.009706
0.009706
0.009707
0.009707
0.009707
0.009707
0.009708
0.00971
0.00971
0.00971
0.00971
0.00971
0.00971
0.00971
0.00971
0.009711
0.009711
0.009711
0.009711
0.009713
0.009713
0.009714
0.009714
0.009714
0.009714
0.009714
0.009714
0.009716
0.009716
0.009716
0.009717
0.009717
0.009717
0.00972
0.00972
0.00972
0.00972
0.00972
0.00972
0.00972
0.009723
0.009723
0.009723
0.009723
0.009723
0.009723
0.009723
0.009724
0.009724
0.009724
0.009724
0.009726
0.009726
0.009726
0.009726
0.009727
0.009727
0.009727
0.009727
0.009727
0.009727
0.009727
0.009729
0.009729
0.009729
0.00973
0.00973
0.00973
0.00973
0.00973
0.00973
0.00973
0.00973
0.00973
0.009731
0.009732
0.009732
0.009732
0.009733
0.009733
0.009733
0.009733
0.009733
0.009733
0.009734
0.009734
0.009735
0.009735
0.009736
0.009736
0.009737
0.009737
0.009739
0.00974
0.00974
0.00974
0.00974
0.00974
0.00974
0.00974
0.009741
0.009741
0.009741
0.009742
0.009742
0.009743
0.009743
0.009743
0.009743
0.009744
0.009744
0.009744
0.009744
0.009745
0.009747
0.009747
0.009747
0.00975
0.00975
0.00975
0.00975
0.00975
0.009751
0.009751
0.009751
0.009753
0.009753
0.009754
0.009754
0.009754
0.009754
0.009756
0.009756
0.009757
0.009757
0.009757
0.009757
0.009758
0.009758
0.00976
0.00976
0.00976
0.00976
0.00976
0.00976
0.00976
0.00976
0.00976
0.00976
0.00976
0.00976
0.00976
0.009763
0.009763
0.009763
0.009763
0.009763
0.009763
0.009763
0.009763
0.009764
0.009766
0.009766
0.009767
0.009767
0.009767
0.009769
0.009769
0.00977
0.00977
0.00977
0.00977
0.00977
0.00977
0.009772
0.009772
0.009773
0.009773
0.009773
0.009774
0.009774
0.009774
0.009774
0.009774
0.009774
0.009775
0.009776
0.009776
0.009776
0.009776
0.009776
0.009777
0.009777
0.009777
0.009777
0.009777
0.009777
0.009778
0.00978
0.00978
0.00978
0.00978
0.009781
0.009782
0.009782
0.009783
0.009783
0.009783
0.009784
0.009785
0.009785
0.009785
0.009786
0.009787
0.009787
0.009787
0.009787
0.009788
0.009788
0.00979
0.00979
0.00979
0.00979
0.00979
0.009791
0.009791
0.009791
0.009792
0.009793
0.009793
0.009793
0.009793
0.009793
0.009793
0.009794
0.009794
0.009794
0.009794
0.009794
0.009795
0.009796
0.009796
0.009797
0.009797
0.009797
0.009797
0.009797
0.0098
0.0098
0.0098
0.0098
0.0098
0.0098
0.0098
0.0098
0.0098
0.0098
0.0098
0.009803
0.009803
0.009803
0.009803
0.009804
0.009806
0.009807
0.009807
0.009807
0.009807
0.009807
0.009807
0.00981
0.00981
0.00981
0.00981
0.00981
0.00981
0.00981
0.009811
0.009812
0.009812
0.009813
0.009814
0.009814
0.009815
0.009815
0.009815
0.009815
0.009817
0.009817
0.009817
0.009817
0.00982
0.00982
0.00982
0.00982
0.00982
0.009822
0.009823
0.009823
0.009823
0.009824
0.009824
0.009824
0.009824
0.009824
0.009824
0.009825
0.009825
0.009826
0.009826
0.009827
0.009827
0.009829
0.00983
0.00983
0.00983
0.00983
0.00983
0.00983
0.00983
0.00983
0.00983
0.00983
0.009831
0.009831
0.009832
0.009833
0.009833
0.009833
0.009833
0.009833
0.009834
0.009834
0.009836
0.009837
0.009837
0.009837
0.009837
0.00984
0.00984
0.00984
0.00984
0.00984
0.00984
0.00984
0.00984
0.009842
0.009843
0.009843
0.009843
0.009843
0.009843
0.009843
0.009843
0.009843
0.009843
0.009844
0.009844
0.009844
0.009844
0.009846
0.009846
0.009846
0.009846
0.009846
0.009846
0.009846
0.009847
0.009847
0.009847
0.009847
0.009847
0.009847
0.009847
0.009849
0.00985
0.00985
0.00985
0.00985
0.00985
0.00985
0.009852
0.009854
0.009854
0.009854
0.009855
0.009856
0.009856
0.009856
0.009857
0.009857
0.009857
0.009857
0.009858
0.009858
0.009859
0.009859
0.00986
0.00986
0.00986
0.00986
0.00986
0.009861
0.009862
0.009863
0.009863
0.009863
0.009863
0.009863
0.009863
0.009863
0.009863
0.009863
0.009863
0.009864
0.009864
0.009864
0.009864
0.009865
0.009866
0.009866
0.009867
0.009867
0.009867
0.009867
0.009868
0.00987
0.00987
0.00987
0.00987
0.009874
0.009874
0.009874
0.009874
0.009874
0.009874
0.009874
0.009876
0.009877
0.009877
0.009877
0.009877
0.009877
0.009878
0.00988
0.00988
0.00988
0.00988
0.00988
0.00988
0.009882
0.009883
0.009883
0.009883
0.009883
0.009883
0.009884
0.009885
0.009886
0.009886
0.009886
0.009886
0.009886
0.009886
0.009886
0.009887
0.009887
0.009887
0.009887
0.009887
0.009887
0.009889
0.00989
0.00989
0.00989
0.00989
0.00989
0.00989
0.00989
0.009892
0.009892
0.009893
0.009893
0.009893
0.009893
0.009894
0.009894
0.009894
0.009894
0.009895
0.009895
0.009895
0.009896
0.009896
0.009897
0.009897
0.009898
0.009898
0.009898
0.009899
0.0099
0.0099
0.0099
0.0099
0.0099
0.009901
0.009902
0.009903
0.009903
0.009903
0.009904
0.009904
0.009906
0.009906
0.009906
0.009906
0.009907
0.009907
0.009907
0.009907
0.009907
0.009907
0.009908
0.009909
0.00991
0.00991
0.00991
0.00991
0.009911
0.009912
0.009913
0.009913
0.009913
0.009913
0.009913
0.009913
0.009913
0.009914
0.009914
0.009914
0.009914
0.009916
0.009916
0.009916
0.009916
0.009917
0.009917
0.009917
0.009917
0.009917
0.00992
0.00992
0.00992
0.00992
0.00992
0.00992
0.00992
0.00992
0.00992
0.009923
0.009923
0.009923
0.009923
0.009924
0.009924
0.009924
0.009926
0.009927
0.009927
0.009927
0.009927
0.009928
0.009929
0.00993
0.00993
0.00993
0.00993
0.009932
0.009933
0.009933
0.009933
0.009933
0.009934
0.009934
0.009935
0.009936
0.009936
0.009937
0.009937
0.009937
0.009938
0.009938
0.009938
0.009939
0.00994
0.00994
0.00994
0.00994
0.00994
0.00994
0.009941
0.009943
0.009943
0.009943
0.009944
0.009945
0.009945
0.009946
0.009946
0.009946
0.009946
0.009946
0.009947
0.009947
0.009948
0.00995
0.00995
0.00995
0.009952
0.009953
0.009953
0.009953
0.009953
0.009953
0.009954
0.009954
0.009954
0.009954
0.009957
0.009957
0.009957
0.009957
0.009957
0.009957
0.009958
0.00996
0.00996
0.00996
0.00996
0.00996
0.00996
0.00996
0.009963
0.009963
0.009963
0.009963
0.009963
0.009963
0.009963
0.009963
0.009963
0.009963
0.009964
0.009966
0.009966
0.009967
0.009967
0.009967
0.009967
0.009967
0.009967
0.009967
0.009969
0.009969
0.00997
0.00997
0.00997
0.00997
0.009972
0.009973
0.009973
0.009973
0.009973
0.009973
0.009973
0.009974
0.009974
0.009974
0.009976
0.009977
0.009977
0.009977
0.009977
0.00998
0.00998
0.00998
0.00998
0.00998
0.00998
0.00998
0.00998
0.009982
0.009983
0.009983
0.009983
0.009984
0.009984
0.009986
0.009986
0.009987
0.009987
0.009987
0.009987
0.009987
0.009987
0.009987
0.00999
0.00999
0.00999
0.00999
0.009991
0.009993
0.009993
0.009993
0.009993
0.009996
0.009996
0.009997
0.009997
0.009997
0.009997
0.01
0.01
0.01
0.01
0.01
0.010003
0.010003
0.010003
0.010003
0.010003
0.010003
0.010004
0.010005
0.010006
0.010006
0.010006
0.010006
0.010006
0.010007
0.010007
0.010007
0.010007
0.010007
0.01001
0.01001
0.01001
0.01001
0.01001
0.01001
0.01001
0.01001
0.01001
0.01001
0.010012
0.010013
0.010013
0.010013
0.010013
0.010013
0.010013
0.010014
0.010014
0.010014
0.010014
0.010015
0.010016
0.010016
0.010016
0.010017
0.010017
0.010017
0.010017
0.010017
0.010017
0.010017
0.010018
0.010019
0.01002
0.01002
0.01002
0.01002
0.01002
0.01002
0.01002
0.010021
0.010022
0.010023
0.010023
0.010023
0.010023
0.010023
0.010023
0.010023
0.010023
0.010023
0.010023
0.010023
0.010023
0.010023
0.010024
0.010026
0.010026
0.010026
0.010027
0.010027
0.010027
0.010027
0.010027
0.010027
0.010027
0.01003
0.010031
0.010031
0.010031
0.010033
0.010033
0.010033
0.010033
0.010033
0.010034
0.010034
0.010034
0.010034
0.010037
0.010037
0.010037
0.010037
0.010037
0.010037
0.010037
0.010037
0.010037
0.010037
0.01004
0.01004
0.01004
0.01004
0.01004
0.01004
0.01004
0.01004
0.01004
0.01004
0.01004
0.01004
0.01004
0.010043
0.010043
0.010043
0.010043
0.010043
0.010043
0.010044
0.010044
0.010046
0.010046
0.010046
0.010046
0.010047
0.010047
0.010047
0.010047
0.010047
0.010047
0.010049
0.010049
0.01005
0.01005
0.01005
0.01005
0.01005
0.01005
0.01005
0.01005
0.010052
0.010052
0.010052
0.010053
0.010053
0.010053
0.010053
0.010054
0.010054
0.010056
0.010056
0.010057
0.010057
0.010057
0.010057
0.010059
0.010059
0.01006
0.01006
0.01006
0.01006
0.01006
0.01006
0.01006
0.01006
0.01006
0.01006
0.01006
0.01006
0.01006
0.01006
0.010062
0.010063
0.010063
0.010064
0.010066
0.010067
0.010067
0.010068
0.01007
0.01007
0.01007
0.010073
0.010073
0.010073
0.010073
0.010074
0.010074
0.010076
0.010076
0.010076
0.010077
0.010077
0.010077
0.010077
0.010077
0.010077
0.010077
0.010077
0.01008
0.01008
0.01008
0.01008
0.01008
0.01008
0.01008
0.010083
0.010083
0.010083
0.010083
0.010083
0.010086
0.010086
0.010086
0.010086
0.010086
0.010086
0.010086
0.010086
0.010087
0.01009
0.01009
0.01009
0.01009
0.01009
0.010091
0.010091
0.010092
0.010093
0.010093
0.010093
0.010093
0.010093
0.010093
0.010094
0.010095
0.010096
0.010097
0.010097
0.010097
0.010097
0.010097
0.0101
0.0101
0.0101
0.0101
0.0101
0.010101
0.010102
0.010102
0.010103
0.010103
0.010103
0.010104
0.010104
0.010104
0.010104
0.010104
0.010107
0.010107
0.010107
0.010107
0.010108
0.010108
0.01011
0.01011
0.01011
0.01011
0.01011
0.01011
0.010113
0.010113
0.010113
0.010114
0.010116
0.010116
0.010116
0.010117
0.010117
0.010117
0.010117
0.010117
0.01012
0.01012
0.01012
0.01012
0.01012
0.01012
0.010122
0.010123
0.010123
0.010123
0.010123
0.010123
0.010124
0.010126
0.010127
0.010127
0.010127
0.010129
0.01013
0.01013
0.01013
0.01013
0.01013
0.01013
0.010133
0.010134
0.010135
0.010136
0.010136
0.010137
0.010137
0.010137
0.010137
0.01014
0.01014
0.01014
0.01014
0.01014
0.01014
0.01014
0.010141
0.010141
0.010141
0.010143
0.010143
0.010143
0.010144
0.010144
0.010144
0.010147
0.010147
0.010147
0.010147
0.010147
0.010149
0.01015
0.01015
0.01015
0.01015
0.01015
0.01015
0.010151
0.010151
0.010153
0.010153
0.010153
0.010153
0.010154
0.010154
0.010154
0.010156
0.010156
0.010157
0.010157
0.010157
0.010157
0.010158
0.01016
0.01016
0.01016
0.01016
0.01016
0.01016
0.01016
0.010163
0.010164
0.010164
0.010166
0.010166
0.010166
0.010167
0.010167
0.010167
0.010167
0.010167
0.010167
0.01017
0.01017
0.01017
0.01017
0.01017
0.01017
0.01017
0.01017
0.010173
0.010173
0.010173
0.010173
0.010173
0.010173
0.010173
0.010174
0.010174
0.010176
0.010176
0.010177
0.010177
0.010177
0.010177
0.01018
0.01018
0.01018
0.01018
0.01018
0.010183
0.010183
0.010185
0.010186
0.010186
0.010187
0.010187
0.01019
0.01019
0.01019
0.01019
0.01019
0.01019
0.01019
0.01019
0.01019
0.010191
0.010193
0.010193
0.010193
0.010193
0.010194
0.010194
0.010194
0.010195
0.010196
0.010196
0.010197
0.010197
0.010197
0.010198
0.0102
0.0102
0.0102
0.0102
0.010203
0.010203
0.010204
0.010204
0.010204
0.010206
0.010207
0.010207
0.010207
0.010207
0.010207
0.010207
0.010207
0.010207
0.010207
0.010207
0.01021
0.01021
0.01021
0.010211
0.010212
0.010213
0.010213
0.010213
0.010213
0.010214
0.010214
0.010217
0.010217
0.010217
0.01022
0.01022
0.01022
0.01022
0.01022
0.010223
0.010223
0.010223
0.010223
0.010224
0.010224
0.010226
0.010227
0.010227
0.010227
0.010227
0.01023
0.01023
0.01023
0.01023
0.01023
0.01023
0.01023
0.01023
0.01023
0.010233
0.010233
0.010233
0.010233
0.010234
0.010235
0.010236
0.010237
0.010237
0.010237
0.010237
0.010238
0.010238
0.01024
0.01024
0.01024
0.01024
0.01024
0.01024
0.01024
0.01024
0.01024
0.01024
0.01024
0.010243
0.010243
0.010243
0.010243
0.010244
0.010246
0.010246
0.010247
0.010247
0.010247
0.010247
0.010247
0.010247
0.010248
0.010249
0.01025
0.01025
0.010251
0.010253
0.010253
0.010253
0.010253
0.010253
0.010253
0.010253
0.010253
0.010254
0.010254
0.010256
0.010257
0.010257
0.010257
0.01026
0.01026
0.01026
0.01026
0.01026
0.01026
0.010261
0.010263
0.010263
0.010263
0.010263
0.010263
0.010264
0.010265
0.010266
0.010266
0.010267
0.010267
0.010267
0.010267
0.01027
0.01027
0.01027
0.01027
0.010273
0.010273
0.010273
0.010273
0.010274
0.010274
0.010274
0.010274
0.010274
0.010277
0.010277
0.010277
0.01028
0.01028
0.01028
0.01028
0.01028
0.01028
0.01028
0.010282
0.010283
0.010283
0.010283
0.010283
0.010284
0.010284
0.010286
0.010287
0.010287
0.010287
0.01029
0.01029
0.01029
0.01029
0.01029
0.010292
0.010292
0.010293
0.010293
0.010293
0.010293
0.010294
0.010295
0.010297
0.010297
0.010297
0.010297
0.010298
0.0103
0.0103
0.0103
0.0103
0.0103
0.010302
0.010303
0.010303
0.010306
0.010306
0.010307
0.010307
0.010307
0.010307
0.010307
0.010309
0.010311
0.010313
0.010313
0.010314
0.010315
0.010316
0.010316
0.010316
0.010316
0.010317
0.010317
0.010317
0.010317
0.010317
0.010317
0.01032
0.01032
0.010323
0.010323
0.010323
0.010323
0.010323
0.010323
0.010323
0.010324
0.010324
0.010326
0.010326
0.010326
0.010327
0.010327
0.010327
0.01033
0.01033
0.01033
0.01033
0.01033
0.01033
0.010332
0.010332
0.010332
0.010333
0.010333
0.010333
0.010333
0.010333
0.010334
0.010336
0.010336
0.010336
0.010337
0.010337
0.01034
0.010343
0.010343
0.010343
0.010343
0.010344
0.010344
0.010344
0.010345
0.010345
0.010345
0.010346
0.010346
0.010347
0.010347
0.010347
0.010347
0.01035
0.01035
0.01035
0.01035
0.01035
0.01035
0.010351
0.010351
0.010353
0.010354
0.010354
0.010354
0.010356
0.010356
0.010357
0.010357
0.01036
0.010363
0.010363
0.010363
0.010363
0.010364
0.010364
0.010366
0.010366
0.010367
0.010367
0.010367
0.010367
0.010368
0.01037
0.01037
0.010372
0.010374
0.010375
0.010375
0.010375
0.010375
0.010376
0.010376
0.010377
0.010377
0.010377
0.01038
0.01038
0.01038
0.01038
0.01038
0.01038
0.01038
0.01038
0.010383
0.010383
0.010383
0.010383
0.010383
0.010384
0.010384
0.010385
0.010386
0.010387
0.010387
0.010387
0.010388
0.010389
0.01039
0.01039
0.01039
0.01039
0.01039
0.010391
0.010393
0.010393
0.010393
0.010394
0.010394
0.010396
0.010397
0.010397
0.0104
0.0104
0.010403
0.010403
0.010403
0.010403
0.010404
0.010404
0.010404
0.010406
0.010407
0.01041
0.01041
0.01041
0.01041
0.010411
0.010412
0.010412
0.010414
0.010416
0.010416
0.010416
0.010416
0.010417
0.010417
0.010417
0.010418
0.01042
0.01042
0.01042
0.01042
0.01042
0.01042
0.010423
0.010423
0.010424
0.010426
0.010426
0.010427
0.010427
0.01043
0.01043
0.01043
0.01043
0.010434
0.010434
0.010434
0.010436
0.010437
0.010437
0.01044
0.01044
0.01044
0.010441
0.010443
0.010443
0.010443
0.010443
0.010443
0.010444
0.010444
0.010445
0.010446
0.010447
0.010447
0.010447
0.010447
0.010448
0.01045
0.01045
0.01045
0.01045
0.01045
0.010452
0.010453
0.010453
0.010453
0.010454
0.010454
0.010454
0.010455
0.010456
0.010457
0.010457
0.010457
0.01046
0.01046
0.01046
0.01046
0.01046
0.010463
0.010463
0.010463
0.010463
0.010465
0.010466
0.010467
0.010467
0.010467
0.010467
0.010467
0.01047
0.01047
0.01047
0.01047
0.010471
0.010473
0.010473
0.010473
0.010473
0.010476
0.010477
0.010477
0.010477
0.010477
0.010478
0.010478
0.01048
0.01048
0.01048
0.01048
0.01048
0.01048
0.01048
0.01048
0.01048
0.01048
0.010483
0.010483
0.010483
0.010483
0.010483
0.010483
0.010483
0.010484
0.010486
0.010487
0.010489
0.01049
0.01049
0.01049
0.010491
0.010491
0.010493
0.010493
0.010493
0.010494
0.010495
0.010497
0.010497
0.010497
0.010497
0.0105
0.0105
0.010503
0.010503
0.010503
0.010505
0.010506
0.010507
0.010507
0.010508
0.01051
0.010512
0.010513
0.010515
0.010517
0.010517
0.010517
0.010517
0.010517
0.01052
0.01052
0.01052
0.01052
0.01052
0.010522
0.010523
0.010523
0.010524
0.010524
0.010526
0.010527
0.010527
0.010527
0.010527
0.010527
0.01053
0.01053
0.01053
0.010531
0.010532
0.010532
0.010532
0.010534
0.010534
0.010534
0.010534
0.010535
0.010535
0.010535
0.010537
0.01054
0.01054
0.010541
0.010544
0.010544
0.010545
0.010545
0.010546
0.010547
0.01055
0.01055
0.010551
0.010554
0.010557
0.010557
0.010557
0.010557
0.010557
0.010557
0.01056
0.01056
0.01056
0.01056
0.01056
0.010563
0.010563
0.010563
0.010564
0.010564
0.010567
0.010567
0.010567
0.010567
0.010567
0.010568
0.010569
0.01057
0.01057
0.01057
0.01057
0.010573
0.010573
0.010573
0.010574
0.010576
0.010576
0.010577
0.010577
0.010577
0.010578
0.01058
0.01058
0.01058
0.01058
0.010581
0.010583
0.010583
0.010583
0.010583
0.010584
0.010587
0.010587
0.010588
0.010588
0.01059
0.01059
0.01059
0.010593
0.010593
0.010594
0.010595
0.010595
0.010596
0.010596
0.010597
0.010597
0.0106
0.0106
0.010603
0.010603
0.010603
0.010603
0.010604
0.010606
0.010607
0.010609
0.01061
0.01061
0.01061
0.01061
0.01061
0.010614
0.010614
0.010616
0.010616
0.010616
0.010616
0.010617
0.010617
0.010619
0.01062
0.01062
0.01062
0.010626
0.010627
0.010627
0.010628
0.01063
0.010637
0.010637
0.01064
0.01064
0.01064
0.01064
0.010643
0.010643
0.010643
0.010643
0.010643
0.010644
0.010644
0.010646
0.010646
0.010648
0.01065
0.01065
0.01065
0.01065
0.01065
0.01065
0.010653
0.010653
0.010653
0.010654
0.010656
0.010657
0.010657
0.01066
0.01066
0.01066
0.01066
0.01066
0.010661
0.010663
0.010664
0.010664
0.010664
0.010666
0.010667
0.010667
0.010667
0.010671
0.010671
0.010673
0.010674
0.010674
0.010675
0.010676
0.010677
0.010677
0.010677
0.010677
0.01068
0.01068
0.01068
0.01068
0.01068
0.010682
0.010683
0.010687
0.010689
0.010689
0.01069
0.010692
0.010692
0.010693
0.010694
0.010696
0.010697
0.010697
0.010698
0.0107
0.010701
0.010703
0.010703
0.010704
0.010706
0.010708
0.010709
0.010713
0.010713
0.010718
0.01072
0.01072
0.01072
0.010723
0.010723
0.010723
0.010724
0.010725
0.010726
0.010726
0.010727
0.010729
0.01073
0.01073
0.01073
0.010731
0.010734
0.010736
0.010736
0.010736
0.010736
0.010737
0.010737
0.010737
0.010738
0.01074
0.01074
0.01074
0.01074
0.01074
0.01074
0.010742
0.010743
0.010744
0.010745
0.010746
0.010746
0.010747
0.010747
0.010747
0.010747
0.010748
0.010748
0.010751
0.010754
0.010755
0.010756
0.010757
0.010757
0.010757
0.01076
0.01076
0.01076
0.01076
0.010763
0.010763
0.010764
0.010766
0.010767
0.010767
0.01077
0.01077
0.01077
0.010771
0.010773
0.010773
0.010776
0.010777
0.010777
0.010781
0.010782
0.010783
0.010783
0.010784
0.010785
0.010785
0.010785
0.010786
0.010786
0.010786
0.010787
0.010787
0.01079
0.010794
0.010796
0.010797
0.0108
0.010803
0.010804
0.010805
0.010807
0.010808
0.010809
0.010809
0.01081
0.01081
0.010816
0.01082
0.01082
0.01082
0.010822
0.010823
0.010823
0.010826
0.010827
0.010834
0.010834
0.010835
0.010835
0.010836
0.010836
0.01084
0.01084
0.01084
0.01084
0.010842
0.010843
0.010843
0.010843
0.010843
0.010846
0.010847
0.010847
0.01085
0.01085
0.010853
0.010854
0.010855
0.010857
0.010858
0.010858
0.010858
0.010859
0.01086
0.010861
0.010863
0.010867
0.01087
0.010873
0.010874
0.010874
0.010874
0.010877
0.010877
0.010878
0.01088
0.01088
0.010882
0.010883
0.010883
0.010884
0.010886
0.010889
0.010889
0.01089
0.010894
0.010894
0.010895
0.010897
0.0109
0.010904
0.010904
0.010904
0.010905
0.010905
0.010907
0.010907
0.010907
0.01091
0.01091
0.01091
0.010914
0.010916
0.010916
0.010926
0.010926
0.01093
0.01093
0.01093
0.010932
0.010932
0.010933
0.010935
0.010935
0.010936
0.010937
0.010938
0.010939
0.010942
0.010946
0.010946
0.010947
0.010947
0.01095
0.01095
0.01095
0.010951
0.010956
0.010957
0.01096
0.01096
0.010963
0.010963
0.010966
0.010967
0.010968
0.010969
0.01097
0.010972
0.010973
0.010973
0.010973
0.010977
0.010979
0.010979
0.01098
0.010982
0.010982
0.010982
0.010983
0.010985
0.010986
0.010986
0.010986
0.010987
0.010987
0.010988
0.010988
0.01099
0.01099
0.01099
0.01099
0.010993
0.010995
0.010996
0.010997
0.010997
0.010997
0.011
0.011
0.011
0.011
0.011003
0.011003
0.011005
0.011007
0.01101
0.01101
0.01101
0.011014
0.011014
0.011018
0.011018
0.011018
0.011023
0.011023
0.011023
0.011027
0.01103
0.01103
0.011031
0.011034
0.011034
0.011035
0.011037
0.011037
0.01104
0.01104
0.01104
0.01104
0.01104
0.011043
0.011043
0.011044
0.011044
0.011046
0.011049
0.011049
0.011053
0.011053
0.011055
0.011056
0.011058
0.011058
0.011059
0.011059
0.01106
0.011062
0.011063
0.011063
0.011063
0.011063
0.011063
0.011064
0.011066
0.011067
0.011067
0.011071
0.011073
0.011074
0.011074
0.011074
0.011077
0.01108
0.01108
0.01108
0.01108
0.011083
0.011083
0.011083
0.011084
0.011084
0.011086
0.011086
0.011089
0.011092
0.011094
0.011097
0.0111
0.0111
0.011105
0.011108
0.011109
0.011113
0.011117
0.011117
0.011117
0.01112
0.01112
0.011126
0.011126
0.011127
0.011132
0.011132
0.011139
0.01114
0.01114
0.011143
0.011143
0.011144
0.011145
0.011146
0.011147
0.011148
0.011152
0.011154
0.011157
0.01116
0.011162
0.011163
0.011164
0.011165
0.011166
0.011166
0.011166
0.011173
0.011173
0.011175
0.011176
0.011177
0.011179
0.01118
0.01118
0.01118
0.011181
0.011185
0.011186
0.011188
0.011191
0.011193
0.011194
0.0112
0.011202
0.011203
0.011206
0.011206
0.011206
0.011207
0.011207
0.011209
0.01121
0.01121
0.01121
0.011215
0.011217
0.011219
0.011221
0.011222
0.011226
0.011227
0.011227
0.011228
0.011228
0.01123
0.011233
0.011233
0.011237
0.011237
0.01124
0.01124
0.011246
0.011247
0.011249
0.011252
0.011253
0.011256
0.011256
0.011257
0.01126
0.011263
0.011263
0.011263
0.011264
0.011264
0.011266
0.011267
0.011268
0.011268
0.01127
0.011271
0.011272
0.011274
0.011274
0.011274
0.011276
0.011283
0.011283
0.011284
0.011285
0.011286
0.011288
0.01129
0.011292
0.011293
0.011297
0.0113
0.011302
0.011303
0.011307
0.011309
0.01131
0.01131
0.01131
0.01131
0.011311
0.011313
0.011313
0.011314
0.011314
0.011315
0.011317
0.011323
0.011323
0.011326
0.011327
0.011328
0.011329
0.011332
0.011334
0.011335
0.011337
0.011337
0.01134
0.011345
0.011345
0.011345
0.011345
0.011346
0.011348
0.011349
0.01135
0.011351
0.011352
0.011353
0.011355
0.011355
0.011357
0.01136
0.011363
0.011364
0.011365
0.011366
0.011366
0.011367
0.011367
0.01137
0.01137
0.011372
0.011374
0.011375
0.011375
0.011376
0.01138
0.01138
0.011384
0.011385
0.011385
0.011386
0.011387
0.011393
0.011393
0.011394
0.011394
0.011397
0.011398
0.0114
0.0114
0.011403
0.011403
0.011405
0.011407
0.01141
0.01141
0.011412
0.011412
0.011413
0.011414
0.011415
0.011415
0.011416
0.011417
0.011417
0.01142
0.01142
0.011425
0.011425
0.011428
0.011428
0.011428
0.011431
0.011434
0.011434
0.011437
0.011437
0.011437
0.01144
0.01144
0.01144
0.011443
0.011443
0.011443
0.011446
0.011446
0.011447
0.011447
0.011449
0.01145
0.011452
0.011452
0.011453
0.011454
0.011454
0.011454
0.011456
0.011457
0.01146
0.011461
0.011462
0.011462
0.011466
0.011469
0.011472
0.011474
0.011477
0.011477
0.01148
0.011482
0.011483
0.011483
0.011484
0.011484
0.011485
0.011489
0.01149
0.011492
0.011493
0.011494
0.011496
0.011497
0.011497
0.011508
0.01151
0.011514
0.011515
0.011517
0.011517
0.011517
0.01152
0.011522
0.011523
0.011523
0.011525
0.011526
0.011526
0.011526
0.011526
0.01153
0.011534
0.011536
0.011542
0.011543
0.011543
0.011543
0.011545
0.011548
0.011548
0.011549
0.011551
0.011551
0.011553
0.011555
0.011557
0.011563
0.011568
0.011576
0.011579
0.011581
0.011583
0.011585
0.011586
0.011588
0.01159
0.01159
0.011591
0.011591
0.011591
0.011594
0.011594
0.011595
0.011597
0.011597
0.0116
0.0116
0.011602
0.011602
0.011603
0.011603
0.011603
0.011603
0.011606
0.011606
0.011607
0.011607
0.011607
0.011608
0.011609
0.011612
0.011613
0.011615
0.011616
0.011617
0.011618
0.011619
0.01162
0.011622
0.011627
0.011628
0.011628
0.011628
0.01163
0.011634
0.011643
0.011643
0.011643
0.011643
0.011643
0.011644
0.011645
0.011646
0.011646
0.011646
0.011647
0.011649
0.011649
0.01165
0.01165
0.011654
0.011657
0.011658
0.01166
0.01166
0.011661
0.011663
0.011665
0.011667
0.011669
0.011671
0.011673
0.011674
0.011676
0.011676
0.011676
0.011677
0.011677
0.011677
0.011678
0.01168
0.011683
0.011683
0.011683
0.011686
0.011688
0.01169
0.01169
0.011693
0.011697
0.0117
0.011703
0.011707
0.011708
0.01171
0.011711
0.011711
0.011712
0.011714
0.011717
0.011722
0.011724
0.011725
0.011726
0.011727
0.011727
0.011728
0.011728
0.01173
0.011732
0.011735
0.011737
0.011738
0.011739
0.01174
0.011743
0.011747
0.01175
0.01175
0.011751
0.011751
0.011753
0.011754
0.011754
0.011754
0.011755
0.011757
0.011757
0.01176
0.011763
0.011763
0.011769
0.01177
0.011773
0.011774
0.011776
0.011776
0.011777
0.011777
0.011778
0.01178
0.01178
0.011783
0.011783
0.011787
0.01179
0.01179
0.011791
0.011791
0.011791
0.011792
0.011793
0.011793
0.011793
0.0118
0.0118
0.0118
0.011804
0.011806
0.011806
0.01181
0.01181
0.01181
0.01181
0.01181
0.011811
0.011812
0.011814
0.011814
0.011815
0.011816
0.011817
0.011823
0.011823
0.011823
0.011823
0.011824
0.011825
0.011827
0.011827
0.011831
0.011834
0.011834
0.01184
0.01184
0.01184
0.011843
0.011843
0.011844
0.011846
0.011847
0.011847
0.011847
0.011847
0.011849
0.011852
0.011852
0.011853
0.011853
0.011862
0.011863
0.011863
0.011866
0.011868
0.011869
0.01187
0.011871
0.011874
0.011874
0.011877
0.011877
0.01188
0.01188
0.011882
0.011882
0.011883
0.011883
0.011883
0.011883
0.011884
0.011885
0.011887
0.011888
0.011889
0.011889
0.01189
0.011892
0.011892
0.011893
0.011897
0.0119
0.0119
0.011901
0.011902
0.011902
0.011904
0.011905
0.011907
0.01191
0.01191
0.01191
0.01191
0.011911
0.011912
0.011912
0.011913
0.011914
0.011917
0.01192
0.01192
0.01192
0.01192
0.011922
0.011923
0.011923
0.011927
0.011927
0.01193
0.01193
0.011931
0.011932
0.011936
0.011937
0.011938
0.011938
0.011941
0.011943
0.011943
0.011944
0.011945
0.011947
0.011947
0.011948
0.011952
0.011953
0.011954
0.011954
0.011957
0.011958
0.01196
0.01196
0.01196
0.01196
0.01196
0.011963
0.011963
0.011967
0.011969
0.01197
0.01197
0.011976
0.011976
0.011977
0.011981
0.011983
0.011985
0.011987
0.01199
0.01199
0.011992
0.011993
0.011994
0.011996
0.011997
0.012
0.012003
0.012003
0.012003
0.012005
0.012005
0.012005
0.012006
0.012008
0.012008
0.01201
0.012011
0.012015
0.012017
0.012022
0.012025
0.012025
0.012027
0.012028
0.012028
0.012031
0.012032
0.012034
0.012034
0.012034
0.012036
0.012037
0.012042
0.012043
0.012043
0.012046
0.012047
0.012049
0.01205
0.01205
0.01205
0.012051
0.012052
0.012054
0.012055
0.012056
0.012058
0.012063
0.012063
0.012064
0.012066
0.012067
0.01207
0.01207
0.01207
0.01207
0.012071
0.012071
0.012073
0.012074
0.012075
0.012076
0.012077
0.01208
0.01208
0.01208
0.012084
0.012084
0.012087
0.012087
0.012088
0.012089
0.01209
0.012092
0.012095
0.012102
0.012103
0.012103
0.012103
0.012104
0.012109
0.012113
0.012113
0.01212
0.012123
0.012123
0.012124
0.012126
0.012127
0.012128
0.012129
0.012129
0.01213
0.01213
0.012132
0.012134
0.012136
0.012136
0.012137
0.012138
0.01214
0.01214
0.012142
0.012142
0.012143
0.012148
0.01215
0.012151
0.012151
0.012153
0.012153
0.012154
0.012155
0.012156
0.012157
0.01216
0.01216
0.01216
0.012165
0.012165
0.012166
0.012167
0.012167
0.012172
0.012172
0.012172
0.012173
0.012175
0.012175
0.012176
0.012176
0.012182
0.012183
0.012187
0.012188
0.012189
0.012195
0.0122
0.0122
0.012203
0.012203
0.012203
0.012206
0.01221
0.012211
0.012212
0.012215
0.012216
0.012217
0.012217
0.01222
0.012222
0.012222
0.012223
0.012224
0.012224
0.012228
0.01223
0.01223
0.012237
0.012237
0.01224
0.012243
0.012243
0.012244
0.012246
0.012246
0.012246
0.012246
0.012246
0.012246
0.012246
0.01225
0.012253
0.012254
0.012254
0.012259
0.01226
0.012261
0.012262
0.012262
0.012263
0.012263
0.012264
0.012266
0.012268
0.012268
0.012268
0.01227
0.012271
0.012273
0.012274
0.012274
0.012274
0.012276
0.012277
0.01228
0.012283
0.012283
0.012284
0.012286
0.01229
0.01229
0.012297
0.012298
0.012303
0.012303
0.012304
0.012306
0.012308
0.01231
0.01231
0.012311
0.012311
0.012311
0.012311
0.012313
0.012317
0.012317
0.012317
0.01232
0.01232
0.01232
0.012323
0.012323
0.012324
0.012324
0.012326
0.01233
0.012336
0.012336
0.012336
0.012336
0.012338
0.012339
0.01234
0.01234
0.012342
0.012343
0.012343
0.012344
0.012345
0.012345
0.012347
0.012348
0.012348
0.012349
0.012351
0.012357
0.012357
0.012357
0.01236
0.01236
0.01236
0.012363
0.012364
0.012369
0.012373
0.012373
0.01238
0.012382
0.012383
0.012387
0.01239
0.01239
0.012394
0.012397
0.012397
0.012397
0.0124
0.0124
0.0124
0.012402
0.012403
0.012403
0.012406
0.012406
0.012407
0.012415
0.012416
0.012419
0.012419
0.01242
0.01242
0.012423
0.012424
0.012425
0.012425
0.012427
0.012427
0.012427
0.012428
0.012433
0.012437
0.01244
0.012443
0.012443
0.012443
0.012444
0.012445
0.012447
0.012447
0.01245
0.012455
0.012458
0.012459
0.012461
0.012461
0.012465
0.012467
0.012468
0.01247
0.012471
0.012471
0.012473
0.012474
0.012477
0.012478
0.01248
0.01248
0.01248
0.01248
0.01248
0.01248
0.01248
0.012483
0.012483
0.012483
0.012484
0.012484
0.012484
0.012486
0.012486
0.012489
0.012489
0.01249
0.012493
0.012494
0.012498
0.0125
0.0125
0.012507
0.012507
0.012507
0.012508
0.01251
0.01251
0.012511
0.012511
0.012514
0.012514
0.012516
0.01252
0.012523
0.012524
0.012526
0.012529
0.01253
0.012531
0.012532
0.012532
0.012533
0.012536
0.01254
0.012541
0.012545
0.012545
0.01255
0.012551
0.012556
0.01256
0.012563
0.012563
0.012563
0.012563
0.012563
0.012564
0.012567
0.012567
0.012569
0.01257
0.012573
0.012579
0.012579
0.012579
0.01258
0.012581
0.012582
0.012584
0.012587
0.01259
0.01259
0.01259
0.012591
0.012591
0.012591
0.012591
0.012596
0.012597
0.0126
0.0126
0.0126
0.0126
0.012607
0.012617
0.01262
0.01262
0.01262
0.012623
0.012624
0.012624
0.012627
0.01263
0.01263
0.01263
0.01263
0.012631
0.012632
0.012633
0.012634
0.012634
0.012637
0.012637
0.012638
0.012647
0.012649
0.012649
0.012652
0.012653
0.012656
0.012659
0.012659
0.012659
0.01266
0.01266
0.012661
0.012662
0.012662
0.012663
0.012664
0.012665
0.012667
0.01267
0.01267
0.01267
0.012671
0.012671
0.012676
0.012677
0.012677
0.012677
0.01268
0.01268
0.012683
0.012683
0.012683
0.012689
0.01269
0.012693
0.012693
0.012694
0.012696
0.012696
0.012696
0.0127
0.012704
0.012705
0.012705
0.012705
0.012707
0.012709
0.01271
0.012714
0.012714
0.012714
0.012714
0.012715
0.012717
0.012718
0.01272
0.01272
0.012721
0.012723
0.012723
0.012723
0.012726
0.012735
0.012735
0.012737
0.012747
0.012749
0.012752
0.012763
0.012763
0.012764
0.012765
0.012766
0.012767
0.012772
0.012772
0.012774
0.012776
0.012779
0.01278
0.01278
0.012785
0.012785
0.012787
0.012787
0.012788
0.012788
0.012791
0.012791
0.012793
0.012797
0.012797
0.012803
0.01281
0.012813
0.012815
0.012817
0.01282
0.012821
0.012823
0.012826
0.012828
0.012831
0.012833
0.012833
0.012837
0.012837
0.01284
0.01284
0.012846
0.012846
0.012852
0.012852
0.012855
0.012856
0.012857
0.012859
0.012865
0.012867
0.012871
0.012873
0.012874
0.012874
0.012874
0.012876
0.012883
0.012884
0.012889
0.012889
0.01289
0.012893
0.012893
0.0129
0.012901
0.012903
0.012903
0.012904
0.012904
0.012907
0.01291
0.01291
0.012911
0.012914
0.012914
0.012917
0.01292
0.01292
0.012923
0.012923
0.012923
0.012923
0.012923
0.012924
0.012925
0.012926
0.012926
0.012929
0.012929
0.012933
0.012947
0.012947
0.01295
0.012951
0.012951
0.012954
0.012957
0.012957
0.01296
0.012963
0.012964
0.012967
0.012967
0.012969
0.012973
0.012974
0.012975
0.012977
0.012978
0.01298
0.01298
0.012984
0.012985
0.012987
0.012988
0.012989
0.012993
0.012994
0.012996
0.012997
0.012998
0.013
0.013
0.013003
0.013004
0.013007
0.013007
0.013011
0.013012
0.013012
0.013015
0.013016
0.013017
0.013019
0.01302
0.013022
0.013024
0.013026
0.013026
0.013034
0.013043
0.013046
0.013048
0.013049
0.013052
0.013054
0.013055
0.013056
0.013056
0.013059
0.01306
0.013062
0.013063
0.013066
0.013066
0.013067
0.013067
0.013068
0.013075
0.01308
0.01308
0.013083
0.013083
0.013084
0.013085
0.013085
0.013086
0.013089
0.01309
0.013096
0.013098
0.013101
0.013102
0.013107
0.01311
0.013114
0.013114
0.013114
0.013116
0.013117
0.013117
0.01312
0.01312
0.01312
0.01312
0.013122
0.013123
0.013123
0.013123
0.013124
0.013125
0.013126
0.01313
0.01313
0.013133
0.013135
0.013135
0.013137
0.013138
0.01314
0.01314
0.01314
0.013142
0.013143
0.013143
0.013143
0.013143
0.013144
0.013144
0.013147
0.01315
0.01315
0.013154
0.01316
0.013164
0.013167
0.013169
0.01317
0.013173
0.013177
0.01318
0.013184
0.013186
0.013187
0.013187
0.01319
0.01319
0.01319
0.01319
0.013191
0.013193
0.013194
0.013197
0.013197
0.0132
0.0132
0.0132
0.0132
0.013203
0.013203
0.013206
0.013206
0.013209
0.013211
0.013217
0.01322
0.013222
0.013227
0.01323
0.01323
0.01323
0.013233
0.013234
0.01324
0.013247
0.013249
0.013252
0.013263
0.013274
0.01328
0.01328
0.013283
0.013285
0.01329
0.013293
0.013293
0.013295
0.013297
0.013297
0.013299
0.013302
0.013303
0.013304
0.01331
0.013314
0.013316
0.013317
0.01332
0.013323
0.013324
0.013324
0.01333
0.013333
0.013338
0.013339
0.01334
0.01334
0.013348
0.01335
0.013351
0.013354
0.013354
0.013356
0.013356
0.013357
0.013357
0.01336
0.013361
0.013363
0.013363
0.013364
0.01337
0.01337
0.013373
0.013373
0.013374
0.013384
0.013385
0.013388
0.013397
0.013397
0.013397
0.013398
0.0134
0.0134
0.0134
0.0134
0.013402
0.013403
0.013406
0.013406
0.013406
0.013409
0.01341
0.013413
0.013416
0.013423
0.013424
0.013427
0.013427
0.013428
0.01343
0.013431
0.013437
0.013437
0.013437
0.01344
0.01344
0.01344
0.013447
0.013449
0.01345
0.013453
0.013454
0.013458
0.013459
0.013462
0.013462
0.013462
0.013463
0.013464
0.013466
0.013466
0.013466
0.013467
0.01347
0.013473
0.013473
0.013476
0.01348
0.013483
0.013483
0.013484
0.013486
0.013486
0.013488
0.01349
0.01349
0.013491
0.013494
0.013496
0.0135
0.0135
0.013503
0.013504
0.013506
0.01351
0.01351
0.013513
0.013516
0.01352
0.01352
0.013523
0.013523
0.013523
0.013527
0.01353
0.013533
0.013533
0.013533
0.013534
0.013537
0.013539
0.013539
0.01354
0.013547
0.013547
0.01355
0.013551
0.013553
0.013553
0.013555
0.013557
0.01356
0.01356
0.01356
0.013563
0.013563
0.013566
0.013568
0.013569
0.01357
0.01357
0.013573
0.013577
0.013583
0.013586
0.013587
0.013588
0.01359
0.01359
0.013591
0.013594
0.013596
0.013597
0.0136
0.013607
0.013607
0.013609
0.01361
0.01361
0.01361
0.01361
0.013612
0.013612
0.013613
0.013615
0.013616
0.01362
0.01362
0.01362
0.013623
0.013627
0.01363
0.013637
0.013637
0.01364
0.013643
0.013643
0.013646
0.013646
0.013649
0.01365
0.013651
0.013655
0.013657
0.013657
0.013658
0.013659
0.013659
0.013662
0.013663
0.013663
0.013667
0.013667
0.013667
0.01367
0.01367
0.013671
0.013674
0.013677
0.013683
0.013684
0.013684
0.013687
0.013687
0.01369
0.01369
0.01369
0.013692
0.013693
0.013693
0.013694
0.013699
0.0137
0.0137
0.013701
0.013704
0.013705
0.01371
0.01371
0.01371
0.013713
0.013713
0.013713
0.01372
0.01372
0.01372
0.01372
0.01372
0.013723
0.013723
0.013727
0.013728
0.013732
0.013735
0.013736
0.013738
0.01374
0.01374
0.013741
0.013744
0.01375
0.013751
0.013751
0.013754
0.01376
0.01376
0.013766
0.013766
0.013766
0.013767
0.013767
0.01377
0.01377
0.013775
0.013778
0.01378
0.013781
0.013781
0.013787
0.013787
0.013788
0.01379
0.01379
0.013791
0.013791
0.013798
0.0138
0.0138
0.0138
0.0138
0.013803
0.013806
0.013807
0.013812
0.013814
0.013816
0.013817
0.013821
0.013826
0.013828
0.013828
0.01383
0.01383
0.013834
0.01384
0.013843
0.013843
0.013843
0.013846
0.013847
0.01385
0.01385
0.013853
0.013853
0.013854
0.013855
0.013855
0.013857
0.013858
0.01386
0.013861
0.013867
0.013873
0.013876
0.013877
0.013884
0.013885
0.013887
0.013889
0.01389
0.013898
0.0139
0.013903
0.013903
0.013905
0.013907
0.013911
0.013911
0.013913
0.013913
0.013914
0.013914
0.01392
0.013923
0.013926
0.013926
0.013926
0.013927
0.013929
0.013935
0.013936
0.013942
0.013945
0.013948
0.01395
0.013956
0.013957
0.013957
0.013957
0.013957
0.01396
0.01396
0.01396
0.013963
0.013963
0.013964
0.013968
0.01397
0.013981
0.013983
0.013988
0.01399
0.013991
0.013991
0.013993
0.013994
0.014
0.014
0.014
0.014
0.014
0.014003
0.014003
0.014007
0.014007
0.014009
0.01401
0.014012
0.014013
0.014016
0.014019
0.014024
0.014027
0.01403
0.014037
0.014037
0.014043
0.014044
0.014047
0.014049
0.01405
0.01405
0.014052
0.014055
0.014056
0.014056
0.014057
0.014063
0.014063
0.014067
0.014068
0.014071
0.014073
0.014074
0.014074
0.014076
0.014088
0.014089
0.01409
0.01409
0.014093
0.014097
0.014097
0.0141
0.014102
0.014103
0.014104
0.014104
0.014105
0.014105
0.01411
0.01411
0.014114
0.014116
0.014117
0.014127
0.014127
0.014129
0.01414
0.01414
0.014142
0.014146
0.014146
0.014147
0.01415
0.014154
0.014154
0.014157
0.01416
0.014164
0.014165
0.014169
0.014172
0.014173
0.014174
0.014183
0.014184
0.014185
0.014186
0.014186
0.014186
0.014188
0.014191
0.014193
0.014193
0.014194
0.014196
0.014197
0.0142
0.014203
0.014204
0.014206
0.01421
0.014214
0.01422
0.01422
0.014221
0.014228
0.01423
0.014233
0.01424
0.014249
0.014252
0.014254
0.014259
0.014273
0.014277
0.014277
0.01428
0.01429
0.01429
0.014292
0.014296
0.014297
0.014298
0.014299
0.014302
0.014303
0.014305
0.014306
0.014306
0.014307
0.014307
0.014307
0.014308
0.014311
0.014311
0.014313
0.014313
0.014314
0.014317
0.014317
0.01432
0.014333
0.014333
0.014334
0.014335
0.014336
0.014338
0.01434
0.014356
0.014363
0.01437
0.01437
0.014372
0.014373
0.01438
0.014383
0.014393
0.014394
0.014396
0.0144
0.0144
0.014407
0.01441
0.014412
0.014414
0.014416
0.014426
0.014427
0.014428
0.014428
0.014433
0.014437
0.01444
0.014443
0.014446
0.014447
0.01445
0.014452
0.014454
0.014456
0.014461
0.014464
0.01447
0.01447
0.014471
0.014473
0.014476
0.014477
0.01448
0.014486
0.014486
0.01449
0.014493
0.014494
0.014494
0.014495
0.014497
0.014498
0.0145
0.014503
0.014504
0.014507
0.014507
0.014517
0.014523
0.014529
0.01453
0.01454
0.014541
0.014542
0.014544
0.014546
0.014548
0.01455
0.014553
0.014556
0.014556
0.014557
0.01456
0.014563
0.014567
0.014569
0.01457
0.014587
0.014593
0.014593
0.014593
0.014594
0.014597
0.0146
0.0146
0.014604
0.014607
0.014607
0.014607
0.01461
0.014613
0.014613
0.014618
0.014618
0.014623
0.014624
0.014627
0.014627
0.01463
0.014633
0.014637
0.01464
0.014642
0.014643
0.01465
0.014653
0.014657
0.01466
0.014664
0.014667
0.014673
0.01468
0.01468
0.01468
0.01468
0.014684
0.014686
0.014693
0.014703
0.014703
0.014707
0.014708
0.01471
0.01472
0.01472
0.014723
0.014724
0.01474
0.014744
0.014746
0.014753
0.014753
0.014754
0.014757
0.01476
0.014762
0.014763
0.014766
0.014767
0.01477
0.01477
0.014772
0.014775
0.014776
0.014776
0.014777
0.01478
0.01479
0.014793
0.014796
0.014803
0.014805
0.014806
0.014807
0.014807
0.01481
0.014812
0.014816
0.014818
0.01482
0.014823
0.014823
0.014823
0.014831
0.014833
0.01484
0.014846
0.014846
0.014852
0.014853
0.014853
0.014853
0.014853
0.014853
0.014854
0.014857
0.014863
0.014867
0.014867
0.01487
0.014871
0.014872
0.014874
0.01488
0.01488
0.014884
0.014897
0.014897
0.0149
0.0149
0.014907
0.014907
0.014913
0.014914
0.01492
0.014926
0.014927
0.01493
0.01493
0.014933
0.014945
0.014947
0.01495
0.014966
0.01497
0.014973
0.014973
0.01498
0.014983
0.014983
0.014983
0.01499
0.015
0.015006
0.015007
0.01501
0.015012
0.015013
0.015017
0.015024
0.01503
0.015033
0.015037
0.015043
0.015043
0.015045
0.015047
0.01505
0.015054
0.015055
0.015056
0.015059
0.01506
0.015067
0.01507
0.01507
0.015073
0.01508
0.01508
0.015083
0.015083
0.01509
0.01509
0.01509
0.015097
0.0151
0.0151
0.0151
0.015103
0.01511
0.015117
0.015127
0.015129
0.01513
0.01513
0.015137
0.01514
0.015148
0.01515
0.015154
0.015154
0.015164
0.015164
0.015166
0.015166
0.01517
0.015173
0.01518
0.01518
0.015181
0.015183
0.015187
0.01519
0.015193
0.015194
0.0152
0.0152
0.015202
0.015203
0.015203
0.015207
0.01521
0.01522
0.01523
0.01523
0.015237
0.015243
0.015249
0.01525
0.015252
0.015257
0.015257
0.015259
0.015266
0.015274
0.015274
0.01528
0.015283
0.015287
0.01529
0.01529
0.015292
0.015293
0.015296
0.015296
0.015297
0.015297
0.015301
0.015301
0.01531
0.01531
0.015311
0.015314
0.01532
0.01532
0.015323
0.015325
0.01533
0.015333
0.015333
0.015334
0.015336
0.015345
0.015346
0.015346
0.015346
0.015347
0.015348
0.015348
0.015357
0.01536
0.015364
0.015368
0.015373
0.015377
0.015386
0.015387
0.01541
0.015413
0.015413
0.015417
0.01542
0.01543
0.015433
0.015444
0.015453
0.01546
0.015467
0.015469
0.015473
0.015474
0.015474
0.015477
0.015486
0.015489
0.015506
0.015512
0.015517
0.01552
0.015523
0.01553
0.015533
0.015536
0.01556
0.015566
0.015573
0.015584
0.015597
0.015597
0.015609
0.01562
0.01563
0.015647
0.015663
0.015663
0.015666
0.015674
0.015684
0.015686
0.015686
0.015689
0.015695
0.015702
0.015704
0.015704
0.01571
0.01571
0.01571
0.01571
0.015713
0.015717
0.015753
0.01576
0.01576
0.015777
0.015777
0.015783
0.015787
0.01579
0.0158
0.015802
0.015803
0.015847
0.01585
0.015853
0.01586
0.015873
0.015874
0.015902
0.015903
0.015906
0.015917
0.015937
0.01594
0.015943
0.015947
0.015953
0.015953
0.015953
0.015969
0.015976
0.015983
0.015986
0.01599
0.01599
0.016007
0.01601
0.01602
0.016021
0.016023
0.016027
0.016047
0.016052
0.016053
0.01608
0.016084
0.016086
0.01609
0.016097
0.016114
0.016117
0.01612
0.016123
0.016124
0.016128
0.016147
0.016157
0.016174
0.01618
0.016182
0.016186
0.016196
0.016204
0.01621
0.01622
0.01623
0.016233
0.016236
0.01624
0.01625
0.016252
0.016267
0.016273
0.016289
0.016289
0.016294
0.016303
0.016308
0.016323
0.016323
0.016333
0.016334
0.016347
0.016351
0.016353
0.016357
0.016357
0.01636
0.01636
0.016398
0.016425
0.016446
0.016452
0.01646
0.01646
0.016466
0.0165
0.016504
0.016514
0.016537
0.01654
0.016548
0.016573
0.016578
0.016578
0.016588
0.0166
0.0166
0.016603
0.016604
0.016612
0.016613
0.016617
0.01663
0.016637
0.01664
0.016643
0.016703
0.016704
0.016717
0.01672
0.01672
0.016723
0.01674
0.01676
0.016764
0.01679
0.0168
0.016807
0.016809
0.016827
0.016834
0.01684
0.016843
0.01686
0.016877
0.01688
0.016886
0.01689
0.016897
0.016914
0.01692
0.016924
0.016927
0.016933
0.016937
0.016939
0.016977
0.016987
0.017015
0.017042
0.01706
0.017063
0.01708
0.017083
0.017087
0.01709
0.017107
0.017129
0.017142
0.017147
0.017172
0.017178
0.017187
0.0172
0.017223
0.017225
0.017228
0.01723
0.017251
0.017255
0.01728
0.017289
0.017294
0.017296
0.017348
0.017381
0.017385
0.017394
0.0174
0.01741
0.017413
0.017428
0.017434
0.017454
0.017457
0.017464
0.017467
0.017467
0.017473
0.01748
0.017493
0.017495
0.01752
0.017527
0.017527
0.01755
0.017605
0.017613
0.017665
0.017674
0.01768
0.017684
0.017723
0.017744
0.017744
0.01777
0.0178
0.01783
0.017843
0.017854
0.017854
0.017863
0.017873
0.017895
0.01791
0.017911
0.017917
0.017918
0.017963
0.017973
0.017983
0.017998
0.018016
0.018024
0.018027
0.018043
0.018049
0.01805
0.018055
0.018065
0.018074
0.018087
0.018094
0.018107
0.01812
0.018125
0.018126
0.018127
0.01817
0.018187
0.018187
0.01821
0.018224
0.018233
0.018257
0.01828
0.01829
0.018305
0.01831
0.018314
0.018333
0.018397
0.018403
0.018412
0.018446
0.018454
0.018483
0.018556
0.018557
0.018629
0.018631
0.01864
0.018674
0.018735
0.018778
0.018803
0.018804
0.018804
0.01884
0.01884
0.01884
0.018868
0.018877
0.018906
0.018908
0.01891
0.018923
0.01894
0.018967
0.018986
0.018994
0.018997
0.019002
0.01902
0.019022
0.019028
0.019028
0.019047
0.019065
0.019065
0.019102
0.019137
0.019169
0.019169
0.019179
0.019183
0.019183
0.019188
0.01919
0.019191
0.019246
0.019261
0.019263
0.019267
0.019284
0.019294
0.019311
0.019327
0.019329
0.019334
0.01936
0.019374
0.019383
0.019388
0.019417
0.019423
0.019433
0.019447
0.019464
0.01949
0.019505
0.019511
0.019517
0.019526
0.019526
0.019533
0.019573
0.019617
0.019637
0.019653
0.019658
0.01974
0.019743
0.019779
0.019783
0.019791
0.019794
0.01982
0.019833
0.019843
0.019847
0.01985
0.019852
0.019889
0.019894
0.019896
0.019896
0.019915
0.019934
0.019946
0.019955
0.019957
0.019963
0.019975
0.01998
0.019983
0.020007
0.020068
0.020076
0.02008
0.020095
0.020099
0.020157
0.020215
0.020224
0.020246
0.020254
0.020261
0.020274
0.020277
0.020351
0.020354
0.02039
0.020394
0.020397
0.020407
0.020409
0.020427
0.020434
0.02048
0.020515
0.020532
0.020569
0.0206
0.020646
0.02065
0.020675
0.020689
0.020703
0.020705
0.020712
0.02072
0.02076
0.020775
0.020789
0.020799
0.020831
0.020834
0.020862
0.020892
0.020904
0.020915
0.020953
0.020975
0.02099
0.02099
0.020995
0.021037
0.021045
0.02106
0.021061
0.021064
0.021074
0.021077
0.021082
0.021088
0.021092
0.021103
0.021115
0.02113
0.021184
0.021194
0.0212
0.021214
0.021229
0.021232
0.021245
0.021253
0.021259
0.021307
0.021323
0.021332
0.021333
0.021341
0.02135
0.021354
0.021357
0.021362
0.021428
0.021437
0.021445
0.021532
0.02155
0.021557
0.021585
0.021614
0.021625
0.021652
0.021662
0.02168
0.021708
0.021741
0.021742
0.021763
0.0218
0.021813
0.021822
0.021827
0.021872
0.021877
0.02188
0.021887
0.02189
0.021896
0.021898
0.021908
0.021917
0.02192
0.022003
0.02204
0.022063
0.022111
0.022143
0.022146
0.022156
0.02216
0.02217
0.02218
0.022206
0.022209
0.022217
0.022246
0.022246
0.022265
0.022315
0.022317
0.02232
0.022326
0.022336
0.022343
0.022347
0.022413
0.022414
0.022416
0.022437
0.022476
0.022494
0.0225
0.0225
0.022547
0.022572
0.0226
0.022643
0.022644
0.022666
0.022683
0.022697
0.022711
0.022713
0.022713
0.022717
0.022724
0.02274
0.022754
0.022777
0.022857
0.022862
0.022866
0.02287
0.022883
0.022895
0.022897
0.022897
0.02292
0.022933
0.02295
0.022966
0.022983
0.02301
0.023037
0.023095
0.023113
0.023154
0.023175
0.02318
0.0232
0.023223
0.023237
0.023237
0.023277
0.023295
0.02332
0.023325
0.02335
0.023354
0.02336
0.0234
0.02341
0.02345
0.02347
0.023473
0.023507
0.02356
0.023573
0.023583
0.023594
0.02363
0.023637
0.023683
0.02375
0.023754
0.02376
0.02376
0.02378
0.023787
0.023793
0.023793
0.023803
0.023806
0.02382
0.023823
0.023849
0.023924
0.023966
0.024007
0.024063
0.024083
0.024117
0.024117
0.024162
0.02418
0.024182
0.024237
0.02429
0.024317
0.024374
0.02438
0.024437
0.02444
0.024458
0.02448
0.024659
0.024714
0.024773
0.024796
0.024809
0.02481
0.024827
0.024827
0.02483
0.024877
0.024883
0.0249
0.02491
0.024913
0.024936
0.024951
0.024993
0.025027
0.025074
0.025117
0.025118
0.025148
0.025153
0.025353
0.025406
0.025406
0.02547
0.025577
0.025698
0.025716
0.025889
0.025913
0.02605
0.026087
0.026132
0.026293
0.02633
0.026471
0.026474
0.026496
0.026594
0.026643
0.026834
0.02684
0.02691
0.02692
0.02696
0.027
0.027113
0.027157
0.027187
0.027273
0.027311
0.02739
0.027474
0.02749
0.027633
0.02764
0.02771
0.027749
0.027873
0.027916
0.027927
0.028067
0.028117
0.02849
0.028735
0.028816
0.028853
0.02917
0.029468
0.030127
0.030457
0.031037
0.031584
0.031683
0.031834
0.031923
0.031977
0.032278
0.033969
0.034458
0.035494
0.035508
0.03617
0.036197
0.038875
0.041661
0.048787
0.063447
0.093576
0.100483
0.134833
0.180905
0.192983
0.199534
0.225304
0.236057
0.275515
0.312552
0.366333
0.452475
0.479462
0.674071
