0.00529
0.005309
0.005326
0.005432
0.005504
0.005538
0.005565
0.005595
0.005613
0.005649
0.005653
0.005655
0.005659
0.005678
0.005705
0.005708
0.005716
0.00573
0.005742
0.005752
0.005752
0.005765
0.005775
0.005777
0.00578
0.005795
0.005807
0.005811
0.005825
0.005825
0.005826
0.00584
0.005842
0.005845
0.005852
0.005866
0.005867
0.005873
0.005878
0.00588
0.005885
0.005888
0.005896
0.00591
0.005912
0.005917
0.00592
0.005925
0.005925
0.005929
0.005929
0.005938
0.005946
0.005951
0.005953
0.005956
0.005959
0.005964
0.005983
0.005986
0.00599
0.005998
0.006002
0.00601
0.006012
0.006014
0.006014
0.006015
0.006016
0.006024
0.00603
0.006031
0.006034
0.006045
0.006045
0.006049
0.006057
0.00606
0.006066
0.006067
0.00607
0.006072
0.006073
0.006075
0.006076
0.006076
0.006077
0.006082
0.006083
0.00609
0.006102
0.006103
0.006115
0.006124
0.006125
0.006125
0.00613
0.006136
0.006137
0.006138
0.006138
0.00614
0.00614
0.006142
0.006144
0.006147
0.006148
0.006148
0.006149
0.00615
0.006158
0.00616
0.00616
0.006162
0.006172
0.006173
0.006175
0.00618
0.006182
0.006191
0.006196
0.0062
0.006209
0.00621
0.006214
0.006217
0.00622
0.006223
0.006226
0.006227
0.006228
0.00623
0.00623
0.006233
0.006233
0.006234
0.006235
0.006236
0.006237
0.00624
0.006242
0.006246
0.006251
0.006253
0.006257
0.00626
0.006262
0.006269
0.00627
0.006272
0.006275
0.006277
0.006278
0.00628
0.00628
0.006282
0.006285
0.006285
0.006286
0.00629
0.006292
0.006295
0.0063
0.006302
0.006303
0.006304
0.006306
0.006307
0.006308
0.006308
0.00631
0.006311
0.006312
0.006315
0.006318
0.00632
0.006322
0.006323
0.006323
0.006325
0.006328
0.006329
0.00633
0.006332
0.006334
0.006335
0.006335
0.006337
0.006338
0.00634
0.00634
0.006342
0.006344
0.006344
0.006345
0.006348
0.00635
0.006351
0.006357
0.006357
0.006362
0.006364
0.006365
0.006367
0.006368
0.00637
0.006372
0.006372
0.006373
0.006374
0.006374
0.006374
0.006376
0.006377
0.006378
0.006378
0.006379
0.006382
0.006383
0.006384
0.006386
0.006389
0.00639
0.006395
0.006395
0.006397
0.006405
0.006407
0.006407
0.00641
0.00641
0.006414
0.006415
0.006416
0.006417
0.006417
0.00642
0.006424
0.006428
0.00643
0.006433
0.006435
0.006435
0.006437
0.006438
0.00644
0.00644
0.00644
0.006442
0.006444
0.006445
0.006446
0.006448
0.006448
0.006448
0.006448
0.006449
0.00645
0.00645
0.006453
0.006457
0.006458
0.006458
0.006459
0.00646
0.006462
0.006462
0.006463
0.006463
0.006465
0.006468
0.00647
0.006473
0.006476
0.006478
0.006478
0.006478
0.006478
0.00648
0.00648
0.006483
0.006485
0.006485
0.006486
0.006489
0.006491
0.006492
0.006492
0.006495
0.006496
0.006497
0.006498
0.006499
0.006499
0.0065
0.006502
0.006502
0.006503
0.006505
0.006506
0.006506
0.006508
0.006509
0.006512
0.006512
0.006512
0.006513
0.006513
0.006513
0.006513
0.006517
0.006518
0.00652
0.00652
0.00652
0.00652
0.00652
0.006522
0.006524
0.006524
0.006524
0.006526
0.006528
0.006528
0.006528
0.006529
0.006531
0.006533
0.006534
0.006534
0.006535
0.006535
0.006535
0.006536
0.006536
0.006542
0.006544
0.006546
0.006547
0.006547
0.00655
0.00655
0.006555
0.006558
0.006558
0.006558
0.00656
0.00656
0.006562
0.006564
0.006567
0.006567
0.006567
0.006569
0.006571
0.006571
0.006571
0.006573
0.006573
0.006573
0.006574
0.006575
0.006575
0.006577
0.006577
0.006578
0.006578
0.006581
0.006582
0.006582
0.006583
0.006586
0.006586
0.006587
0.006588
0.00659
0.006591
0.006591
0.006591
0.006592
0.006593
0.006595
0.006597
0.006597
0.006598
0.006598
0.006598
0.0066
0.006602
0.006603
0.006603
0.006603
0.00661
0.006612
0.006612
0.006613
0.006615
0.006617
0.006618
0.006618
0.006618
0.00662
0.00662
0.006621
0.006622
0.006623
0.006624
0.006626
0.006626
0.006626
0.006626
0.006627
0.006628
0.00663
0.00663
0.006633
0.006637
0.006638
0.00664
0.00664
0.006644
0.006645
0.006646
0.006646
0.006647
0.006647
0.006647
0.006649
0.00665
0.006652
0.006654
0.006655
0.006655
0.006655
0.006657
0.006657
0.006658
0.006658
0.006659
0.006662
0.006663
0.006664
0.006666
0.006666
0.006668
0.006668
0.006668
0.006669
0.00667
0.006671
0.006673
0.006673
0.006673
0.006673
0.006674
0.006675
0.006676
0.006677
0.006678
0.006678
0.00668
0.00668
0.00668
0.00668
0.006682
0.006683
0.006683
0.006683
0.006684
0.006685
0.006685
0.006685
0.006687
0.006687
0.006687
0.006688
0.006689
0.006693
0.006693
0.006695
0.006696
0.006697
0.006697
0.006698
0.0067
0.006701
0.006702
0.006703
0.006703
0.006704
0.006706
0.006707
0.006707
0.006707
0.006708
0.006709
0.00671
0.006712
0.006712
0.006713
0.006713
0.006715
0.006715
0.006716
0.006716
0.006718
0.006718
0.006718
0.00672
0.00672
0.00672
0.00672
0.006722
0.006722
0.006722
0.006723
0.006723
0.006725
0.006726
0.006726
0.006727
0.006727
0.006727
0.006729
0.006729
0.00673
0.006732
0.006734
0.006736
0.006737
0.006737
0.006738
0.00674
0.006742
0.006742
0.006743
0.006743
0.006747
0.006748
0.006748
0.00675
0.00675
0.00675
0.006751
0.006752
0.006753
0.006754
0.006755
0.006756
0.006756
0.006757
0.006757
0.006758
0.006762
0.006763
0.006764
0.006764
0.006764
0.006765
0.006765
0.006765
0.006765
0.006767
0.006767
0.006768
0.006771
0.006772
0.006773
0.006773
0.006773
0.006774
0.006775
0.006775
0.006775
0.006777
0.006778
0.006778
0.006778
0.006778
0.006779
0.006779
0.00678
0.00678
0.00678
0.006781
0.006781
0.006782
0.006782
0.006784
0.006784
0.006784
0.006786
0.006786
0.006786
0.006786
0.006788
0.006788
0.006788
0.006788
0.00679
0.00679
0.006794
0.006795
0.006795
0.006796
0.006796
0.006797
0.006798
0.0068
0.006802
0.006802
0.006802
0.006802
0.006804
0.006804
0.006804
0.006805
0.006805
0.006805
0.006805
0.006806
0.006807
0.006807
0.006807
0.006809
0.006809
0.00681
0.00681
0.006812
0.006812
0.006812
0.006812
0.006813
0.006813
0.006813
0.006814
0.006814
0.006814
0.006815
0.006818
0.006819
0.00682
0.00682
0.00682
0.00682
0.006821
0.006822
0.006823
0.006823
0.006824
0.006824
0.006825
0.006826
0.006828
0.00683
0.00683
0.006831
0.006833
0.006835
0.006835
0.006835
0.006835
0.006836
0.006837
0.006837
0.006838
0.006838
0.006838
0.00684
0.00684
0.00684
0.006842
0.006842
0.006843
0.006844
0.006844
0.006845
0.006845
0.006845
0.006845
0.006847
0.006847
0.006847
0.006847
0.006849
0.00685
0.00685
0.006851
0.006851
0.006851
0.006853
0.006854
0.006854
0.006854
0.006856
0.006856
0.006856
0.006857
0.006858
0.006858
0.006858
0.00686
0.00686
0.006862
0.006865
0.006865
0.006866
0.006866
0.006866
0.006867
0.006867
0.006867
0.006868
0.006868
0.006868
0.00687
0.006873
0.006874
0.006874
0.006875
0.006875
0.006877
0.006878
0.006878
0.006878
0.00688
0.00688
0.00688
0.006882
0.006883
0.006887
0.006887
0.006887
0.006888
0.006889
0.006889
0.00689
0.00689
0.006892
0.006892
0.006893
0.006893
0.006893
0.006896
0.006896
0.006896
0.006896
0.006896
0.006897
0.006897
0.006897
0.006898
0.0069
0.0069
0.006901
0.006902
0.006902
0.006902
0.006904
0.006905
0.006905
0.006905
0.006905
0.006905
0.006905
0.006905
0.006907
0.006907
0.006908
0.006908
0.006908
0.006908
0.006909
0.006909
0.006909
0.00691
0.00691
0.006911
0.006913
0.006913
0.006915
0.006915
0.006916
0.006917
0.006917
0.006917
0.006918
0.006918
0.006918
0.006918
0.00692
0.00692
0.00692
0.00692
0.006922
0.006922
0.006924
0.006925
0.006927
0.006927
0.00693
0.00693
0.00693
0.006932
0.006932
0.006932
0.006932
0.006932
0.006932
0.006933
0.006934
0.006935
0.006936
0.006937
0.006938
0.006938
0.006938
0.006938
0.00694
0.00694
0.00694
0.00694
0.006941
0.006942
0.006942
0.006943
0.006944
0.006945
0.006945
0.006945
0.006946
0.006946
0.006946
0.006947
0.006947
0.006948
0.00695
0.00695
0.006951
0.006953
0.006953
0.006955
0.006955
0.006955
0.006956
0.006957
0.006958
0.006958
0.00696
0.00696
0.00696
0.006962
0.006964
0.006964
0.006965
0.006965
0.006966
0.006967
0.006969
0.006969
0.006969
0.006969
0.00697
0.00697
0.006971
0.006971
0.006972
0.006972
0.006972
0.006973
0.006973
0.006974
0.006974
0.006975
0.006976
0.006976
0.006976
0.006977
0.006977
0.006977
0.006977
0.006978
0.006979
0.00698
0.00698
0.00698
0.006981
0.006982
0.006982
0.006982
0.006982
0.006983
0.006983
0.006983
0.006983
0.006983
0.006984
0.006984
0.006985
0.006987
0.006988
0.006988
0.006988
0.00699
0.00699
0.00699
0.006991
0.006991
0.006991
0.006991
0.006991
0.006992
0.006993
0.006993
0.006996
0.006997
0.006998
0.006998
0.007
0.007
0.007002
0.007002
0.007002
0.007003
0.007004
0.007004
0.007005
0.007005
0.007005
0.007007
0.007007
0.007007
0.007008
0.007009
0.007009
0.007009
0.007009
0.00701
0.007011
0.007012
0.007012
0.007012
0.007013
0.007013
0.007014
0.007014
0.007017
0.007017
0.007018
0.007018
0.007019
0.007019
0.00702
0.00702
0.007021
0.007022
0.007023
0.007024
0.007025
0.007026
0.007026
0.007027
0.007027
0.007027
0.007028
0.007028
0.007028
0.007028
0.007029
0.00703
0.00703
0.00703
0.007031
0.007032
0.007033
0.007034
0.007035
0.007036
0.007036
0.007037
0.007037
0.007038
0.007038
0.007038
0.00704
0.00704
0.00704
0.00704
0.00704
0.00704
0.00704
0.00704
0.00704
0.00704
0.00704
0.00704
0.00704
0.00704
0.007042
0.007046
0.007046
0.007046
0.007047
0.007047
0.007048
0.007048
0.007049
0.007049
0.00705
0.00705
0.00705
0.007051
0.007051
0.007052
0.007053
0.007053
0.007054
0.007054
0.007055
0.007055
0.007057
0.007057
0.007057
0.007057
0.007058
0.007058
0.007059
0.00706
0.00706
0.007062
0.007062
0.007063
0.007063
0.007064
0.007064
0.007064
0.007066
0.007066
0.007066
0.007066
0.007066
0.007066
0.007068
0.00707
0.007071
0.007072
0.007072
0.007072
0.007073
0.007075
0.007075
0.007075
0.007076
0.007076
0.007077
0.007077
0.007078
0.007078
0.007078
0.00708
0.00708
0.00708
0.00708
0.00708
0.007082
0.007082
0.007083
0.007083
0.007084
0.007085
0.007086
0.007086
0.007087
0.007087
0.007087
0.007088
0.007089
0.007089
0.00709
0.00709
0.00709
0.007091
0.007092
0.007092
0.007092
0.007092
0.007092
0.007092
0.007094
0.007095
0.007095
0.007095
0.007096
0.007096
0.007096
0.007097
0.007097
0.007097
0.007097
0.007097
0.007097
0.007099
0.007099
0.0071
0.0071
0.0071
0.0071
0.0071
0.0071
0.007101
0.007102
0.007103
0.007103
0.007103
0.007104
0.007104
0.007104
0.007104
0.007105
0.007106
0.007107
0.007107
0.007107
0.007107
0.007108
0.007108
0.00711
0.00711
0.00711
0.00711
0.00711
0.007111
0.007111
0.007112
0.007113
0.007114
0.007114
0.007115
0.007115
0.007116
0.007117
0.007117
0.007117
0.007118
0.00712
0.00712
0.00712
0.00712
0.00712
0.00712
0.00712
0.00712
0.007122
0.007124
0.007125
0.007125
0.007125
0.007127
0.007127
0.007127
0.007129
0.00713
0.00713
0.007131
0.007132
0.007132
0.007133
0.007133
0.007137
0.007137
0.007138
0.007138
0.00714
0.00714
0.00714
0.00714
0.007141
0.007142
0.007143
0.007144
0.007144
0.007146
0.007147
0.007147
0.007148
0.007148
0.007149
0.007149
0.00715
0.007151
0.007151
0.007151
0.007151
0.007152
0.007152
0.007152
0.007153
0.007153
0.007155
0.007155
0.007155
0.007155
0.007155
0.007156
0.007156
0.007157
0.007158
0.00716
0.00716
0.00716
0.007162
0.007163
0.007164
0.007164
0.007164
0.007165
0.007167
0.007168
0.007169
0.007169
0.00717
0.00717
0.007172
0.007173
0.007173
0.007173
0.007173
0.007173
0.007175
0.007175
0.007175
0.007176
0.007176
0.007177
0.007177
0.007177
0.007179
0.00718
0.00718
0.007181
0.007181
0.007183
0.007185
0.007185
0.007185
0.007186
0.007186
0.007186
0.007187
0.007188
0.007188
0.007189
0.007189
0.007189
0.007189
0.00719
0.00719
0.007191
0.007191
0.007191
0.007191
0.007191
0.007192
0.007192
0.007192
0.007192
0.007193
0.007194
0.007194
0.007195
0.007195
0.007195
0.007196
0.007196
0.007197
0.007198
0.007198
0.007198
0.007198
0.0072
0.0072
0.0072
0.007202
0.007202
0.007202
0.007202
0.007203
0.007203
0.007203
0.007203
0.007204
0.007205
0.007205
0.007205
0.007205
0.007206
0.007206
0.007207
0.007207
0.007208
0.007209
0.007209
0.00721
0.00721
0.007211
0.007212
0.007212
0.007213
0.007213
0.007213
0.007214
0.007214
0.007214
0.007214
0.007215
0.007215
0.007216
0.007216
0.007216
0.007216
0.007218
0.00722
0.00722
0.00722
0.00722
0.00722
0.007221
0.007222
0.007222
0.007222
0.007223
0.007223
0.007224
0.007224
0.007224
0.007225
0.007228
0.007228
0.007228
0.00723
0.00723
0.007231
0.007231
0.007232
0.007232
0.007233
0.007234
0.007235
0.007236
0.007236
0.007237
0.007237
0.007238
0.007238
0.00724
0.00724
0.007242
0.007242
0.007243
0.007244
0.007244
0.007244
0.007245
0.007245
0.007245
0.007245
0.007246
0.007246
0.007247
0.007247
0.007247
0.007247
0.007249
0.007249
0.007249
0.00725
0.007252
0.007252
0.007252
0.007252
0.007253
0.007254
0.007254
0.007254
0.007254
0.007255
0.007255
0.007257
0.007257
0.007257
0.007257
0.007259
0.007259
0.00726
0.00726
0.007261
0.007261
0.007263
0.007263
0.007264
0.007264
0.007265
0.007265
0.007265
0.007265
0.007266
0.007266
0.007268
0.007268
0.007269
0.007269
0.00727
0.00727
0.00727
0.007271
0.007271
0.007272
0.007273
0.007273
0.007273
0.007274
0.007274
0.007276
0.007277
0.007277
0.007278
0.007278
0.007278
0.007278
0.007278
0.00728
0.00728
0.00728
0.00728
0.00728
0.00728
0.00728
0.00728
0.007282
0.007283
0.007283
0.007283
0.007283
0.007284
0.007285
0.007285
0.007285
0.007286
0.007286
0.007287
0.007289
0.007289
0.007289
0.007291
0.007291
0.007292
0.007292
0.007293
0.007295
0.007295
0.007295
0.007295
0.007296
0.007296
0.007296
0.007296
0.007297
0.007297
0.007297
0.007297
0.007298
0.007298
0.007299
0.007299
0.007299
0.0073
0.0073
0.0073
0.007301
0.007303
0.007303
0.007304
0.007304
0.007305
0.007305
0.007305
0.007306
0.007306
0.007308
0.007308
0.007308
0.007309
0.00731
0.007312
0.007312
0.007313
0.007313
0.007314
0.007315
0.007315
0.007316
0.007316
0.007317
0.007317
0.007317
0.007317
0.007318
0.007318
0.007318
0.00732
0.00732
0.00732
0.00732
0.00732
0.00732
0.00732
0.00732
0.007322
0.007322
0.007323
0.007323
0.007323
0.007324
0.007324
0.007324
0.007324
0.007325
0.007325
0.007325
0.007325
0.007326
0.007326
0.007327
0.007327
0.007328
0.007329
0.007331
0.007331
0.007331
0.007332
0.007332
0.007332
0.007332
0.007334
0.007334
0.007335
0.007335
0.007335
0.007335
0.007335
0.007336
0.007337
0.007337
0.007337
0.007337
0.007337
0.007337
0.007337
0.007338
0.007338
0.007339
0.00734
0.007341
0.007342
0.007342
0.007342
0.007342
0.007343
0.007343
0.007343
0.007344
0.007344
0.007344
0.007345
0.007345
0.007345
0.007346
0.007347
0.007348
0.007348
0.007349
0.007349
0.00735
0.00735
0.00735
0.00735
0.00735
0.007351
0.007353
0.007353
0.007354
0.007354
0.007354
0.007355
0.007355
0.007355
0.007355
0.007355
0.007355
0.007355
0.007355
0.007356
0.007357
0.007357
0.007357
0.007357
0.007357
0.007357
0.00736
0.00736
0.00736
0.007362
0.007363
0.007363
0.007365
0.007365
0.007365
0.007366
0.007366
0.007367
0.007367
0.007367
0.007368
0.007369
0.007369
0.007369
0.00737
0.00737
0.007371
0.007371
0.007372
0.007372
0.007372
0.007374
0.007374
0.007374
0.007374
0.007375
0.007376
0.007376
0.007377
0.007378
0.007378
0.007378
0.007378
0.00738
0.00738
0.00738
0.00738
0.00738
0.00738
0.00738
0.007381
0.007381
0.007381
0.007383
0.007384
0.007385
0.007386
0.007386
0.007387
0.007387
0.007388
0.007388
0.007388
0.007389
0.007389
0.00739
0.00739
0.007391
0.007392
0.007393
0.007393
0.007393
0.007394
0.007394
0.007395
0.007395
0.007395
0.007397
0.007397
0.007398
0.007398
0.0074
0.0074
0.0074
0.0074
0.0074
0.0074
0.0074
0.007402
0.007402
0.007403
0.007403
0.007403
0.007404
0.007405
0.007407
0.007407
0.007408
0.007408
0.007411
0.007411
0.007411
0.007411
0.007412
0.007413
0.007413
0.007413
0.007413
0.007414
0.007414
0.007414
0.007414
0.007415
0.007415
0.007415
0.007415
0.007416
0.007416
0.007416
0.007416
0.007417
0.007417
0.007417
0.007417
0.007417
0.007417
0.007417
0.007418
0.007418
0.007419
0.007419
0.007419
0.007419
0.00742
0.00742
0.007421
0.007422
0.007422
0.007422
0.007422
0.007422
0.007422
0.007422
0.007423
0.007423
0.007424
0.007424
0.007424
0.007424
0.007425
0.007426
0.007426
0.007426
0.007426
0.007427
0.007428
0.007428
0.007428
0.007428
0.007429
0.007429
0.00743
0.00743
0.00743
0.007431
0.007433
0.007433
0.007433
0.007434
0.007435
0.007435
0.007435
0.007435
0.007435
0.007435
0.007436
0.007436
0.007438
0.00744
0.00744
0.00744
0.00744
0.007442
0.007443
0.007443
0.007443
0.007443
0.007443
0.007444
0.007445
0.007445
0.007445
0.007447
0.007447
0.007447
0.007447
0.007447
0.007448
0.007449
0.007449
0.007449
0.00745
0.007452
0.007452
0.007454
0.007455
0.007456
0.007456
0.007456
0.007457
0.007457
0.007457
0.007457
0.007458
0.007458
0.007458
0.007458
0.007458
0.007458
0.007458
0.007459
0.007459
0.00746
0.00746
0.007461
0.007461
0.007462
0.007462
0.007464
0.007465
0.007467
0.007467
0.007467
0.007468
0.007468
0.00747
0.00747
0.00747
0.00747
0.007471
0.007471
0.007471
0.007472
0.007473
0.007474
0.007474
0.007475
0.007475
0.007475
0.007476
0.007477
0.007477
0.007478
0.00748
0.00748
0.00748
0.007482
0.007482
0.007482
0.007482
0.007483
0.007483
0.007484
0.007485
0.007485
0.007485
0.007485
0.007485
0.007486
0.007487
0.007487
0.007489
0.007489
0.007489
0.00749
0.00749
0.007491
0.007491
0.007492
0.007492
0.007492
0.007492
0.007492
0.007492
0.007493
0.007493
0.007494
0.007494
0.007494
0.007494
0.007495
0.007495
0.007495
0.007495
0.007496
0.007496
0.007496
0.007497
0.007497
0.007498
0.007499
0.0075
0.0075
0.0075
0.0075
0.007501
0.007501
0.007501
0.007502
0.007502
0.007502
0.007504
0.007505
0.007505
0.007505
0.007505
0.007506
0.007506
0.007506
0.007506
0.007507
0.007507
0.007508
0.007508
0.007508
0.007509
0.007509
0.00751
0.007511
0.007511
0.007511
0.007512
0.007513
0.007513
0.007515
0.007515
0.007515
0.007516
0.007516
0.007517
0.007517
0.007517
0.007517
0.007517
0.007518
0.007518
0.007518
0.007518
0.007518
0.007518
0.00752
0.00752
0.00752
0.00752
0.007522
0.007522
0.007522
0.007522
0.007522
0.007522
0.007523
0.007523
0.007523
0.007523
0.007523
0.007523
0.007523
0.007523
0.007524
0.007524
0.007524
0.007524
0.007524
0.007525
0.007525
0.007525
0.007525
0.007525
0.007526
0.007526
0.007526
0.007526
0.007527
0.007527
0.007528
0.007529
0.007529
0.007529
0.007529
0.00753
0.007532
0.007532
0.007532
0.007532
0.007532
0.007533
0.007534
0.007534
0.007535
0.007535
0.007535
0.007535
0.007537
0.007538
0.007538
0.007539
0.00754
0.00754
0.00754
0.00754
0.00754
0.00754
0.007541
0.007542
0.007542
0.007542
0.007544
0.007544
0.007544
0.007545
0.007545
0.007545
0.007545
0.007545
0.007546
0.007547
0.007547
0.007547
0.007547
0.007548
0.007548
0.007548
0.007548
0.007548
0.007549
0.007549
0.00755
0.007551
0.007551
0.007551
0.007552
0.007552
0.007553
0.007553
0.007553
0.007553
0.007553
0.007553
0.007554
0.007555
0.007557
0.007557
0.007557
0.007557
0.007557
0.007558
0.007558
0.00756
0.00756
0.00756
0.00756
0.00756
0.00756
0.00756
0.00756
0.007562
0.007562
0.007562
0.007563
0.007563
0.007563
0.007563
0.007565
0.007566
0.007566
0.007566
0.007566
0.007567
0.007567
0.007568
0.007568
0.007569
0.007569
0.007569
0.007571
0.007572
0.007572
0.007572
0.007573
0.007573
0.007574
0.007574
0.007574
0.007575
0.007576
0.007576
0.007576
0.007576
0.007577
0.007577
0.007577
0.007577
0.007577
0.007578
0.007578
0.007579
0.00758
0.007581
0.007581
0.007581
0.007581
0.007583
0.007587
0.007588
0.007588
0.007588
0.007588
0.007588
0.007588
0.007589
0.007591
0.007591
0.007591
0.007591
0.007592
0.007592
0.007592
0.007593
0.007594
0.007594
0.007596
0.007596
0.007597
0.007597
0.007597
0.007598
0.007598
0.0076
0.0076
0.0076
0.0076
0.0076
0.0076
0.0076
0.0076
0.0076
0.0076
0.0076
0.007602
0.007602
0.007602
0.007603
0.007603
0.007603
0.007604
0.007605
0.007606
0.007606
0.007606
0.007607
0.007608
0.007608
0.007609
0.007611
0.007612
0.007612
0.007614
0.007614
0.007614
0.007614
0.007616
0.007616
0.007616
0.007616
0.007617
0.007617
0.007617
0.007618
0.007619
0.00762
0.00762
0.00762
0.00762
0.007621
0.007621
0.007621
0.007622
0.007622
0.007622
0.007622
0.007622
0.007623
0.007623
0.007624
0.007625
0.007625
0.007625
0.007625
0.007626
0.007626
0.007628
0.007628
0.007628
0.007628
0.007628
0.007628
0.007628
0.007628
0.007628
0.007628
0.007629
0.007631
0.007631
0.007631
0.007632
0.007632
0.007632
0.007632
0.007632
0.007632
0.007633
0.007633
0.007633
0.007633
0.007634
0.007634
0.007636
0.007637
0.007637
0.007637
0.007637
0.007638
0.007638
0.00764
0.00764
0.00764
0.00764
0.00764
0.00764
0.00764
0.00764
0.00764
0.00764
0.00764
0.007642
0.007642
0.007642
0.007643
0.007643
0.007643
0.007643
0.007643
0.007643
0.007643
0.007645
0.007646
0.007646
0.007646
0.007648
0.007649
0.007649
0.007649
0.00765
0.00765
0.00765
0.00765
0.007651
0.007652
0.007652
0.007652
0.007652
0.007653
0.007653
0.007653
0.007654
0.007654
0.007654
0.007654
0.007654
0.007655
0.007655
0.007655
0.007655
0.007656
0.007656
0.007656
0.007656
0.007657
0.007657
0.007657
0.007657
0.007658
0.007659
0.007659
0.00766
0.00766
0.00766
0.007661
0.007662
0.007662
0.007662
0.007663
0.007664
0.007666
0.007667
0.007667
0.007667
0.007668
0.007668
0.007668
0.007669
0.007669
0.007669
0.00767
0.00767
0.00767
0.007671
0.007671
0.007671
0.007672
0.007672
0.007672
0.007675
0.007675
0.007675
0.007675
0.007676
0.007677
0.007678
0.007678
0.00768
0.00768
0.00768
0.00768
0.00768
0.00768
0.00768
0.007682
0.007682
0.007683
0.007683
0.007683
0.007683
0.007683
0.007683
0.007684
0.007685
0.007686
0.007686
0.007687
0.007687
0.007689
0.007689
0.007689
0.00769
0.00769
0.00769
0.007691
0.007692
0.007692
0.007692
0.007693
0.007693
0.007694
0.007694
0.007694
0.007696
0.007696
0.007697
0.007698
0.007698
0.007699
0.0077
0.0077
0.0077
0.0077
0.0077
0.007701
0.007701
0.007702
0.007702
0.007702
0.007703
0.007703
0.007703
0.007703
0.007704
0.007704
0.007705
0.007705
0.007705
0.007705
0.007706
0.007706
0.007706
0.007706
0.007706
0.007707
0.007707
0.007707
0.007707
0.007708
0.007708
0.007708
0.007708
0.007708
0.007709
0.00771
0.00771
0.00771
0.007711
0.007711
0.007711
0.007711
0.007712
0.007712
0.007712
0.007713
0.007714
0.007714
0.007714
0.007715
0.007716
0.007717
0.007717
0.007717
0.007717
0.007718
0.007718
0.00772
0.00772
0.00772
0.00772
0.00772
0.00772
0.007722
0.007722
0.007723
0.007723
0.007723
0.007723
0.007723
0.007723
0.007723
0.007723
0.007723
0.007724
0.007724
0.007725
0.007725
0.007726
0.007726
0.007726
0.007727
0.007727
0.007728
0.007728
0.007729
0.007729
0.007729
0.00773
0.00773
0.007731
0.007732
0.007732
0.007732
0.007733
0.007733
0.007734
0.007735
0.007735
0.007736
0.007737
0.007737
0.007737
0.007737
0.007738
0.007738
0.007738
0.007739
0.007739
0.00774
0.00774
0.007741
0.007741
0.007742
0.007742
0.007742
0.007743
0.007743
0.007744
0.007744
0.007744
0.007745
0.007745
0.007745
0.007745
0.007745
0.007745
0.007746
0.007746
0.007746
0.007748
0.007748
0.007748
0.007749
0.00775
0.007752
0.007752
0.007752
0.007752
0.007752
0.007754
0.007754
0.007754
0.007755
0.007755
0.007756
0.007757
0.007757
0.007757
0.007757
0.007757
0.007757
0.007758
0.007758
0.007758
0.007758
0.00776
0.00776
0.00776
0.00776
0.00776
0.00776
0.00776
0.00776
0.007762
0.007762
0.007763
0.007763
0.007763
0.007763
0.007763
0.007763
0.007764
0.007764
0.007765
0.007765
0.007765
0.007765
0.007766
0.007766
0.007766
0.007766
0.007766
0.007766
0.007766
0.007767
0.007767
0.007767
0.007767
0.007768
0.007768
0.00777
0.00777
0.00777
0.007772
0.007772
0.007772
0.007773
0.007773
0.007773
0.007773
0.007774
0.007774
0.007774
0.007774
0.007775
0.007775
0.007775
0.007775
0.007775
0.007776
0.007776
0.007776
0.007776
0.007777
0.007778
0.007778
0.007778
0.007778
0.007778
0.007779
0.007779
0.007779
0.007779
0.00778
0.00778
0.00778
0.007781
0.007782
0.007783
0.007783
0.007784
0.007784
0.007784
0.007785
0.007785
0.007786
0.007786
0.007786
0.007786
0.007786
0.007786
0.007787
0.007787
0.007787
0.007787
0.007787
0.007787
0.007788
0.007788
0.007789
0.00779
0.00779
0.00779
0.007791
0.007791
0.007792
0.007792
0.007793
0.007793
0.007793
0.007793
0.007794
0.007794
0.007794
0.007794
0.007794
0.007794
0.007795
0.007797
0.007797
0.007797
0.007797
0.007797
0.007797
0.007797
0.007797
0.007798
0.007798
0.007798
0.007798
0.0078
0.0078
0.0078
0.0078
0.0078
0.0078
0.0078
0.0078
0.0078
0.007802
0.007802
0.007802
0.007803
0.007803
0.007803
0.007803
0.007803
0.007804
0.007804
0.007804
0.007805
0.007805
0.007805
0.007805
0.007806
0.007806
0.007808
0.007809
0.007809
0.007809
0.007811
0.007811
0.007812
0.007812
0.007812
0.007812
0.007813
0.007813
0.007813
0.007814
0.007814
0.007814
0.007814
0.007815
0.007815
0.007816
0.007817
0.007817
0.007817
0.007817
0.007818
0.007818
0.007818
0.007818
0.007818
0.007819
0.007819
0.00782
0.00782
0.00782
0.00782
0.00782
0.00782
0.00782
0.00782
0.007821
0.007821
0.007821
0.007822
0.007823
0.007823
0.007823
0.007823
0.007824
0.007825
0.007825
0.007825
0.007825
0.007825
0.007826
0.007827
0.007828
0.007828
0.00783
0.00783
0.007831
0.007831
0.007831
0.007831
0.007832
0.007832
0.007832
0.007833
0.007833
0.007833
0.007834
0.007834
0.007834
0.007834
0.007834
0.007836
0.007837
0.007837
0.007837
0.007837
0.007837
0.007837
0.007837
0.007837
0.007838
0.007838
0.00784
0.00784
0.00784
0.00784
0.00784
0.00784
0.00784
0.00784
0.00784
0.007843
0.007843
0.007843
0.007843
0.007843
0.007843
0.007843
0.007843
0.007844
0.007845
0.007845
0.007845
0.007845
0.007846
0.007846
0.007846
0.007847
0.007849
0.007849
0.00785
0.00785
0.00785
0.00785
0.007852
0.007853
0.007854
0.007854
0.007854
0.007854
0.007854
0.007854
0.007855
0.007855
0.007855
0.007855
0.007855
0.007855
0.007856
0.007857
0.007857
0.007857
0.007858
0.007859
0.00786
0.00786
0.00786
0.00786
0.007861
0.007862
0.007862
0.007862
0.007863
0.007863
0.007865
0.007865
0.007865
0.007865
0.007866
0.007866
0.007866
0.007866
0.007867
0.007868
0.007868
0.007868
0.007868
0.007868
0.007869
0.00787
0.007871
0.007871
0.007871
0.007871
0.007871
0.007871
0.007873
0.007873
0.007874
0.007874
0.007874
0.007874
0.007874
0.007874
0.007874
0.007874
0.007875
0.007875
0.007876
0.007876
0.007877
0.007877
0.007877
0.007877
0.007877
0.007877
0.007878
0.00788
0.00788
0.00788
0.00788
0.00788
0.00788
0.007882
0.007882
0.007883
0.007883
0.007883
0.007883
0.007884
0.007885
0.007885
0.007885
0.007885
0.007885
0.007886
0.007887
0.007887
0.007887
0.007888
0.007889
0.007889
0.007889
0.00789
0.00789
0.007891
0.007892
0.007892
0.007893
0.007893
0.007894
0.007895
0.007896
0.007896
0.007896
0.007897
0.007897
0.007897
0.007897
0.007897
0.007897
0.007898
0.007899
0.007899
0.0079
0.0079
0.0079
0.0079
0.0079
0.007901
0.007901
0.007901
0.007902
0.007902
0.007902
0.007903
0.007903
0.007904
0.007904
0.007904
0.007907
0.007908
0.007908
0.007908
0.007909
0.00791
0.00791
0.007911
0.007911
0.007912
0.007914
0.007914
0.007914
0.007914
0.007914
0.007914
0.007915
0.007915
0.007915
0.007917
0.007917
0.007918
0.007918
0.00792
0.00792
0.00792
0.00792
0.00792
0.00792
0.00792
0.007922
0.007922
0.007923
0.007923
0.007923
0.007923
0.007923
0.007923
0.007923
0.007923
0.007923
0.007923
0.007925
0.007925
0.007925
0.007925
0.007926
0.007926
0.007926
0.007926
0.007926
0.007926
0.007927
0.007927
0.007928
0.007928
0.007929
0.007929
0.007932
0.007932
0.007932
0.007932
0.007933
0.007934
0.007934
0.007934
0.007935
0.007935
0.007935
0.007935
0.007935
0.007936
0.007936
0.007936
0.007936
0.007937
0.007937
0.007937
0.007938
0.007938
0.007939
0.007939
0.007939
0.007939
0.00794
0.00794
0.00794
0.00794
0.00794
0.00794
0.007941
0.007941
0.007941
0.007941
0.007941
0.007942
0.007942
0.007942
0.007942
0.007942
0.007943
0.007943
0.007943
0.007943
0.007943
0.007943
0.007944
0.007945
0.007945
0.007945
0.007945
0.007945
0.007946
0.007947
0.007947
0.007948
0.007948
0.007948
0.007948
0.007948
0.007949
0.007949
0.00795
0.007951
0.007952
0.007953
0.007953
0.007954
0.007954
0.007955
0.007956
0.007956
0.007957
0.007957
0.007957
0.007957
0.007957
0.00796
0.00796
0.00796
0.00796
0.00796
0.00796
0.007962
0.007962
0.007963
0.007963
0.007965
0.007965
0.007966
0.007966
0.007966
0.007966
0.007966
0.007967
0.007968
0.007968
0.007968
0.007969
0.007969
0.007969
0.007969
0.00797
0.007972
0.007972
0.007972
0.007972
0.007972
0.007973
0.007973
0.007974
0.007974
0.007975
0.007975
0.007975
0.007975
0.007975
0.007977
0.007978
0.007978
0.007978
0.007978
0.007978
0.007979
0.007979
0.007979
0.00798
0.00798
0.007981
0.007982
0.007982
0.007982
0.007983
0.007983
0.007983
0.007984
0.007984
0.007984
0.007984
0.007985
0.007985
0.007986
0.007986
0.007987
0.007987
0.007987
0.007988
0.007988
0.007989
0.00799
0.00799
0.00799
0.007991
0.007991
0.007991
0.007991
0.007992
0.007992
0.007993
0.007993
0.007994
0.007994
0.007994
0.007994
0.007994
0.007994
0.007994
0.007996
0.007997
0.007997
0.007997
0.007997
0.007997
0.007997
0.007997
0.007998
0.007998
0.008
0.008
0.008
0.008
0.008
0.008002
0.008003
0.008003
0.008003
0.008003
0.008003
0.008003
0.008003
0.008004
0.008005
0.008006
0.008006
0.008006
0.008006
0.008006
0.008006
0.008006
0.008006
0.008006
0.008006
0.008006
0.008006
0.008006
0.008007
0.008007
0.008007
0.008007
0.008008
0.008008
0.008008
0.008009
0.008009
0.008009
0.00801
0.00801
0.00801
0.00801
0.00801
0.008012
0.008012
0.008012
0.008012
0.008013
0.008014
0.008015
0.008016
0.008016
0.008016
0.008016
0.008016
0.008016
0.008017
0.008018
0.008018
0.008018
0.008018
0.008019
0.008019
0.00802
0.00802
0.00802
0.008021
0.008021
0.008022
0.008022
0.008022
0.008024
0.008025
0.008025
0.008025
0.008025
0.008025
0.008025
0.008025
0.008025
0.008025
0.008025
0.008025
0.008026
0.008026
0.008027
0.008028
0.008028
0.008028
0.008028
0.008028
0.00803
0.00803
0.00803
0.008031
0.008031
0.008031
0.008032
0.008032
0.008032
0.008033
0.008034
0.008034
0.008035
0.008035
0.008035
0.008036
0.008037
0.008037
0.008037
0.008037
0.008037
0.00804
0.00804
0.00804
0.00804
0.00804
0.00804
0.00804
0.00804
0.00804
0.00804
0.00804
0.00804
0.008043
0.008043
0.008043
0.008043
0.008043
0.008043
0.008043
0.008043
0.008043
0.008043
0.008044
0.008045
0.008045
0.008045
0.008045
0.008045
0.008046
0.008046
0.008046
0.008046
0.008046
0.008046
0.008046
0.008046
0.008046
0.008046
0.008047
0.008049
0.008049
0.008049
0.008049
0.00805
0.00805
0.00805
0.008052
0.008052
0.008053
0.008053
0.008055
0.008055
0.008057
0.008057
0.008057
0.008057
0.008057
0.008057
0.008058
0.008058
0.008059
0.008059
0.008059
0.00806
0.00806
0.00806
0.008061
0.008061
0.008062
0.008062
0.008062
0.008063
0.008063
0.008063
0.008064
0.008064
0.008064
0.008064
0.008064
0.008065
0.008065
0.008065
0.008066
0.008066
0.008067
0.008067
0.008068
0.008068
0.008068
0.008068
0.008069
0.008069
0.008069
0.00807
0.00807
0.00807
0.008071
0.008071
0.008071
0.008071
0.008071
0.008071
0.008071
0.008072
0.008073
0.008074
0.008075
0.008075
0.008075
0.008076
0.008077
0.008077
0.008077
0.008077
0.008077
0.008077
0.008077
0.008077
0.008077
0.00808
0.00808
0.00808
0.00808
0.00808
0.00808
0.00808
0.008082
0.008082
0.008083
0.008083
0.008083
0.008083
0.008083
0.008083
0.008083
0.008083
0.008083
0.008083
0.008084
0.008085
0.008086
0.008086
0.008087
0.008087
0.008089
0.00809
0.00809
0.00809
0.00809
0.008091
0.008091
0.008091
0.008092
0.008092
0.008093
0.008093
0.008095
0.008095
0.008095
0.008096
0.008097
0.008097
0.008098
0.008098
0.008099
0.008099
0.0081
0.0081
0.0081
0.0081
0.0081
0.0081
0.008101
0.008101
0.008101
0.008102
0.008102
0.008102
0.008102
0.008102
0.008103
0.008103
0.008104
0.008105
0.008105
0.008105
0.008105
0.008106
0.008106
0.008107
0.008107
0.008107
0.008107
0.008107
0.008108
0.008108
0.008108
0.008108
0.008108
0.008108
0.00811
0.008111
0.008111
0.008111
0.008111
0.008111
0.008112
0.008113
0.008113
0.008113
0.008113
0.008114
0.008114
0.008114
0.008114
0.008114
0.008114
0.008115
0.008117
0.008117
0.008117
0.00812
0.00812
0.00812
0.00812
0.00812
0.00812
0.00812
0.00812
0.008123
0.008123
0.008123
0.008123
0.008123
0.008124
0.008125
0.008126
0.008126
0.008126
0.008126
0.008126
0.008126
0.008126
0.008127
0.008127
0.008127
0.008128
0.008128
0.008129
0.00813
0.00813
0.00813
0.00813
0.00813
0.00813
0.00813
0.00813
0.008131
0.008132
0.008132
0.008132
0.008132
0.008132
0.008133
0.008133
0.008134
0.008134
0.008135
0.008135
0.008135
0.008135
0.008136
0.008136
0.008137
0.008137
0.008138
0.008138
0.00814
0.00814
0.00814
0.00814
0.008141
0.008141
0.008141
0.008142
0.008143
0.008143
0.008143
0.008143
0.008144
0.008144
0.008145
0.008145
0.008145
0.008145
0.008146
0.008146
0.008147
0.008147
0.008147
0.008147
0.008147
0.008148
0.008148
0.008148
0.008148
0.008148
0.008148
0.00815
0.00815
0.00815
0.008151
0.008151
0.008151
0.008151
0.008151
0.008153
0.008153
0.008153
0.008154
0.008154
0.008154
0.008154
0.008154
0.008154
0.008154
0.008154
0.008155
0.008155
0.008155
0.008156
0.008157
0.008157
0.008157
0.008157
0.008157
0.008157
0.008157
0.008157
0.00816
0.00816
0.00816
0.00816
0.00816
0.00816
0.00816
0.008163
0.008163
0.008163
0.008163
0.008163
0.008163
0.008163
0.008163
0.008163
0.008163
0.008163
0.008163
0.008165
0.008166
0.008166
0.008166
0.008166
0.008166
0.008167
0.008167
0.008167
0.008167
0.008169
0.008169
0.008169
0.008169
0.008169
0.008169
0.008169
0.008169
0.008169
0.00817
0.00817
0.00817
0.00817
0.008171
0.008172
0.008172
0.008173
0.008173
0.008174
0.008174
0.008174
0.008175
0.008175
0.008175
0.008175
0.008176
0.008176
0.008176
0.008176
0.008177
0.008178
0.008178
0.008179
0.008179
0.00818
0.00818
0.00818
0.00818
0.00818
0.008181
0.008181
0.008182
0.008182
0.008182
0.008182
0.008182
0.008182
0.008183
0.008183
0.008184
0.008184
0.008184
0.008184
0.008185
0.008185
0.008185
0.008185
0.008185
0.008186
0.008186
0.008187
0.008187
0.008187
0.008187
0.008187
0.008188
0.008188
0.008188
0.008188
0.008188
0.008188
0.008188
0.008188
0.008189
0.00819
0.00819
0.00819
0.00819
0.00819
0.008191
0.008191
0.008191
0.008191
0.008191
0.008191
0.008193
0.008194
0.008194
0.008194
0.008194
0.008194
0.008194
0.008194
0.008194
0.008195
0.008195
0.008195
0.008195
0.008196
0.008196
0.008197
0.008197
0.008197
0.008197
0.008198
0.0082
0.0082
0.0082
0.0082
0.0082
0.0082
0.0082
0.0082
0.008203
0.008203
0.008203
0.008203
0.008203
0.008203
0.008203
0.008203
0.008204
0.008204
0.008204
0.008205
0.008205
0.008205
0.008205
0.008205
0.008206
0.008206
0.008206
0.008206
0.008206
0.008207
0.008207
0.008207
0.008208
0.008208
0.008209
0.008209
0.00821
0.00821
0.00821
0.00821
0.00821
0.00821
0.00821
0.00821
0.008211
0.008211
0.008212
0.008212
0.008212
0.008213
0.008213
0.008213
0.008214
0.008214
0.008214
0.008215
0.008215
0.008215
0.008215
0.008215
0.008215
0.008216
0.008216
0.008217
0.008218
0.008218
0.008218
0.008219
0.008219
0.00822
0.00822
0.00822
0.00822
0.00822
0.008221
0.008221
0.008222
0.008222
0.008222
0.008222
0.008223
0.008224
0.008225
0.008225
0.008225
0.008226
0.008226
0.008226
0.008227
0.008227
0.008227
0.008228
0.008228
0.008228
0.008228
0.008228
0.008228
0.008231
0.008231
0.008231
0.008232
0.008232
0.008233
0.008233
0.008233
0.008233
0.008234
0.008234
0.008234
0.008237
0.008237
0.008237
0.008237
0.008237
0.008237
0.008237
0.008238
0.00824
0.00824
0.00824
0.00824
0.00824
0.00824
0.00824
0.00824
0.00824
0.00824
0.00824
0.00824
0.00824
0.00824
0.00824
0.00824
0.008243
0.008243
0.008243
0.008243
0.008243
0.008243
0.008243
0.008243
0.008243
0.008243
0.008244
0.008245
0.008246
0.008246
0.008246
0.008246
0.008246
0.008246
0.008246
0.008247
0.008248
0.008249
0.008249
0.008249
0.008249
0.00825
0.00825
0.00825
0.00825
0.00825
0.00825
0.00825
0.00825
0.00825
0.00825
0.008252
0.008252
0.008252
0.008252
0.008252
0.008252
0.008252
0.008255
0.008255
0.008255
0.008255
0.008255
0.008255
0.008256
0.008256
0.008257
0.008257
0.008257
0.008257
0.008257
0.008258
0.008258
0.008259
0.008259
0.00826
0.00826
0.00826
0.008262
0.008263
0.008264
0.008264
0.008264
0.008265
0.008266
0.008267
0.008267
0.008267
0.008267
0.008268
0.008268
0.008268
0.008268
0.008269
0.008269
0.00827
0.00827
0.008271
0.008271
0.008271
0.008271
0.008271
0.008273
0.008273
0.008274
0.008274
0.008274
0.008274
0.008274
0.008275
0.008275
0.008277
0.008277
0.008277
0.008277
0.008277
0.008277
0.008277
0.00828
0.00828
0.00828
0.00828
0.00828
0.00828
0.008283
0.008283
0.008283
0.008283
0.008283
0.008283
0.008283
0.008283
0.008283
0.008285
0.008286
0.008286
0.008286
0.008286
0.008286
0.008286
0.008286
0.008286
0.008287
0.008287
0.008287
0.008288
0.008289
0.00829
0.008291
0.008292
0.008292
0.008292
0.008292
0.008292
0.008292
0.008292
0.008293
0.008293
0.008293
0.008293
0.008293
0.008294
0.008295
0.008295
0.008295
0.008296
0.008296
0.008296
0.008297
0.008297
0.008297
0.008297
0.008298
0.008298
0.008298
0.008299
0.0083
0.0083
0.008301
0.008301
0.008301
0.008301
0.008301
0.008302
0.008302
0.008302
0.008302
0.008303
0.008303
0.008303
0.008305
0.008305
0.008306
0.008306
0.008307
0.008307
0.008307
0.008307
0.008308
0.008308
0.008309
0.00831
0.00831
0.00831
0.008311
0.008311
0.008311
0.008311
0.008311
0.008311
0.008311
0.008311
0.008312
0.008313
0.008313
0.008314
0.008314
0.008314
0.008314
0.008314
0.008314
0.008314
0.008315
0.008317
0.008317
0.008317
0.008317
0.008317
0.008317
0.008318
0.008318
0.00832
0.00832
0.00832
0.00832
0.00832
0.00832
0.00832
0.008322
0.008323
0.008323
0.008323
0.008323
0.008323
0.008323
0.008323
0.008323
0.008323
0.008323
0.008323
0.008324
0.008325
0.008326
0.008326
0.008326
0.008326
0.008326
0.008326
0.008327
0.008327
0.008327
0.008329
0.008329
0.008329
0.00833
0.00833
0.00833
0.00833
0.008331
0.008331
0.008331
0.008332
0.008332
0.008332
0.008332
0.008333
0.008333
0.008334
0.008335
0.008335
0.008335
0.008335
0.008335
0.008335
0.008335
0.008336
0.008336
0.008336
0.008336
0.008337
0.008338
0.008338
0.008338
0.008338
0.008339
0.008339
0.008339
0.00834
0.00834
0.00834
0.00834
0.00834
0.00834
0.008341
0.008342
0.008342
0.008342
0.008342
0.008343
0.008343
0.008343
0.008343
0.008343
0.008343
0.008344
0.008345
0.008345
0.008345
0.008348
0.008348
0.008348
0.008348
0.008348
0.008349
0.00835
0.00835
0.00835
0.00835
0.00835
0.00835
0.008351
0.008351
0.008351
0.008351
0.008351
0.008352
0.008353
0.008353
0.008353
0.008354
0.008354
0.008354
0.008354
0.008354
0.008357
0.008357
0.008357
0.008357
0.008357
0.008357
0.008358
0.008358
0.008358
0.00836
0.00836
0.00836
0.00836
0.00836
0.008363
0.008363
0.008363
0.008363
0.008364
0.008366
0.008366
0.008366
0.008366
0.008366
0.008366
0.008366
0.008367
0.008367
0.008367
0.008367
0.008368
0.00837
0.00837
0.00837
0.00837
0.00837
0.008372
0.008372
0.008372
0.008373
0.008373
0.008373
0.008373
0.008374
0.008375
0.008376
0.008376
0.008376
0.008377
0.008377
0.008377
0.008378
0.008378
0.008378
0.008378
0.008378
0.008378
0.008378
0.008379
0.008379
0.00838
0.00838
0.00838
0.008381
0.008381
0.008381
0.008381
0.008382
0.008382
0.008383
0.008383
0.008384
0.008384
0.008384
0.008385
0.008385
0.008385
0.008386
0.008386
0.008386
0.008386
0.008387
0.008387
0.008387
0.008387
0.008388
0.008388
0.008388
0.008388
0.008388
0.00839
0.00839
0.00839
0.00839
0.00839
0.00839
0.008391
0.008391
0.008391
0.008391
0.008391
0.008391
0.008392
0.008392
0.008393
0.008396
0.008397
0.008397
0.008397
0.008397
0.008397
0.0084
0.0084
0.0084
0.0084
0.0084
0.0084
0.0084
0.0084
0.008403
0.008403
0.008403
0.008403
0.008403
0.008403
0.008403
0.008403
0.008403
0.008404
0.008404
0.008405
0.008406
0.008406
0.008406
0.008407
0.00841
0.00841
0.00841
0.00841
0.008411
0.008412
0.008412
0.008412
0.008412
0.008413
0.008413
0.008413
0.008415
0.008415
0.008415
0.008416
0.008416
0.008416
0.008416
0.008416
0.008416
0.008417
0.008418
0.008418
0.008419
0.008419
0.008419
0.00842
0.00842
0.00842
0.00842
0.008421
0.008421
0.008422
0.008422
0.008422
0.008422
0.008422
0.008423
0.008423
0.008424
0.008424
0.008424
0.008424
0.008424
0.008425
0.008425
0.008426
0.008426
0.008427
0.008427
0.008428
0.008428
0.008429
0.00843
0.00843
0.008431
0.008431
0.008431
0.008431
0.008431
0.008431
0.008433
0.008433
0.008434
0.008434
0.008434
0.008434
0.008434
0.008434
0.008434
0.008434
0.008434
0.008436
0.008436
0.008437
0.008437
0.008437
0.008437
0.008437
0.008437
0.008437
0.008437
0.00844
0.00844
0.00844
0.00844
0.00844
0.00844
0.00844
0.008442
0.008443
0.008443
0.008443
0.008443
0.008443
0.008443
0.008443
0.008443
0.008443
0.008444
0.008444
0.008446
0.008446
0.008446
0.008446
0.008447
0.008447
0.008447
0.008448
0.008449
0.008449
0.008449
0.008449
0.00845
0.00845
0.00845
0.00845
0.00845
0.008451
0.008452
0.008452
0.008452
0.008453
0.008453
0.008453
0.008453
0.008453
0.008455
0.008455
0.008457
0.008457
0.008457
0.008458
0.008458
0.008459
0.008459
0.008459
0.00846
0.00846
0.00846
0.008461
0.008461
0.008461
0.008461
0.008461
0.008462
0.008462
0.008463
0.008463
0.008463
0.008464
0.008464
0.008464
0.008464
0.008465
0.008466
0.008467
0.008467
0.008467
0.008467
0.008467
0.008468
0.008469
0.00847
0.00847
0.00847
0.008471
0.008473
0.008473
0.008473
0.008473
0.008473
0.008473
0.008473
0.008474
0.008474
0.008474
0.008474
0.008474
0.008474
0.008474
0.008474
0.008474
0.008474
0.008474
0.008475
0.008475
0.008476
0.008477
0.008477
0.008477
0.008477
0.008477
0.008477
0.00848
0.00848
0.00848
0.00848
0.00848
0.00848
0.00848
0.00848
0.00848
0.00848
0.00848
0.00848
0.00848
0.00848
0.00848
0.00848
0.00848
0.00848
0.00848
0.008483
0.008483
0.008483
0.008483
0.008483
0.008483
0.008483
0.008484
0.008484
0.008486
0.008486
0.008486
0.008486
0.008487
0.008487
0.008487
0.008487
0.008487
0.008487
0.008489
0.008489
0.008489
0.008489
0.008489
0.00849
0.00849
0.008491
0.008492
0.008492
0.008492
0.008492
0.008493
0.008493
0.008494
0.008494
0.008495
0.008496
0.008496
0.008496
0.008496
0.008499
0.008499
0.008499
0.008499
0.008499
0.008501
0.008501
0.008502
0.008503
0.008503
0.008503
0.008503
0.008503
0.008503
0.008503
0.008504
0.008504
0.008504
0.008504
0.008504
0.008506
0.008507
0.008507
0.008507
0.008507
0.008508
0.00851
0.00851
0.00851
0.00851
0.008511
0.008511
0.008512
0.008513
0.008513
0.008513
0.008513
0.008513
0.008513
0.008514
0.008514
0.008514
0.008514
0.008514
0.008514
0.008516
0.008517
0.008517
0.008517
0.008517
0.008517
0.008517
0.008517
0.008517
0.008517
0.008517
0.008517
0.008517
0.008517
0.008518
0.008518
0.00852
0.00852
0.00852
0.00852
0.00852
0.00852
0.00852
0.008523
0.008523
0.008523
0.008523
0.008523
0.008524
0.008524
0.008524
0.008525
0.008526
0.008526
0.008526
0.008527
0.008527
0.008527
0.008529
0.008529
0.008529
0.00853
0.00853
0.00853
0.00853
0.00853
0.00853
0.008531
0.008532
0.008532
0.008532
0.008532
0.008533
0.008533
0.008533
0.008533
0.008533
0.008534
0.008534
0.008534
0.008535
0.008535
0.008535
0.008536
0.008536
0.008536
0.008536
0.008537
0.008537
0.008538
0.008539
0.008539
0.00854
0.00854
0.00854
0.00854
0.00854
0.008541
0.008542
0.008543
0.008543
0.008543
0.008544
0.008545
0.008545
0.008546
0.008547
0.008547
0.008548
0.008548
0.008548
0.00855
0.00855
0.008551
0.008551
0.008554
0.008554
0.008554
0.008554
0.008554
0.008554
0.008555
0.008556
0.008556
0.008557
0.008557
0.008557
0.008557
0.008557
0.008557
0.008557
0.00856
0.00856
0.00856
0.00856
0.00856
0.00856
0.008561
0.008563
0.008563
0.008563
0.008563
0.008563
0.008563
0.008563
0.008563
0.008564
0.008564
0.008564
0.008566
0.008566
0.008566
0.008566
0.008567
0.008567
0.008567
0.008567
0.008567
0.008567
0.008569
0.008569
0.008569
0.008569
0.008569
0.00857
0.00857
0.00857
0.00857
0.00857
0.00857
0.00857
0.00857
0.00857
0.008571
0.008572
0.008572
0.008573
0.008573
0.008573
0.008574
0.008574
0.008574
0.008575
0.008575
0.008575
0.008576
0.008576
0.008577
0.008577
0.008577
0.008577
0.008579
0.008579
0.008579
0.008579
0.00858
0.00858
0.00858
0.00858
0.008581
0.008582
0.008582
0.008582
0.008583
0.008583
0.008584
0.008584
0.008584
0.008584
0.008584
0.008584
0.008585
0.008585
0.008585
0.008585
0.008587
0.008587
0.008587
0.008588
0.008588
0.008588
0.008588
0.008588
0.00859
0.00859
0.00859
0.00859
0.00859
0.00859
0.00859
0.008591
0.008591
0.008591
0.008591
0.008591
0.008591
0.008591
0.008592
0.008593
0.008593
0.008594
0.008594
0.008594
0.008594
0.008594
0.008597
0.008597
0.008597
0.008597
0.008597
0.008597
0.0086
0.0086
0.0086
0.0086
0.008602
0.008603
0.008603
0.008603
0.008603
0.008603
0.008603
0.008603
0.008604
0.008606
0.008606
0.008606
0.008606
0.008607
0.008607
0.008609
0.008609
0.008609
0.00861
0.00861
0.00861
0.008612
0.008612
0.008613
0.008613
0.008613
0.008613
0.008613
0.008614
0.008615
0.008615
0.008615
0.008615
0.008616
0.008616
0.008616
0.008617
0.008617
0.008617
0.008617
0.008618
0.008618
0.008618
0.008618
0.008619
0.008619
0.008619
0.008619
0.00862
0.00862
0.00862
0.00862
0.008621
0.008621
0.008621
0.008621
0.008622
0.008622
0.008622
0.008622
0.008623
0.008623
0.008624
0.008624
0.008625
0.008625
0.008625
0.008627
0.008627
0.008627
0.008627
0.008627
0.008627
0.008627
0.008627
0.008628
0.00863
0.00863
0.00863
0.00863
0.00863
0.008631
0.008631
0.008631
0.008631
0.008633
0.008633
0.008633
0.008633
0.008633
0.008634
0.008634
0.008634
0.008634
0.008635
0.008636
0.008636
0.008637
0.008637
0.008637
0.008637
0.008637
0.008637
0.008638
0.008638
0.00864
0.00864
0.00864
0.00864
0.00864
0.00864
0.00864
0.00864
0.00864
0.00864
0.008643
0.008643
0.008643
0.008643
0.008643
0.008643
0.008644
0.008644
0.008644
0.008645
0.008646
0.008646
0.008646
0.008647
0.008647
0.008647
0.008648
0.008648
0.008649
0.008649
0.008649
0.008649
0.008649
0.008649
0.00865
0.00865
0.008651
0.008652
0.008652
0.008652
0.008652
0.008652
0.008652
0.008653
0.008653
0.008653
0.008653
0.008653
0.008653
0.008655
0.008655
0.008655
0.008655
0.008656
0.008656
0.008656
0.008656
0.008656
0.008657
0.008657
0.008657
0.008657
0.008657
0.008657
0.008658
0.008659
0.008659
0.008659
0.00866
0.00866
0.00866
0.00866
0.00866
0.00866
0.008661
0.008661
0.008664
0.008664
0.008664
0.008664
0.008664
0.008664
0.008665
0.008665
0.008667
0.008667
0.008668
0.008668
0.008668
0.008668
0.008668
0.00867
0.00867
0.00867
0.00867
0.00867
0.00867
0.008671
0.008671
0.008671
0.008673
0.008673
0.008673
0.008673
0.008673
0.008674
0.008674
0.008674
0.008674
0.008674
0.008676
0.008676
0.008677
0.008677
0.008677
0.008677
0.008677
0.008677
0.008677
0.00868
0.00868
0.00868
0.00868
0.00868
0.00868
0.00868
0.00868
0.00868
0.00868
0.00868
0.00868
0.00868
0.00868
0.00868
0.00868
0.008683
0.008683
0.008683
0.008683
0.008683
0.008684
0.008685
0.008686
0.008686
0.008686
0.008686
0.008686
0.008687
0.008687
0.008688
0.008689
0.008689
0.008689
0.008689
0.008689
0.008689
0.00869
0.00869
0.00869
0.008692
0.008692
0.008693
0.008693
0.008693
0.008693
0.008693
0.008693
0.008694
0.008695
0.008696
0.008696
0.008696
0.008696
0.008696
0.008696
0.008697
0.008697
0.008697
0.008697
0.008697
0.008698
0.008698
0.008698
0.008698
0.008699
0.008699
0.0087
0.008701
0.008701
0.008701
0.008701
0.008701
0.008702
0.008702
0.008702
0.008702
0.008702
0.008703
0.008703
0.008703
0.008705
0.008705
0.008705
0.008705
0.008708
0.008708
0.008708
0.00871
0.00871
0.00871
0.00871
0.00871
0.008711
0.008711
0.008711
0.008713
0.008713
0.008713
0.008713
0.008713
0.008713
0.008713
0.008714
0.008714
0.008714
0.008714
0.008714
0.008714
0.008715
0.008717
0.008717
0.008717
0.008718
0.00872
0.00872
0.00872
0.00872
0.00872
0.00872
0.00872
0.00872
0.00872
0.00872
0.008723
0.008723
0.008723
0.008723
0.008723
0.008723
0.008723
0.008723
0.008726
0.008726
0.008726
0.008726
0.008726
0.008727
0.008727
0.008727
0.008727
0.008727
0.008727
0.008729
0.008729
0.008729
0.008732
0.008732
0.008732
0.008732
0.008733
0.008733
0.008733
0.008734
0.008735
0.008735
0.008735
0.008735
0.008736
0.008736
0.008736
0.008737
0.008737
0.008737
0.008737
0.008738
0.008738
0.00874
0.00874
0.00874
0.00874
0.00874
0.008741
0.008742
0.008742
0.008742
0.008743
0.008743
0.008743
0.008743
0.008743
0.008744
0.008745
0.008745
0.008745
0.008745
0.008745
0.008745
0.008747
0.008747
0.008747
0.008747
0.008747
0.008747
0.008748
0.008748
0.008748
0.00875
0.00875
0.00875
0.00875
0.00875
0.00875
0.008753
0.008753
0.008753
0.008753
0.008753
0.008753
0.008753
0.008754
0.008754
0.008754
0.008754
0.008754
0.008754
0.008754
0.008757
0.008757
0.008757
0.008757
0.008757
0.008757
0.008757
0.008757
0.008757
0.008757
0.008757
0.00876
0.00876
0.00876
0.00876
0.00876
0.00876
0.00876
0.00876
0.00876
0.008762
0.008763
0.008763
0.008763
0.008763
0.008763
0.008763
0.008763
0.008763
0.008763
0.008763
0.008763
0.008764
0.008764
0.008765
0.008766
0.008766
0.008767
0.008767
0.00877
0.00877
0.00877
0.00877
0.00877
0.008772
0.008772
0.008772
0.008773
0.008773
0.008773
0.008774
0.008775
0.008775
0.008776
0.008776
0.008776
0.008776
0.008777
0.008777
0.008778
0.008779
0.008779
0.008779
0.00878
0.00878
0.00878
0.00878
0.00878
0.008782
0.008783
0.008783
0.008783
0.008783
0.008783
0.008783
0.008784
0.008784
0.008785
0.008785
0.008787
0.008787
0.008787
0.008787
0.008787
0.008788
0.008788
0.008788
0.008788
0.008789
0.00879
0.00879
0.00879
0.008791
0.008791
0.008791
0.008791
0.008793
0.008793
0.008793
0.008793
0.008794
0.008794
0.008794
0.008794
0.008796
0.008796
0.008796
0.008797
0.008797
0.008798
0.0088
0.0088
0.0088
0.0088
0.0088
0.0088
0.0088
0.0088
0.0088
0.0088
0.0088
0.0088
0.0088
0.0088
0.008803
0.008803
0.008803
0.008803
0.008803
0.008804
0.008806
0.008806
0.008806
0.008806
0.008806
0.008806
0.008806
0.008807
0.008807
0.008808
0.008809
0.00881
0.00881
0.00881
0.00881
0.008811
0.008812
0.008812
0.008812
0.008813
0.008813
0.008813
0.008813
0.008813
0.008815
0.008816
0.008816
0.008817
0.008817
0.008817
0.008818
0.008818
0.008818
0.00882
0.00882
0.00882
0.00882
0.00882
0.00882
0.00882
0.008821
0.008821
0.008821
0.008822
0.008822
0.008822
0.008822
0.008823
0.008823
0.008823
0.008823
0.008824
0.008824
0.008824
0.008825
0.008826
0.008826
0.008827
0.008827
0.008827
0.008827
0.008827
0.008828
0.008828
0.00883
0.00883
0.00883
0.00883
0.00883
0.00883
0.00883
0.008831
0.008831
0.008831
0.008831
0.008831
0.008831
0.008831
0.008831
0.008832
0.008833
0.008833
0.008833
0.008834
0.008834
0.008836
0.008836
0.008837
0.008837
0.008837
0.008837
0.008837
0.008837
0.00884
0.00884
0.00884
0.00884
0.00884
0.00884
0.008842
0.008843
0.008843
0.008843
0.008843
0.008843
0.008843
0.008844
0.008846
0.008846
0.008846
0.008847
0.008847
0.008847
0.008847
0.008847
0.008847
0.008848
0.008849
0.008849
0.00885
0.00885
0.00885
0.00885
0.00885
0.008851
0.008851
0.008852
0.008852
0.008852
0.008853
0.008853
0.008853
0.008853
0.008854
0.008855
0.008856
0.008856
0.008857
0.008857
0.008857
0.008859
0.00886
0.00886
0.00886
0.00886
0.00886
0.008862
0.008862
0.008863
0.008863
0.008863
0.008864
0.008864
0.008864
0.008864
0.008865
0.008866
0.008867
0.008867
0.008867
0.008868
0.008869
0.00887
0.00887
0.00887
0.00887
0.00887
0.00887
0.00887
0.00887
0.00887
0.00887
0.00887
0.008871
0.008872
0.008873
0.008873
0.008873
0.008873
0.008873
0.008874
0.008874
0.008874
0.008876
0.008876
0.008876
0.008877
0.008877
0.008877
0.008877
0.00888
0.00888
0.00888
0.00888
0.00888
0.00888
0.00888
0.00888
0.00888
0.00888
0.00888
0.00888
0.00888
0.00888
0.008882
0.008882
0.008883
0.008883
0.008883
0.008883
0.008883
0.008883
0.008883
0.008883
0.008884
0.008884
0.008884
0.008884
0.008884
0.008884
0.008884
0.008885
0.008885
0.008886
0.008886
0.008886
0.008886
0.008886
0.008887
0.008887
0.008887
0.008887
0.008887
0.008887
0.008887
0.008889
0.008889
0.008889
0.008889
0.00889
0.00889
0.00889
0.008891
0.008892
0.008892
0.008893
0.008893
0.008893
0.008894
0.008895
0.008896
0.008897
0.008898
0.008899
0.0089
0.0089
0.0089
0.0089
0.0089
0.008902
0.008902
0.008903
0.008904
0.008904
0.008905
0.008906
0.008906
0.008907
0.008907
0.008907
0.008907
0.008908
0.008908
0.00891
0.00891
0.00891
0.00891
0.00891
0.008911
0.008911
0.008911
0.008911
0.008911
0.008913
0.008913
0.008913
0.008914
0.008914
0.008914
0.008917
0.008917
0.008917
0.008917
0.008917
0.008917
0.00892
0.00892
0.00892
0.00892
0.00892
0.00892
0.008923
0.008923
0.008923
0.008923
0.008923
0.008924
0.008924
0.008924
0.008924
0.008924
0.008924
0.008924
0.008925
0.008926
0.008926
0.008926
0.008927
0.008927
0.008927
0.008928
0.008929
0.00893
0.00893
0.00893
0.00893
0.008932
0.008933
0.008933
0.008933
0.008933
0.008933
0.008934
0.008934
0.008935
0.008936
0.008937
0.008937
0.008937
0.008937
0.008937
0.008939
0.008939
0.00894
0.00894
0.00894
0.00894
0.00894
0.008941
0.008941
0.008941
0.008941
0.008942
0.008943
0.008943
0.008943
0.008943
0.008943
0.008944
0.008944
0.008944
0.008944
0.008945
0.008946
0.008947
0.008947
0.008947
0.008948
0.008948
0.008948
0.00895
0.00895
0.00895
0.008951
0.008953
0.008953
0.008953
0.008953
0.008953
0.008954
0.008954
0.008954
0.008956
0.008956
0.008956
0.008957
0.008957
0.008957
0.008957
0.00896
0.00896
0.00896
0.00896
0.00896
0.00896
0.008961
0.008963
0.008963
0.008963
0.008963
0.008964
0.008964
0.008964
0.008964
0.008964
0.008966
0.008966
0.008966
0.008966
0.008967
0.008967
0.008967
0.008967
0.008967
0.008968
0.008969
0.00897
0.00897
0.00897
0.00897
0.00897
0.008972
0.008973
0.008973
0.008973
0.008974
0.008974
0.008974
0.008975
0.008976
0.008977
0.008977
0.008978
0.008978
0.008979
0.008979
0.008979
0.00898
0.00898
0.00898
0.00898
0.00898
0.00898
0.008983
0.008983
0.008983
0.008983
0.008983
0.008984
0.008984
0.008984
0.008985
0.008986
0.008986
0.008987
0.008987
0.008988
0.008988
0.00899
0.00899
0.008991
0.008991
0.008991
0.008993
0.008993
0.008993
0.008993
0.008993
0.008994
0.008994
0.008994
0.008996
0.008996
0.008996
0.008996
0.008996
0.008996
0.008997
0.008997
0.008997
0.008997
0.008997
0.009
0.009
0.009
0.009
0.009
0.009
0.009
0.009
0.009003
0.009003
0.009003
0.009003
0.009003
0.009003
0.009003
0.009004
0.009004
0.009004
0.009005
0.009006
0.009006
0.009007
0.009007
0.009007
0.009007
0.009007
0.009007
0.009007
0.009009
0.009009
0.009009
0.009009
0.00901
0.00901
0.00901
0.00901
0.009012
0.009012
0.009013
0.009014
0.009014
0.009015
0.009016
0.009016
0.009017
0.009017
0.009017
0.009017
0.009017
0.009018
0.009018
0.009018
0.009019
0.009019
0.00902
0.00902
0.00902
0.00902
0.009021
0.009021
0.009021
0.009023
0.009023
0.009023
0.009023
0.009023
0.009023
0.009023
0.009023
0.009024
0.009024
0.009024
0.009024
0.009025
0.009026
0.009026
0.009026
0.009026
0.009026
0.009027
0.009027
0.009027
0.009028
0.009028
0.00903
0.00903
0.00903
0.00903
0.00903
0.00903
0.00903
0.009031
0.009031
0.009033
0.009033
0.009033
0.009033
0.009033
0.009033
0.009033
0.009034
0.009034
0.009035
0.009036
0.009037
0.009037
0.009037
0.009037
0.009037
0.009037
0.009037
0.009037
0.009037
0.009037
0.009037
0.009037
0.009038
0.00904
0.00904
0.00904
0.00904
0.00904
0.00904
0.009043
0.009043
0.009043
0.009043
0.009043
0.009043
0.009043
0.009044
0.009044
0.009046
0.009047
0.009047
0.009047
0.009047
0.009047
0.009048
0.009049
0.009049
0.00905
0.00905
0.00905
0.00905
0.00905
0.00905
0.009052
0.009052
0.009052
0.009053
0.009053
0.009053
0.009053
0.009053
0.009053
0.009054
0.009054
0.009054
0.009055
0.009056
0.009056
0.009058
0.009058
0.00906
0.00906
0.00906
0.00906
0.00906
0.00906
0.00906
0.00906
0.00906
0.00906
0.009062
0.009063
0.009063
0.009063
0.009063
0.009063
0.009064
0.009064
0.009065
0.009065
0.009066
0.009066
0.009066
0.009066
0.009066
0.009067
0.009067
0.009068
0.00907
0.00907
0.00907
0.00907
0.00907
0.00907
0.00907
0.009071
0.009073
0.009073
0.009073
0.009073
0.009073
0.009073
0.009074
0.009074
0.009074
0.009074
0.009074
0.009074
0.009075
0.009076
0.009077
0.009077
0.009077
0.009077
0.009077
0.009077
0.009077
0.009077
0.009077
0.009077
0.009078
0.00908
0.00908
0.00908
0.00908
0.00908
0.00908
0.00908
0.00908
0.009083
0.009083
0.009083
0.009083
0.009083
0.009084
0.009084
0.009086
0.009086
0.009086
0.009087
0.009087
0.009087
0.009087
0.009087
0.00909
0.00909
0.00909
0.00909
0.00909
0.00909
0.009091
0.009093
0.009093
0.009095
0.009096
0.009097
0.009099
0.009099
0.0091
0.0091
0.0091
0.009101
0.009101
0.009101
0.009101
0.009101
0.009101
0.009103
0.009103
0.009103
0.009103
0.009103
0.009104
0.009104
0.009104
0.009104
0.009105
0.009105
0.009105
0.009106
0.009106
0.009107
0.009107
0.009108
0.009108
0.009108
0.009109
0.00911
0.00911
0.00911
0.00911
0.00911
0.00911
0.00911
0.00911
0.009111
0.009111
0.009113
0.009113
0.009113
0.009114
0.009114
0.009114
0.009114
0.009115
0.009116
0.009116
0.009117
0.009117
0.009117
0.009117
0.009117
0.009117
0.009117
0.00912
0.00912
0.00912
0.00912
0.00912
0.00912
0.00912
0.00912
0.00912
0.00912
0.00912
0.00912
0.00912
0.00912
0.00912
0.009123
0.009123
0.009123
0.009123
0.009123
0.009123
0.009123
0.009124
0.009126
0.009126
0.009126
0.009127
0.009127
0.009127
0.009127
0.009129
0.009129
0.009129
0.00913
0.00913
0.00913
0.00913
0.00913
0.00913
0.00913
0.009132
0.009133
0.009133
0.009133
0.009133
0.009133
0.009134
0.009135
0.009136
0.009136
0.009136
0.009136
0.009136
0.009136
0.009137
0.009137
0.009137
0.009137
0.009137
0.00914
0.00914
0.00914
0.009141
0.009143
0.009143
0.009143
0.009143
0.009143
0.009143
0.009143
0.009144
0.009144
0.009145
0.009146
0.009146
0.009147
0.009147
0.009147
0.009147
0.009148
0.00915
0.00915
0.00915
0.00915
0.00915
0.00915
0.00915
0.009151
0.009153
0.009154
0.009156
0.009156
0.009157
0.009157
0.009157
0.009157
0.009157
0.00916
0.00916
0.00916
0.00916
0.00916
0.00916
0.009163
0.009163
0.009163
0.009163
0.009163
0.009163
0.009163
0.009164
0.009164
0.009165
0.009166
0.009167
0.009167
0.009167
0.009169
0.00917
0.00917
0.00917
0.00917
0.00917
0.00917
0.00917
0.00917
0.009171
0.009172
0.009172
0.009172
0.009172
0.009172
0.009173
0.009173
0.009173
0.009173
0.009174
0.009174
0.009175
0.009175
0.009175
0.009176
0.009177
0.009177
0.009177
0.009178
0.00918
0.00918
0.00918
0.00918
0.00918
0.00918
0.00918
0.00918
0.009183
0.009183
0.009184
0.009184
0.009184
0.009184
0.009186
0.009186
0.009186
0.009186
0.009187
0.009187
0.009188
0.009188
0.00919
0.00919
0.00919
0.00919
0.00919
0.00919
0.009191
0.009193
0.009194
0.009194
0.009194
0.009194
0.009194
0.009195
0.009196
0.009197
0.009198
0.0092
0.0092
0.0092
0.0092
0.0092
0.0092
0.0092
0.009202
0.009203
0.009203
0.009203
0.009203
0.009203
0.009203
0.009204
0.009204
0.009206
0.009206
0.009206
0.009206
0.009207
0.009207
0.009209
0.00921
0.00921
0.00921
0.009211
0.009212
0.009212
0.009212
0.009213
0.009213
0.009213
0.009213
0.009213
0.009214
0.009214
0.009214
0.009215
0.009216
0.009216
0.009216
0.009216
0.009217
0.009217
0.009217
0.009217
0.009217
0.00922
0.00922
0.00922
0.009222
0.009223
0.009223
0.009223
0.009223
0.009224
0.009224
0.009224
0.009224
0.009224
0.009224
0.009224
0.009225
0.009226
0.009226
0.009226
0.009227
0.009227
0.009227
0.009227
0.009227
0.009228
0.009228
0.00923
0.00923
0.00923
0.00923
0.00923
0.00923
0.00923
0.00923
0.009231
0.009232
0.009233
0.009233
0.009233
0.009233
0.009233
0.009234
0.009234
0.009234
0.009234
0.009236
0.009236
0.009236
0.009236
0.009237
0.009237
0.009237
0.009237
0.009237
0.009238
0.00924
0.00924
0.00924
0.00924
0.009243
0.009243
0.009243
0.009243
0.009243
0.009243
0.009244
0.009244
0.009244
0.009244
0.009245
0.009245
0.009246
0.009246
0.009247
0.009247
0.009247
0.00925
0.00925
0.00925
0.009252
0.009253
0.009253
0.009253
0.009253
0.009253
0.009253
0.009254
0.009255
0.009256
0.009256
0.009257
0.009257
0.009257
0.009257
0.00926
0.00926
0.00926
0.00926
0.00926
0.00926
0.009261
0.009262
0.009263
0.009263
0.009263
0.009263
0.009265
0.009266
0.009266
0.009266
0.009267
0.009267
0.009267
0.009268
0.00927
0.00927
0.00927
0.00927
0.00927
0.009271
0.009272
0.009273
0.009274
0.009276
0.009276
0.009276
0.009276
0.009277
0.009277
0.00928
0.00928
0.00928
0.00928
0.00928
0.00928
0.00928
0.00928
0.00928
0.00928
0.00928
0.009282
0.009282
0.009283
0.009283
0.009283
0.009284
0.009284
0.009285
0.009285
0.009287
0.009287
0.009289
0.00929
0.00929
0.00929
0.00929
0.00929
0.00929
0.00929
0.00929
0.00929
0.00929
0.00929
0.00929
0.009292
0.009292
0.009293
0.009293
0.009293
0.009294
0.009295
0.009296
0.009297
0.009297
0.009297
0.009297
0.009297
0.009298
0.009298
0.0093
0.009302
0.009303
0.009303
0.009303
0.009303
0.009304
0.009304
0.009304
0.009305
0.009305
0.009306
0.009306
0.009307
0.009307
0.009307
0.009307
0.009307
0.009308
0.00931
0.00931
0.00931
0.00931
0.009313
0.009313
0.009313
0.009314
0.009314
0.009314
0.009314
0.009317
0.009317
0.009318
0.00932
0.00932
0.00932
0.00932
0.00932
0.009323
0.009323
0.009323
0.009323
0.009323
0.009325
0.009326
0.009327
0.009327
0.00933
0.00933
0.00933
0.00933
0.00933
0.00933
0.00933
0.009333
0.009333
0.009333
0.009334
0.009334
0.009337
0.009337
0.009337
0.009337
0.009337
0.009339
0.009339
0.00934
0.009343
0.009343
0.009343
0.009343
0.009343
0.009345
0.009347
0.009347
0.009347
0.009348
0.009348
0.00935
0.00935
0.00935
0.009353
0.009353
0.009353
0.009353
0.009353
0.009356
0.009356
0.009356
0.009357
0.009357
0.00936
0.00936
0.00936
0.00936
0.009362
0.009362
0.009363
0.009363
0.009363
0.009363
0.009363
0.009363
0.009363
0.009364
0.009364
0.009364
0.009366
0.009366
0.009367
0.009367
0.009367
0.009367
0.009369
0.00937
0.00937
0.00937
0.00937
0.00937
0.00937
0.009371
0.009373
0.009373
0.009373
0.009375
0.009375
0.009376
0.009377
0.009377
0.009377
0.009377
0.009377
0.009378
0.009379
0.00938
0.00938
0.00938
0.00938
0.00938
0.00938
0.009383
0.009383
0.009383
0.009383
0.009383
0.009384
0.009384
0.009385
0.009386
0.009387
0.009387
0.009388
0.009389
0.00939
0.00939
0.009391
0.009393
0.009393
0.009393
0.009393
0.009393
0.009394
0.009395
0.009395
0.009396
0.009396
0.009397
0.009397
0.009397
0.0094
0.0094
0.0094
0.0094
0.009403
0.009403
0.009403
0.009403
0.009404
0.009404
0.009405
0.009406
0.009407
0.009407
0.009407
0.009407
0.009407
0.009409
0.009409
0.00941
0.009413
0.009413
0.009417
0.009417
0.009417
0.009417
0.009417
0.00942
0.00942
0.00942
0.00942
0.00942
0.00942
0.00942
0.00942
0.009421
0.009422
0.009422
0.009423
0.009423
0.009423
0.009424
0.009426
0.009426
0.009426
0.009427
0.009427
0.009427
0.009429
0.009429
0.00943
0.00943
0.009433
0.009433
0.009434
0.009434
0.009437
0.009437
0.009437
0.009438
0.00944
0.00944
0.00944
0.009443
0.009443
0.009444
0.009446
0.009446
0.009447
0.009447
0.009449
0.00945
0.00945
0.00945
0.00945
0.00945
0.009452
0.009453
0.009453
0.009453
0.009454
0.009454
0.009456
0.009457
0.009457
0.00946
0.00946
0.00946
0.00946
0.00946
0.009461
0.009461
0.009463
0.009463
0.009463
0.009463
0.009464
0.009464
0.009466
0.009466
0.009467
0.009467
0.00947
0.00947
0.009471
0.009472
0.009473
0.009473
0.009473
0.009474
0.009474
0.009475
0.009476
0.009476
0.009476
0.00948
0.00948
0.00948
0.009483
0.009483
0.009483
0.009483
0.009484
0.009484
0.009485
0.009486
0.009486
0.009487
0.00949
0.00949
0.00949
0.00949
0.00949
0.009492
0.009493
0.009493
0.009493
0.009493
0.009494
0.009494
0.009495
0.009496
0.009496
0.009496
0.009496
0.009496
0.009497
0.009498
0.009499
0.009499
0.0095
0.0095
0.0095
0.009503
0.009503
0.009503
0.009503
0.009503
0.009503
0.009506
0.009507
0.009507
0.009507
0.00951
0.00951
0.009512
0.009513
0.009513
0.009513
0.009517
0.009518
0.00952
0.00952
0.00952
0.00952
0.00952
0.00952
0.00952
0.009523
0.009524
0.009524
0.009527
0.00953
0.00953
0.009532
0.009533
0.009535
0.009535
0.009537
0.009537
0.00954
0.00954
0.009543
0.009543
0.009543
0.009544
0.009547
0.009547
0.009547
0.00955
0.00955
0.00955
0.00955
0.00955
0.00955
0.009552
0.009553
0.009557
0.009557
0.009557
0.00956
0.00956
0.00956
0.00956
0.009563
0.009563
0.009563
0.009564
0.009564
0.009564
0.009566
0.009566
0.009566
0.009566
0.009566
0.009567
0.009567
0.009568
0.00957
0.00957
0.00957
0.00957
0.009571
0.009576
0.009577
0.00958
0.00958
0.00958
0.009582
0.009583
0.009583
0.009583
0.009584
0.009584
0.009585
0.009587
0.00959
0.00959
0.00959
0.00959
0.009592
0.009593
0.009593
0.009593
0.009594
0.009594
0.009596
0.009596
0.009597
0.009597
0.0096
0.009603
0.009603
0.009604
0.009606
0.009607
0.009607
0.009607
0.009608
0.009609
0.00961
0.00961
0.00961
0.009611
0.009613
0.009614
0.009615
0.009616
0.009616
0.009616
0.009617
0.009617
0.009617
0.009617
0.00962
0.00962
0.009621
0.009623
0.009624
0.009627
0.00963
0.00963
0.009631
0.009631
0.009633
0.009633
0.009633
0.009634
0.009634
0.009634
0.009637
0.009637
0.00964
0.00964
0.00964
0.00964
0.009643
0.009643
0.009643
0.009643
0.009644
0.009646
0.009646
0.009646
0.009646
0.009647
0.009647
0.009647
0.009647
0.009649
0.00965
0.009651
0.009652
0.009653
0.009653
0.009655
0.009656
0.009657
0.009657
0.009657
0.009658
0.00966
0.00966
0.009662
0.009662
0.009662
0.009663
0.009664
0.009664
0.009666
0.009667
0.009667
0.009668
0.009668
0.00967
0.00967
0.00967
0.00967
0.009673
0.009673
0.009673
0.009674
0.009676
0.009677
0.009677
0.009677
0.00968
0.009683
0.009684
0.009684
0.009686
0.009686
0.009687
0.009687
0.009689
0.00969
0.00969
0.00969
0.009694
0.009696
0.009696
0.009697
0.0097
0.0097
0.0097
0.009703
0.009703
0.009704
0.009704
0.009704
0.009707
0.00971
0.009713
0.009713
0.009714
0.009714
0.009717
0.009718
0.00972
0.00972
0.009722
0.009723
0.009723
0.009723
0.009723
0.009723
0.009724
0.009724
0.009725
0.009726
0.009727
0.009727
0.009728
0.00973
0.00973
0.009732
0.009733
0.009733
0.009737
0.009737
0.009737
0.00974
0.00974
0.00974
0.009742
0.009742
0.009743
0.009744
0.009744
0.009745
0.009745
0.009747
0.009747
0.009747
0.009748
0.009751
0.009752
0.009752
0.009752
0.009753
0.009756
0.009756
0.009757
0.009757
0.009757
0.00976
0.00976
0.009764
0.009765
0.009767
0.009767
0.009767
0.00977
0.00977
0.009772
0.009776
0.009776
0.009777
0.009778
0.009779
0.00978
0.00978
0.00978
0.00978
0.00978
0.009781
0.009783
0.009785
0.009786
0.009786
0.009786
0.009787
0.009787
0.009787
0.00979
0.009792
0.009795
0.009795
0.009796
0.009796
0.009796
0.009796
0.009798
0.009798
0.0098
0.0098
0.0098
0.009803
0.009803
0.009804
0.009804
0.009806
0.009806
0.009807
0.009807
0.009807
0.009809
0.00981
0.009816
0.009816
0.009817
0.00982
0.009824
0.009828
0.009832
0.009834
0.009837
0.009837
0.00984
0.00984
0.00984
0.00984
0.009842
0.009842
0.009843
0.009843
0.009843
0.009843
0.009843
0.009845
0.009846
0.009847
0.009847
0.00985
0.00985
0.00985
0.00985
0.009852
0.009852
0.009852
0.009853
0.009853
0.009853
0.009853
0.009854
0.009856
0.009857
0.009857
0.009859
0.00986
0.00986
0.00986
0.009861
0.009863
0.009863
0.009864
0.009864
0.009867
0.009867
0.009869
0.00987
0.00987
0.009873
0.009874
0.009877
0.009877
0.00988
0.00988
0.00988
0.00988
0.009883
0.009884
0.009884
0.009884
0.009886
0.009886
0.00989
0.009893
0.009893
0.009894
0.009894
0.009895
0.009896
0.009897
0.009898
0.0099
0.009903
0.009903
0.009905
0.00991
0.009911
0.009911
0.009911
0.009914
0.009917
0.009917
0.00992
0.00992
0.00992
0.00992
0.009923
0.009923
0.009925
0.009926
0.009926
0.009927
0.009931
0.009932
0.009934
0.009934
0.009935
0.009938
0.009938
0.00994
0.009942
0.009943
0.009945
0.009947
0.00995
0.009951
0.009951
0.009952
0.009953
0.009954
0.009956
0.009956
0.009957
0.00996
0.00996
0.00996
0.00996
0.009964
0.009966
0.009967
0.009967
0.009968
0.00997
0.00997
0.009971
0.009972
0.009972
0.009973
0.009974
0.009974
0.009974
0.009976
0.009976
0.009977
0.009977
0.00998
0.009985
0.009987
0.009987
0.009987
0.009988
0.009988
0.009989
0.009993
0.009993
0.009993
0.009993
0.009994
0.009994
0.009995
0.009997
0.009998
0.009998
0.01
0.010002
0.010002
0.010002
0.010003
0.010003
0.010003
0.010005
0.010006
0.010006
0.010006
0.010007
0.010007
0.010008
0.01001
0.010012
0.010012
0.010015
0.010017
0.010018
0.01002
0.010021
0.010022
0.010027
0.010028
0.01003
0.01003
0.010031
0.010033
0.010033
0.010037
0.010037
0.010037
0.01004
0.010044
0.010045
0.010046
0.010047
0.010048
0.010049
0.01005
0.010053
0.010053
0.010056
0.010056
0.010057
0.010057
0.010059
0.010061
0.010063
0.010063
0.010063
0.010064
0.010066
0.010067
0.010068
0.01007
0.01007
0.010071
0.010071
0.010076
0.010077
0.010077
0.010077
0.01008
0.010083
0.010084
0.010086
0.010086
0.010092
0.010092
0.010095
0.010096
0.010098
0.0101
0.0101
0.010102
0.010106
0.010107
0.010112
0.010117
0.010117
0.010118
0.01012
0.01012
0.01012
0.010123
0.010123
0.010125
0.010133
0.010134
0.010137
0.010137
0.010137
0.01014
0.010142
0.010143
0.010149
0.01015
0.01015
0.010153
0.010153
0.010156
0.010157
0.010157
0.01016
0.01016
0.010162
0.010162
0.010162
0.010163
0.010166
0.010167
0.010167
0.010173
0.010173
0.010175
0.010177
0.010177
0.01018
0.01018
0.01018
0.01018
0.010184
0.010186
0.010188
0.01019
0.010191
0.010195
0.010196
0.010196
0.010197
0.010197
0.0102
0.0102
0.0102
0.010203
0.010203
0.010203
0.010204
0.010206
0.010209
0.01021
0.01021
0.010213
0.010214
0.010217
0.010217
0.010217
0.01022
0.01022
0.01022
0.01022
0.010221
0.010222
0.010227
0.01023
0.010233
0.010237
0.010237
0.010242
0.010243
0.010247
0.010247
0.010247
0.010249
0.01025
0.01025
0.01025
0.010251
0.010252
0.010253
0.010253
0.010256
0.010259
0.010262
0.010263
0.010265
0.010267
0.010268
0.010271
0.010274
0.010274
0.010274
0.010274
0.010277
0.01028
0.01028
0.01028
0.010283
0.010287
0.010287
0.010287
0.010289
0.01029
0.01029
0.01029
0.010293
0.010293
0.010293
0.010296
0.010296
0.010297
0.010297
0.010298
0.0103
0.010301
0.010301
0.010302
0.010303
0.010303
0.010304
0.010304
0.010304
0.01031
0.01031
0.010311
0.010314
0.010317
0.01032
0.01032
0.010326
0.010326
0.010326
0.010327
0.01033
0.010333
0.010333
0.010337
0.010337
0.010337
0.010337
0.010342
0.010345
0.010347
0.01035
0.01035
0.010354
0.010356
0.010357
0.010357
0.010357
0.010357
0.01036
0.01036
0.010362
0.010363
0.010363
0.010363
0.010364
0.010366
0.010367
0.010367
0.010367
0.010369
0.01037
0.010372
0.010372
0.010373
0.010374
0.010382
0.010384
0.010384
0.010386
0.010386
0.010387
0.010389
0.01039
0.01039
0.010391
0.010391
0.010395
0.010397
0.0104
0.0104
0.010406
0.010407
0.010407
0.010407
0.010409
0.010409
0.010411
0.010412
0.01042
0.01042
0.010421
0.010422
0.010424
0.010424
0.010425
0.010429
0.010431
0.010433
0.010436
0.01044
0.01044
0.010442
0.010442
0.010443
0.010444
0.010444
0.010445
0.010449
0.010452
0.010453
0.010456
0.010458
0.01046
0.01046
0.010464
0.010464
0.010473
0.010474
0.010474
0.010477
0.01048
0.01048
0.010482
0.010484
0.010489
0.010489
0.01049
0.010494
0.010497
0.010498
0.0105
0.0105
0.010504
0.010507
0.010508
0.010508
0.010513
0.010513
0.010515
0.010517
0.010517
0.010518
0.01052
0.01052
0.01052
0.010525
0.010527
0.010527
0.01053
0.01053
0.01053
0.010531
0.010532
0.010533
0.010533
0.010533
0.010536
0.010538
0.010538
0.010542
0.010546
0.010553
0.010554
0.010557
0.010557
0.010557
0.01056
0.01056
0.010562
0.010565
0.010568
0.010569
0.010569
0.01057
0.010572
0.010575
0.010576
0.010578
0.010579
0.010583
0.010584
0.010586
0.010587
0.010587
0.010587
0.01059
0.010592
0.010593
0.010593
0.010594
0.010596
0.010597
0.010597
0.010597
0.0106
0.010604
0.010606
0.010612
0.010612
0.010613
0.010614
0.01062
0.010624
0.010626
0.010629
0.010629
0.01063
0.010631
0.010631
0.010637
0.01064
0.01064
0.01064
0.010643
0.010646
0.010646
0.01065
0.010652
0.010654
0.010665
0.010666
0.010667
0.010667
0.010667
0.010669
0.01067
0.01067
0.010671
0.010672
0.010674
0.010675
0.010677
0.010677
0.010677
0.010677
0.01068
0.01068
0.01068
0.01068
0.010683
0.010683
0.010684
0.010687
0.010691
0.010691
0.010692
0.010693
0.010694
0.010695
0.010697
0.010698
0.010698
0.010699
0.010703
0.010703
0.010704
0.01071
0.010713
0.010713
0.010714
0.010715
0.010718
0.010723
0.010724
0.010725
0.010725
0.010726
0.010727
0.010727
0.010729
0.01073
0.010735
0.010737
0.010739
0.01074
0.010743
0.010743
0.010747
0.010747
0.01075
0.010751
0.010752
0.010753
0.010756
0.01076
0.01076
0.01076
0.010761
0.010766
0.010766
0.010767
0.010767
0.010772
0.010772
0.010773
0.010775
0.010775
0.010778
0.01078
0.010782
0.010782
0.010786
0.010786
0.010787
0.010788
0.010788
0.010789
0.010789
0.01079
0.01079
0.01079
0.010791
0.010794
0.010796
0.010796
0.010798
0.010803
0.010803
0.010803
0.010804
0.010806
0.010807
0.010808
0.010808
0.010809
0.010809
0.01081
0.01082
0.01082
0.010822
0.010826
0.010827
0.010827
0.010834
0.010834
0.010835
0.010835
0.01084
0.01084
0.010843
0.010843
0.010843
0.010846
0.010846
0.010847
0.01085
0.01085
0.010853
0.010854
0.010855
0.010856
0.010859
0.01086
0.01086
0.01086
0.010861
0.010864
0.010865
0.010867
0.010868
0.010868
0.01087
0.010871
0.010876
0.010878
0.010878
0.01088
0.01088
0.01088
0.01088
0.010883
0.010883
0.010887
0.010892
0.010892
0.010895
0.010896
0.010898
0.010898
0.0109
0.010902
0.010903
0.010904
0.010907
0.010909
0.010909
0.01091
0.010911
0.010914
0.010914
0.010917
0.010918
0.01092
0.01092
0.01092
0.01092
0.010923
0.010928
0.010929
0.01093
0.01093
0.01093
0.010932
0.010932
0.010933
0.010936
0.010937
0.01094
0.01094
0.010944
0.010946
0.010947
0.010947
0.01095
0.010951
0.010953
0.010953
0.010956
0.01096
0.01096
0.010963
0.010964
0.01097
0.010972
0.010975
0.010977
0.010982
0.010984
0.010987
0.010991
0.010993
0.010994
0.010994
0.010996
0.010997
0.011
0.011003
0.011006
0.011007
0.01101
0.01101
0.011012
0.011013
0.011016
0.011022
0.011023
0.011024
0.011025
0.011027
0.011027
0.01103
0.011031
0.011032
0.011035
0.011037
0.011037
0.011037
0.011037
0.011037
0.011037
0.011042
0.011044
0.01105
0.011052
0.011053
0.011054
0.011054
0.011056
0.011058
0.01106
0.01106
0.011062
0.011062
0.011063
0.011071
0.011072
0.011073
0.011073
0.011073
0.011074
0.011074
0.011074
0.011074
0.011074
0.011077
0.01108
0.01108
0.011083
0.011083
0.011084
0.011086
0.011086
0.011087
0.011087
0.011089
0.011092
0.011096
0.011096
0.011096
0.011097
0.011101
0.011103
0.01111
0.011112
0.011112
0.011115
0.011116
0.011116
0.011117
0.011117
0.011117
0.011117
0.01112
0.01112
0.01112
0.011122
0.011126
0.011127
0.011128
0.011129
0.011129
0.01113
0.011133
0.011133
0.011134
0.011135
0.011137
0.011138
0.01114
0.01114
0.011147
0.011148
0.011148
0.01115
0.01115
0.011157
0.011157
0.01116
0.011163
0.011163
0.011164
0.011165
0.011166
0.011169
0.01117
0.01117
0.011173
0.011175
0.01118
0.01118
0.01118
0.011181
0.011183
0.011187
0.011188
0.011193
0.011193
0.011193
0.011196
0.011197
0.0112
0.0112
0.011202
0.011203
0.011204
0.011206
0.011206
0.011207
0.011207
0.011208
0.011209
0.01121
0.01121
0.01121
0.011213
0.011213
0.011218
0.011219
0.01122
0.011221
0.011223
0.011226
0.011228
0.01123
0.011231
0.011231
0.011234
0.011238
0.01124
0.01124
0.011246
0.01125
0.01125
0.01125
0.011255
0.01126
0.01126
0.01126
0.01126
0.011263
0.011267
0.011267
0.01127
0.01127
0.01127
0.011271
0.011273
0.011274
0.011275
0.011285
0.011292
0.011293
0.011296
0.011298
0.011299
0.0113
0.011304
0.011305
0.011307
0.01131
0.01131
0.011311
0.011311
0.011313
0.011314
0.011316
0.011318
0.01132
0.01132
0.01132
0.011333
0.01134
0.011344
0.011345
0.011345
0.011347
0.01135
0.011352
0.011357
0.01136
0.01136
0.01136
0.011362
0.011362
0.011363
0.011363
0.011366
0.011369
0.011369
0.01137
0.011372
0.011372
0.011373
0.011374
0.011374
0.011377
0.011379
0.01138
0.01138
0.011383
0.011383
0.011384
0.011384
0.011394
0.011394
0.011394
0.011396
0.011396
0.011397
0.011398
0.0114
0.0114
0.0114
0.011402
0.011403
0.011407
0.011411
0.011412
0.011413
0.011414
0.011414
0.011416
0.011416
0.011416
0.011419
0.01142
0.011425
0.011429
0.01143
0.01143
0.01143
0.011434
0.01144
0.011443
0.011443
0.011447
0.01145
0.011452
0.011453
0.011454
0.01146
0.01146
0.011471
0.011474
0.011475
0.011477
0.011477
0.011486
0.011487
0.011489
0.011489
0.01149
0.01149
0.011493
0.011495
0.011499
0.0115
0.011501
0.011503
0.011504
0.011507
0.01151
0.01151
0.011511
0.011513
0.011516
0.011517
0.011518
0.01152
0.01152
0.011523
0.011523
0.011523
0.011526
0.011526
0.011526
0.011526
0.011527
0.011529
0.01153
0.01153
0.011533
0.011537
0.011538
0.011542
0.011543
0.011544
0.011545
0.011548
0.011548
0.011551
0.011552
0.011557
0.01156
0.01156
0.01156
0.011563
0.011567
0.011567
0.01157
0.01157
0.011571
0.011579
0.011583
0.011584
0.011588
0.011588
0.011588
0.01159
0.01159
0.011591
0.011596
0.011597
0.0116
0.011603
0.011604
0.011604
0.011607
0.011609
0.01161
0.011617
0.01162
0.01162
0.01162
0.011623
0.011626
0.011626
0.011627
0.01163
0.01163
0.01163
0.01163
0.011631
0.011634
0.011634
0.011634
0.011637
0.01164
0.011643
0.011646
0.01165
0.01165
0.011657
0.01166
0.011665
0.011666
0.01167
0.011674
0.01168
0.01168
0.01168
0.01168
0.01168
0.011682
0.011685
0.011686
0.011687
0.011689
0.01169
0.011692
0.011692
0.011693
0.011694
0.011696
0.0117
0.011704
0.011706
0.01171
0.01171
0.011711
0.011713
0.011713
0.011717
0.01172
0.01172
0.011723
0.011723
0.011723
0.011724
0.011724
0.011726
0.011727
0.011727
0.011729
0.011729
0.01173
0.011733
0.011733
0.011737
0.01174
0.011742
0.011745
0.011746
0.011749
0.01175
0.011751
0.011751
0.011751
0.01176
0.01176
0.01176
0.011763
0.011772
0.011773
0.011776
0.011776
0.011779
0.011779
0.011781
0.011782
0.011788
0.011789
0.01179
0.011791
0.011793
0.011794
0.011797
0.011797
0.011797
0.011798
0.011804
0.011806
0.011807
0.011807
0.011813
0.011813
0.011814
0.011815
0.011815
0.011821
0.011822
0.011824
0.011826
0.011827
0.01183
0.011831
0.011832
0.011833
0.011834
0.011834
0.011836
0.011837
0.011837
0.011837
0.01184
0.011843
0.011843
0.011846
0.011846
0.011846
0.011849
0.011852
0.011854
0.011857
0.011857
0.011857
0.011857
0.011861
0.011866
0.011867
0.01187
0.011875
0.011876
0.011877
0.011882
0.011883
0.011886
0.011892
0.011892
0.011893
0.011894
0.011896
0.011898
0.0119
0.011906
0.011908
0.01191
0.01191
0.01191
0.01191
0.011911
0.011914
0.011918
0.01192
0.01192
0.01192
0.01192
0.011923
0.011929
0.011932
0.011933
0.011934
0.011935
0.01194
0.011941
0.011943
0.011943
0.011945
0.011953
0.011954
0.011955
0.011955
0.011957
0.011957
0.01196
0.01196
0.011964
0.011966
0.01197
0.011973
0.011974
0.011976
0.011977
0.011977
0.011978
0.011981
0.011983
0.011985
0.011986
0.011987
0.01199
0.01199
0.011991
0.011991
0.011994
0.011997
0.011998
0.012
0.012
0.012
0.012
0.012003
0.012003
0.012003
0.012004
0.012005
0.012008
0.012012
0.012013
0.012015
0.01202
0.012023
0.012023
0.012024
0.012024
0.012026
0.012034
0.012034
0.012037
0.01204
0.01204
0.012046
0.012046
0.012049
0.012055
0.012061
0.012065
0.012067
0.012067
0.012068
0.012069
0.012069
0.01207
0.012071
0.012073
0.01208
0.01208
0.01208
0.012088
0.012098
0.0121
0.012101
0.012106
0.012107
0.012113
0.012114
0.012117
0.01213
0.012132
0.012133
0.012133
0.012138
0.012142
0.012147
0.012147
0.012147
0.012153
0.012158
0.01216
0.01216
0.012164
0.012167
0.012172
0.012173
0.012178
0.012178
0.01218
0.012181
0.012184
0.012189
0.012191
0.012193
0.012193
0.012193
0.012194
0.0122
0.0122
0.0122
0.012203
0.012206
0.012208
0.01221
0.012212
0.012213
0.012215
0.012218
0.012218
0.01222
0.01222
0.01222
0.012222
0.012222
0.012222
0.012223
0.012223
0.012227
0.012228
0.01223
0.01223
0.012236
0.012237
0.012243
0.012243
0.012246
0.012247
0.012247
0.01225
0.01225
0.01225
0.012255
0.012264
0.012271
0.012274
0.012277
0.012283
0.012287
0.012295
0.012296
0.0123
0.012302
0.012311
0.012314
0.012317
0.01232
0.012323
0.012327
0.012327
0.012328
0.012332
0.012332
0.012334
0.012336
0.01234
0.01234
0.01234
0.012343
0.012344
0.012346
0.012346
0.012347
0.01235
0.012353
0.012353
0.012354
0.012354
0.012357
0.012357
0.012363
0.012369
0.012377
0.012377
0.012377
0.012382
0.012387
0.012389
0.012391
0.012394
0.012396
0.012397
0.0124
0.0124
0.0124
0.0124
0.012403
0.012406
0.012407
0.012416
0.012418
0.012418
0.012424
0.012431
0.012433
0.012434
0.012437
0.012443
0.012449
0.01245
0.012453
0.012455
0.012462
0.012463
0.012467
0.012467
0.012468
0.012468
0.012471
0.012471
0.012474
0.012474
0.012476
0.01248
0.01248
0.012483
0.012483
0.012486
0.012489
0.01249
0.012492
0.012493
0.012495
0.0125
0.012504
0.012504
0.012505
0.012506
0.012507
0.01251
0.012511
0.012511
0.012511
0.012511
0.012514
0.012517
0.01252
0.012523
0.012526
0.012527
0.012529
0.012533
0.012535
0.012536
0.012537
0.01254
0.01254
0.01254
0.012544
0.012544
0.012555
0.012557
0.01256
0.012563
0.012563
0.012563
0.012566
0.012568
0.01257
0.012572
0.012575
0.012576
0.012577
0.01258
0.012583
0.01259
0.01259
0.012596
0.012596
0.012597
0.012597
0.0126
0.0126
0.0126
0.0126
0.012604
0.012606
0.012606
0.012606
0.012607
0.012609
0.012609
0.012613
0.012614
0.012619
0.01262
0.012623
0.012624
0.012625
0.012627
0.012627
0.012628
0.012633
0.012634
0.012637
0.012637
0.01264
0.01264
0.01264
0.012643
0.012646
0.012646
0.012649
0.012651
0.012655
0.012655
0.012658
0.012666
0.012667
0.012671
0.012672
0.012673
0.012676
0.012676
0.01268
0.01269
0.01269
0.012692
0.012694
0.012695
0.012698
0.012699
0.012703
0.012703
0.012708
0.01271
0.012717
0.012717
0.012724
0.012726
0.01273
0.01273
0.012735
0.012738
0.012739
0.012739
0.01274
0.012742
0.012742
0.012743
0.012745
0.012748
0.01275
0.01275
0.012756
0.012757
0.012757
0.012757
0.01276
0.012764
0.012764
0.012769
0.012769
0.012769
0.012773
0.012774
0.012775
0.012776
0.012777
0.012777
0.012778
0.012779
0.01278
0.012781
0.012781
0.012782
0.012791
0.012791
0.012794
0.012797
0.0128
0.012806
0.012813
0.012814
0.012814
0.012815
0.012816
0.012818
0.012819
0.01282
0.012826
0.012827
0.012828
0.012834
0.012846
0.012853
0.012853
0.012856
0.012863
0.012864
0.012867
0.012867
0.01287
0.01287
0.01287
0.012871
0.012872
0.012873
0.012877
0.012883
0.012892
0.012901
0.012904
0.012905
0.012908
0.01291
0.012911
0.012914
0.012914
0.012923
0.012926
0.012926
0.012929
0.012929
0.01293
0.01293
0.01293
0.012932
0.012933
0.012933
0.01294
0.012941
0.012947
0.012954
0.012956
0.012957
0.01296
0.012963
0.012966
0.012969
0.01297
0.012973
0.012977
0.01298
0.012983
0.01299
0.012994
0.013
0.013
0.013
0.013003
0.013003
0.01301
0.01301
0.013013
0.013017
0.013017
0.01302
0.013023
0.013028
0.01303
0.01303
0.013034
0.013043
0.013046
0.013047
0.013049
0.01305
0.01305
0.013053
0.013055
0.013056
0.013056
0.013057
0.01306
0.013065
0.01307
0.013073
0.013074
0.013075
0.01308
0.013083
0.013093
0.013095
0.013096
0.013097
0.0131
0.013106
0.01311
0.01311
0.013113
0.013114
0.013116
0.013117
0.013117
0.013124
0.01313
0.013142
0.013145
0.013148
0.01315
0.013153
0.013154
0.013154
0.013163
0.01317
0.013173
0.013177
0.013177
0.01318
0.013187
0.01319
0.01319
0.01319
0.013193
0.013207
0.013216
0.01322
0.01322
0.013222
0.013223
0.013223
0.013224
0.013225
0.013228
0.013233
0.013234
0.013236
0.013237
0.01324
0.013244
0.013246
0.01325
0.013252
0.013256
0.013257
0.013257
0.013264
0.013264
0.01327
0.01327
0.013271
0.013271
0.013277
0.01328
0.013283
0.013287
0.013287
0.013294
0.013299
0.013302
0.013306
0.013307
0.013308
0.01331
0.013313
0.013313
0.013314
0.013314
0.013317
0.01332
0.013324
0.013326
0.013333
0.013335
0.01334
0.013344
0.01335
0.013351
0.013351
0.013357
0.01336
0.013363
0.013374
0.013382
0.013388
0.01339
0.01339
0.0134
0.013403
0.013403
0.013403
0.013419
0.013423
0.013424
0.013426
0.013434
0.013437
0.013437
0.01344
0.013443
0.013443
0.013446
0.013447
0.01345
0.013465
0.013465
0.013466
0.013467
0.013468
0.013473
0.013477
0.013477
0.013477
0.01348
0.013487
0.013487
0.01349
0.01349
0.01349
0.013495
0.013495
0.013497
0.013498
0.013503
0.01351
0.013511
0.013513
0.013517
0.01352
0.01352
0.01352
0.013522
0.013524
0.013536
0.013543
0.013547
0.013547
0.013557
0.013564
0.013566
0.013569
0.013588
0.01359
0.01359
0.013593
0.013594
0.013597
0.013607
0.013613
0.013614
0.013615
0.013617
0.01362
0.013623
0.013623
0.01363
0.013631
0.013633
0.013636
0.013636
0.013637
0.013643
0.013646
0.013649
0.01365
0.01365
0.013653
0.013653
0.01366
0.013663
0.013664
0.013668
0.013674
0.013676
0.013676
0.013677
0.01368
0.01368
0.013683
0.013686
0.0137
0.013704
0.013713
0.013715
0.013717
0.01372
0.013727
0.013727
0.01373
0.01373
0.01373
0.013733
0.013737
0.013743
0.013744
0.013748
0.013753
0.013753
0.013753
0.013754
0.013773
0.01378
0.01378
0.013783
0.013787
0.0138
0.013804
0.013807
0.013809
0.01381
0.01381
0.013811
0.013816
0.013817
0.013817
0.013823
0.013826
0.013827
0.013831
0.013833
0.013834
0.013837
0.013837
0.013843
0.013847
0.013849
0.01385
0.013856
0.013858
0.013864
0.013864
0.013865
0.013867
0.01387
0.01387
0.01387
0.013873
0.013874
0.013877
0.013886
0.0139
0.0139
0.0139
0.013909
0.01392
0.013923
0.013924
0.013927
0.013946
0.013947
0.01395
0.013953
0.013955
0.01396
0.013963
0.013963
0.013972
0.013977
0.013977
0.013977
0.01398
0.013983
0.013984
0.013986
0.013987
0.013987
0.013991
0.013997
0.013997
0.014
0.014006
0.014006
0.014007
0.01401
0.014017
0.014017
0.01402
0.01402
0.014023
0.014027
0.01403
0.01403
0.014037
0.014043
0.014043
0.014046
0.014047
0.014053
0.014053
0.014064
0.014066
0.014073
0.014074
0.014077
0.014083
0.014086
0.014086
0.014096
0.014096
0.0141
0.0141
0.014102
0.014117
0.014123
0.014127
0.014129
0.014143
0.014146
0.01416
0.01416
0.01417
0.01417
0.014177
0.014184
0.0142
0.014207
0.01422
0.014224
0.01423
0.014233
0.014237
0.014237
0.01424
0.014243
0.014244
0.014247
0.01425
0.01425
0.014253
0.014257
0.01427
0.014274
0.014276
0.014277
0.014294
0.014296
0.014296
0.0143
0.014313
0.014314
0.014316
0.014324
0.014329
0.014333
0.014337
0.014343
0.01436
0.014361
0.014364
0.014373
0.014374
0.01438
0.014385
0.014387
0.014388
0.01439
0.014394
0.014394
0.014397
0.014397
0.014404
0.014414
0.01442
0.01442
0.014424
0.014426
0.01445
0.014453
0.01447
0.014493
0.014517
0.014527
0.014529
0.01453
0.014544
0.014546
0.01456
0.014564
0.014567
0.014571
0.014573
0.014574
0.014574
0.01458
0.0146
0.014635
0.014637
0.014646
0.014666
0.014666
0.014673
0.014686
0.014697
0.0147
0.0147
0.014717
0.01472
0.014723
0.014723
0.01473
0.014743
0.01475
0.014774
0.014776
0.0148
0.014814
0.014817
0.014824
0.01483
0.014831
0.014833
0.01487
0.014874
0.014907
0.01491
0.014916
0.01495
0.01497
0.01497
0.014987
0.015012
0.01502
0.015037
0.015037
0.015047
0.015055
0.015077
0.015097
0.015099
0.015108
0.01511
0.015113
0.015123
0.015146
0.01515
0.015172
0.015177
0.015184
0.015197
0.0152
0.015203
0.015207
0.015214
0.015228
0.015236
0.015323
0.015344
0.015357
0.015408
0.015437
0.015458
0.015474
0.015483
0.015496
0.015526
0.015536
0.01554
0.015541
0.015548
0.015554
0.015581
0.01559
0.015594
0.0156
0.015624
0.015632
0.015636
0.015644
0.015648
0.015718
0.015724
0.015734
0.015735
0.015751
0.015763
0.015766
0.01582
0.015834
0.015873
0.015896
0.0159
0.01593
0.01594
0.01597
0.015994
0.016026
0.016027
0.016043
0.01607
0.01608
0.016099
0.016136
0.01616
0.016197
0.016226
0.016243
0.016256
0.016341
0.016354
0.01636
0.016367
0.016379
0.016406
0.016434
0.01645
0.016457
0.016468
0.016474
0.016506
0.016517
0.01652
0.016526
0.016535
0.016554
0.016564
0.016564
0.01657
0.016591
0.01661
0.016612
0.016655
0.016663
0.016677
0.01671
0.016725
0.01678
0.016812
0.016813
0.016833
0.016865
0.01688
0.016885
0.016893
0.016896
0.01694
0.016972
0.016975
0.016993
0.017003
0.017036
0.01704
0.017054
0.017136
0.017136
0.017163
0.017245
0.01729
0.017293
0.01732
0.01734
0.017387
0.017467
0.017503
0.017517
0.01754
0.017554
0.017569
0.017597
0.017612
0.017634
0.017645
0.017646
0.01768
0.017684
0.017695
0.017716
0.017744
0.017792
0.017796
0.0178
0.017805
0.017816
0.017896
0.017923
0.017929
0.017932
0.017935
0.01796
0.017974
0.018014
0.018014
0.018015
0.018015
0.018056
0.018092
0.018132
0.018149
0.018158
0.018195
0.018211
0.018263
0.018263
0.018323
0.018387
0.018425
0.018457
0.018473
0.018503
0.018515
0.018523
0.018526
0.018563
0.018577
0.01863
0.018634
0.018637
0.018646
0.018658
0.018691
0.018744
0.018754
0.018767
0.018806
0.018812
0.018828
0.018853
0.01886
0.018932
0.018934
0.018934
0.018936
0.01894
0.01894
0.018945
0.01895
0.018986
0.018994
0.019033
0.019054
0.019093
0.019126
0.01915
0.01919
0.019197
0.019238
0.019247
0.019271
0.019351
0.019375
0.019397
0.019407
0.019414
0.019502
0.01952
0.019532
0.019562
0.019585
0.019597
0.019603
0.019652
0.019708
0.019721
0.019754
0.019769
0.01978
0.019797
0.01984
0.01984
0.019853
0.019908
0.019996
0.020008
0.020009
0.020037
0.020058
0.020068
0.020086
0.020089
0.02012
0.020124
0.020137
0.02014
0.020151
0.020162
0.020169
0.020203
0.020234
0.02025
0.020292
0.020301
0.02036
0.020381
0.020418
0.020423
0.02044
0.020464
0.020467
0.020526
0.020533
0.02054
0.020557
0.020613
0.020614
0.020625
0.020633
0.020649
0.020652
0.020686
0.020692
0.0207
0.020704
0.020769
0.020816
0.020861
0.020861
0.020917
0.02094
0.020942
0.021
0.021018
0.021037
0.021056
0.021124
0.021136
0.021154
0.021157
0.021193
0.0212
0.0212
0.02122
0.021267
0.02127
0.0213
0.021302
0.02132
0.021327
0.021334
0.021354
0.021386
0.021401
0.021404
0.02147
0.021471
0.02148
0.021511
0.021549
0.02157
0.021637
0.02168
0.021766
0.021767
0.021796
0.0218
0.021813
0.021817
0.021827
0.021877
0.021885
0.02189
0.021914
0.021957
0.021984
0.022077
0.022081
0.022102
0.022105
0.022114
0.022166
0.022173
0.022176
0.022188
0.022206
0.022213
0.022253
0.022253
0.022253
0.022277
0.022306
0.022323
0.022333
0.022347
0.02236
0.022393
0.022403
0.022437
0.022446
0.022505
0.022523
0.022545
0.02258
0.022597
0.022693
0.022718
0.02279
0.022807
0.022837
0.022864
0.02287
0.022874
0.022923
0.02293
0.02297
0.022986
0.023026
0.023046
0.023227
0.023237
0.023276
0.02338
0.023403
0.02344
0.023544
0.023587
0.023633
0.023678
0.023827
0.023956
0.024052
0.024097
0.024147
0.024301
0.0245
0.02458
0.024622
0.024688
0.024733
0.024733
0.02475
0.024874
0.025003
0.02517
0.025231
0.025262
0.02535
0.025373
0.02546
0.025646
0.02594
0.02594
0.02621
0.02634
0.02644
0.026503
0.02678
0.026943
0.027086
0.027207
0.02743
0.02747
0.027517
0.027576
0.027807
0.027844
0.027911
0.02809
0.028157
0.02822
0.028244
0.028252
0.028863
0.028886
0.029065
0.029347
0.02949
0.030277
0.030866
0.030944
0.031004
0.032168
0.03229
0.033036
0.033594
0.034858
0.036578
0.0398
0.040332
0.043413
0.05016
0.060024
0.098396
0.201384
0.380861
