0.016339
0.01703
0.017034
0.017341
0.017574
0.017633
0.017653
0.017661
0.017698
0.017732
0.017965
0.017998
0.018048
0.018097
0.018118
0.018158
0.01816
0.018244
0.018256
0.018257
0.018267
0.018268
0.018284
0.018308
0.018317
0.01832
0.018325
0.018372
0.018409
0.018438
0.018462
0.018466
0.018467
0.01849
0.018504
0.01854
0.018583
0.018593
0.018605
0.018616
0.018617
0.018644
0.018668
0.018677
0.018742
0.018763
0.018767
0.018769
0.018785
0.018787
0.018787
0.018803
0.018805
0.01882
0.018821
0.018823
0.018842
0.018854
0.018856
0.018865
0.018876
0.01888
0.018884
0.018892
0.018897
0.01891
0.018915
0.018916
0.018918
0.01892
0.018944
0.018972
0.018978
0.018978
0.018987
0.018995
0.01902
0.019049
0.019055
0.019058
0.019087
0.019094
0.019125
0.019136
0.019148
0.019163
0.019206
0.01922
0.019237
0.019238
0.019245
0.019247
0.019257
0.019274
0.019297
0.019306
0.019307
0.019308
0.019317
0.019325
0.019355
0.019362
0.019374
0.019394
0.019433
0.019443
0.01945
0.019455
0.019464
0.019466
0.019468
0.019469
0.019478
0.0195
0.0195
0.019502
0.019513
0.019515
0.019523
0.019524
0.019537
0.019548
0.019553
0.019583
0.019588
0.019598
0.019612
0.019616
0.019617
0.019629
0.019635
0.019637
0.019638
0.019638
0.01964
0.019648
0.019667
0.019669
0.01969
0.019694
0.019703
0.019727
0.019728
0.019738
0.019742
0.019748
0.019751
0.019763
0.019763
0.019773
0.019776
0.019779
0.01978
0.019788
0.019802
0.019802
0.019812
0.019826
0.01983
0.01984
0.019845
0.019852
0.019852
0.019853
0.019856
0.019857
0.019863
0.019883
0.019889
0.01989
0.019895
0.019906
0.019911
0.019912
0.019929
0.01993
0.019932
0.019934
0.019936
0.019942
0.019948
0.019948
0.019976
0.019977
0.019986
0.019993
0.019995
0.019998
0.02
0.020003
0.020007
0.020014
0.020016
0.020017
0.020019
0.020028
0.020043
0.020044
0.020054
0.020055
0.02006
0.02007
0.020084
0.020093
0.0201
0.020102
0.020108
0.020108
0.020114
0.020118
0.020122
0.020124
0.020126
0.020128
0.020138
0.02014
0.020143
0.020143
0.020147
0.020148
0.020151
0.020157
0.02016
0.020164
0.020167
0.020181
0.020186
0.020202
0.020209
0.02021
0.020214
0.020221
0.020226
0.020228
0.020234
0.020235
0.02024
0.02024
0.020253
0.020254
0.020256
0.020258
0.020266
0.020268
0.02028
0.020282
0.020282
0.020283
0.020287
0.020294
0.020298
0.020311
0.020315
0.020322
0.020323
0.020325
0.020325
0.020327
0.020327
0.020327
0.020328
0.020329
0.020332
0.020339
0.02034
0.020348
0.020348
0.020355
0.020362
0.02037
0.02037
0.020374
0.020374
0.02038
0.020381
0.020393
0.0204
0.02043
0.020438
0.020445
0.020454
0.020454
0.020462
0.020469
0.02047
0.02047
0.020477
0.02049
0.020503
0.020503
0.020506
0.02052
0.020524
0.020524
0.020526
0.020542
0.020554
0.020563
0.020563
0.020563
0.020567
0.020574
0.020576
0.020584
0.020585
0.020602
0.020605
0.020618
0.020625
0.020626
0.020631
0.020637
0.02064
0.020643
0.020645
0.020651
0.020661
0.020669
0.02067
0.020675
0.020692
0.020698
0.020702
0.020708
0.02071
0.020713
0.020722
0.020728
0.020729
0.020736
0.020737
0.020739
0.02074
0.020744
0.020746
0.020748
0.020749
0.020753
0.020758
0.020763
0.020766
0.020767
0.020767
0.020772
0.020774
0.020774
0.020778
0.02078
0.020784
0.020788
0.020792
0.0208
0.020802
0.02081
0.020812
0.020812
0.020814
0.020825
0.020825
0.020826
0.020836
0.020837
0.02085
0.02085
0.020854
0.020859
0.02086
0.02086
0.020862
0.020869
0.02087
0.020874
0.020876
0.020877
0.02088
0.020885
0.02089
0.020899
0.020903
0.020907
0.020908
0.020912
0.020918
0.02092
0.020923
0.020927
0.020927
0.020932
0.020934
0.020936
0.020941
0.020943
0.020943
0.020943
0.020945
0.020946
0.020955
0.020955
0.02096
0.020965
0.020968
0.020969
0.020969
0.020976
0.02098
0.020983
0.020985
0.020985
0.020985
0.020991
0.020991
0.020993
0.020996
0.020997
0.021
0.021009
0.021011
0.021017
0.021019
0.02102
0.021027
0.021028
0.021028
0.02103
0.021038
0.021038
0.021042
0.021049
0.021055
0.021058
0.02106
0.021062
0.02108
0.021082
0.021088
0.021091
0.021098
0.021099
0.021099
0.0211
0.021103
0.021104
0.021111
0.021118
0.02112
0.021122
0.021125
0.021127
0.021131
0.02114
0.02114
0.021148
0.021151
0.021184
0.021193
0.021194
0.021206
0.021207
0.021208
0.021209
0.021217
0.021227
0.021231
0.021231
0.021233
0.021235
0.021236
0.021246
0.021249
0.021249
0.021252
0.021253
0.021257
0.021257
0.021264
0.021265
0.021268
0.021268
0.021268
0.02127
0.021271
0.02128
0.021287
0.021299
0.0213
0.0213
0.021303
0.021305
0.021306
0.021311
0.021311
0.021315
0.021315
0.021316
0.021317
0.021317
0.021318
0.02132
0.02132
0.021331
0.021338
0.021339
0.021348
0.021348
0.021349
0.021351
0.021351
0.021353
0.021365
0.021365
0.021367
0.021369
0.02137
0.02138
0.021394
0.021397
0.0214
0.0214
0.021405
0.021406
0.021407
0.021409
0.021409
0.021414
0.021414
0.021414
0.021414
0.021421
0.021422
0.021427
0.021428
0.021428
0.021448
0.021453
0.021455
0.021459
0.02146
0.021461
0.021463
0.021476
0.021478
0.02148
0.02148
0.021485
0.021486
0.021487
0.021488
0.02149
0.021492
0.021492
0.021493
0.021495
0.021501
0.021502
0.021503
0.021508
0.021508
0.021511
0.021515
0.021515
0.021525
0.021525
0.021527
0.021527
0.021529
0.021529
0.02153
0.021532
0.021533
0.021537
0.021538
0.021538
0.021541
0.021543
0.02155
0.021551
0.021557
0.02156
0.021563
0.021565
0.021568
0.021569
0.02157
0.021572
0.021573
0.021576
0.021577
0.021581
0.021582
0.021582
0.021583
0.021585
0.021586
0.021588
0.021588
0.021588
0.02159
0.021591
0.021593
0.021594
0.021595
0.021597
0.021598
0.021603
0.021607
0.021607
0.021609
0.02161
0.02161
0.021611
0.021611
0.02162
0.021622
0.021623
0.021626
0.021626
0.021627
0.021628
0.021629
0.02163
0.021633
0.021637
0.021637
0.021638
0.02164
0.02164
0.021643
0.021644
0.021645
0.021646
0.021651
0.021651
0.021652
0.021673
0.02168
0.02168
0.021688
0.021696
0.021697
0.021698
0.021704
0.021708
0.02171
0.021716
0.021716
0.021717
0.021718
0.02172
0.021722
0.021722
0.021725
0.021727
0.021727
0.021734
0.021735
0.021737
0.021743
0.021745
0.021748
0.021748
0.021756
0.021757
0.021757
0.02176
0.02176
0.021765
0.021773
0.021778
0.021779
0.02178
0.02178
0.021784
0.021784
0.021787
0.021787
0.021788
0.021788
0.021793
0.021798
0.021803
0.021805
0.021808
0.021809
0.021814
0.021816
0.02182
0.021821
0.021821
0.021823
0.021824
0.021826
0.02183
0.021831
0.021837
0.021843
0.021846
0.021846
0.021849
0.021849
0.021853
0.021855
0.021858
0.021861
0.021862
0.021866
0.021866
0.02187
0.021871
0.021871
0.021873
0.021875
0.021878
0.021878
0.02188
0.021884
0.021885
0.021885
0.021887
0.021892
0.021897
0.0219
0.021905
0.021918
0.02192
0.021923
0.021925
0.021931
0.021935
0.021937
0.021942
0.021942
0.021945
0.021948
0.021949
0.021951
0.021953
0.021953
0.021955
0.021957
0.02196
0.02196
0.02196
0.021965
0.021967
0.02197
0.021972
0.021976
0.021976
0.021977
0.021979
0.02198
0.021985
0.021986
0.021987
0.021989
0.021989
0.021995
0.021995
0.022
0.022003
0.022011
0.02202
0.022026
0.022028
0.022028
0.02203
0.022031
0.022031
0.022035
0.022035
0.022037
0.022037
0.022038
0.02204
0.022044
0.022044
0.022052
0.022055
0.022057
0.02206
0.022061
0.022062
0.022063
0.022063
0.022067
0.022075
0.022077
0.022082
0.022083
0.022087
0.022091
0.022101
0.022102
0.022106
0.022109
0.02211
0.022111
0.022113
0.022115
0.022116
0.022121
0.022122
0.022122
0.022123
0.022129
0.022133
0.022135
0.022137
0.022137
0.02214
0.022141
0.022141
0.022144
0.022145
0.022146
0.022152
0.022157
0.022158
0.02216
0.022165
0.022166
0.022167
0.022169
0.022169
0.02217
0.02217
0.02217
0.022172
0.022174
0.022177
0.022178
0.022179
0.022182
0.022183
0.022185
0.022186
0.022189
0.022189
0.02219
0.022191
0.022193
0.022197
0.022197
0.022205
0.02221
0.022214
0.022215
0.022215
0.022218
0.022219
0.022223
0.022223
0.022224
0.022226
0.022232
0.022236
0.022237
0.022237
0.022238
0.02224
0.02224
0.02224
0.02224
0.022242
0.022243
0.022244
0.022247
0.022248
0.02225
0.022251
0.022252
0.02226
0.022263
0.022268
0.022271
0.022275
0.022275
0.022275
0.022275
0.02228
0.02228
0.02228
0.022282
0.02229
0.022297
0.022298
0.022301
0.022309
0.022311
0.022311
0.022313
0.022314
0.022316
0.02232
0.022323
0.022326
0.022331
0.022334
0.022335
0.022335
0.02234
0.02234
0.02234
0.022341
0.022343
0.022344
0.022344
0.022348
0.022352
0.022353
0.022353
0.022355
0.02236
0.022363
0.022363
0.022367
0.022368
0.022372
0.022372
0.022374
0.022378
0.022379
0.022382
0.022383
0.022384
0.022385
0.022386
0.022388
0.022393
0.022393
0.022395
0.022395
0.022397
0.022397
0.0224
0.0224
0.022403
0.022403
0.022405
0.022405
0.022406
0.02241
0.022417
0.022418
0.02242
0.022426
0.022427
0.02243
0.02243
0.022432
0.022432
0.022433
0.022434
0.022436
0.022445
0.022445
0.022449
0.022455
0.022457
0.022459
0.02246
0.022461
0.022461
0.022464
0.022465
0.022468
0.022468
0.022469
0.022471
0.022475
0.022477
0.022478
0.02248
0.02248
0.02248
0.022485
0.022488
0.022489
0.02249
0.022493
0.022497
0.0225
0.022501
0.022502
0.022502
0.022503
0.022506
0.022513
0.022517
0.022517
0.022517
0.022517
0.02252
0.022522
0.022522
0.022524
0.022525
0.022527
0.022527
0.022529
0.022533
0.022537
0.022537
0.022538
0.022539
0.022543
0.022546
0.022548
0.022549
0.022553
0.022555
0.022558
0.02256
0.022562
0.022563
0.022567
0.022567
0.02257
0.022571
0.022577
0.022583
0.022587
0.022588
0.022589
0.022594
0.022595
0.022597
0.0226
0.022602
0.022607
0.022607
0.022609
0.022612
0.022613
0.022617
0.022617
0.022619
0.02262
0.022622
0.022622
0.022625
0.022626
0.022629
0.022631
0.022634
0.022634
0.022635
0.022635
0.022637
0.02264
0.02264
0.022644
0.022645
0.022647
0.022648
0.022649
0.02265
0.022652
0.022653
0.022653
0.022658
0.022663
0.022664
0.022665
0.02267
0.02267
0.022671
0.022673
0.022674
0.022677
0.022678
0.022682
0.022684
0.022684
0.022685
0.022687
0.022689
0.022692
0.022692
0.022694
0.022696
0.022696
0.022697
0.022697
0.022698
0.022703
0.022705
0.022706
0.022706
0.022708
0.022708
0.022709
0.02271
0.022712
0.022713
0.022717
0.022717
0.022717
0.02272
0.02272
0.022724
0.022724
0.022726
0.022732
0.022733
0.022734
0.022734
0.022736
0.022736
0.02274
0.022741
0.022743
0.022749
0.022755
0.022757
0.02276
0.02276
0.02276
0.022763
0.022765
0.022771
0.022771
0.022772
0.022775
0.022777
0.022778
0.022788
0.022788
0.022791
0.022792
0.022793
0.022797
0.0228
0.022803
0.022805
0.022807
0.022808
0.022809
0.022812
0.022812
0.022812
0.022813
0.022815
0.022816
0.022819
0.02282
0.022821
0.022821
0.022822
0.022823
0.022823
0.022824
0.022825
0.022825
0.022828
0.022828
0.022831
0.02284
0.022842
0.022843
0.022844
0.022845
0.02285
0.02286
0.02286
0.022863
0.022863
0.022863
0.022864
0.022866
0.022866
0.022867
0.022869
0.022872
0.022873
0.022874
0.022886
0.022886
0.022889
0.02289
0.02289
0.022891
0.022891
0.022892
0.022894
0.022894
0.022898
0.022899
0.022905
0.022906
0.022907
0.022908
0.022908
0.022909
0.02291
0.022911
0.022912
0.022917
0.022917
0.022918
0.02292
0.02292
0.022922
0.022923
0.022926
0.022929
0.022929
0.02293
0.02293
0.022937
0.022938
0.02294
0.022948
0.022951
0.022952
0.022952
0.022954
0.022954
0.02296
0.022963
0.022967
0.022967
0.022972
0.022973
0.022974
0.022978
0.022979
0.02298
0.02298
0.022986
0.022988
0.022991
0.022995
0.022998
0.023
0.023
0.023002
0.023003
0.023003
0.023004
0.023009
0.023012
0.023028
0.02303
0.023034
0.023034
0.023037
0.023038
0.023043
0.023047
0.023047
0.023049
0.02305
0.023051
0.023052
0.023056
0.02306
0.023063
0.023063
0.023064
0.023065
0.023066
0.023066
0.023069
0.02307
0.023071
0.023072
0.023072
0.023073
0.023074
0.023075
0.023077
0.02308
0.02308
0.023082
0.023083
0.023084
0.023085
0.023085
0.023085
0.023085
0.023085
0.023086
0.023086
0.023087
0.023089
0.02309
0.023091
0.023091
0.023092
0.023092
0.023095
0.023097
0.0231
0.023103
0.023108
0.023108
0.023108
0.023112
0.023114
0.023115
0.023117
0.023123
0.023126
0.023126
0.023126
0.023129
0.02313
0.023135
0.023136
0.023136
0.023139
0.023139
0.02314
0.02314
0.023142
0.023144
0.023147
0.023148
0.023151
0.023154
0.023155
0.023157
0.02316
0.02316
0.023161
0.023163
0.023169
0.023169
0.02317
0.023174
0.023177
0.02318
0.023184
0.023188
0.023188
0.023189
0.02319
0.023191
0.023194
0.023197
0.023197
0.023198
0.023198
0.023202
0.023205
0.023205
0.023205
0.023206
0.023206
0.023208
0.023212
0.023219
0.023222
0.023223
0.023223
0.023227
0.023228
0.023231
0.023233
0.023234
0.023237
0.023237
0.023238
0.02324
0.02324
0.02324
0.02324
0.02324
0.02324
0.023244
0.023247
0.023249
0.023249
0.02325
0.02325
0.023252
0.023254
0.023255
0.023255
0.023256
0.023258
0.02326
0.023261
0.023262
0.023263
0.023267
0.023268
0.02327
0.023271
0.023272
0.023275
0.023278
0.02328
0.02328
0.02328
0.02328
0.023283
0.023283
0.023283
0.023286
0.023286
0.02329
0.023292
0.023295
0.023296
0.0233
0.0233
0.0233
0.023302
0.023302
0.023302
0.023304
0.023304
0.023306
0.023308
0.023308
0.023308
0.02331
0.023312
0.023315
0.023317
0.023322
0.023325
0.023326
0.023326
0.023326
0.023329
0.023333
0.023335
0.023337
0.023337
0.02334
0.023343
0.023343
0.023343
0.023346
0.023347
0.023349
0.02335
0.02335
0.023351
0.023351
0.023357
0.02336
0.023363
0.023366
0.023367
0.023372
0.023372
0.023373
0.023373
0.023374
0.023375
0.023375
0.023378
0.023379
0.023385
0.023386
0.023388
0.023388
0.023393
0.023395
0.023396
0.023396
0.023398
0.023402
0.023403
0.023403
0.023406
0.023408
0.023408
0.023409
0.023409
0.02341
0.023411
0.023412
0.023412
0.023413
0.023413
0.023414
0.023415
0.023416
0.023417
0.023417
0.023422
0.023423
0.023424
0.023428
0.023428
0.023428
0.023429
0.023434
0.02344
0.02344
0.023443
0.023443
0.023443
0.023443
0.023444
0.023445
0.023449
0.02345
0.023451
0.023451
0.023455
0.023456
0.023457
0.023457
0.023458
0.02346
0.023463
0.023463
0.023465
0.023466
0.023471
0.023471
0.023476
0.023477
0.02348
0.02348
0.023482
0.023483
0.023485
0.023487
0.023488
0.023488
0.023489
0.02349
0.023492
0.023492
0.023493
0.023497
0.023497
0.023498
0.023499
0.0235
0.0235
0.0235
0.0235
0.023501
0.023503
0.023505
0.023508
0.023513
0.023513
0.023514
0.023517
0.02352
0.02352
0.02352
0.02352
0.023523
0.023523
0.023523
0.023525
0.023527
0.023529
0.023534
0.023534
0.023537
0.023539
0.023542
0.023545
0.023547
0.023547
0.023547
0.023548
0.023549
0.02355
0.02355
0.02355
0.023554
0.023557
0.023557
0.023557
0.02356
0.023563
0.023563
0.023563
0.023564
0.023565
0.023566
0.023569
0.02357
0.023572
0.023574
0.023575
0.023577
0.023577
0.023577
0.023577
0.023578
0.023578
0.02358
0.023582
0.023582
0.023584
0.023584
0.023587
0.023588
0.023589
0.02359
0.023591
0.023591
0.023591
0.023596
0.023597
0.023597
0.023598
0.023598
0.0236
0.023602
0.023603
0.023603
0.023606
0.023608
0.023608
0.023609
0.02361
0.02361
0.023611
0.023612
0.023613
0.023621
0.023621
0.023622
0.023623
0.023625
0.023628
0.023628
0.023632
0.023633
0.023634
0.023635
0.023637
0.023637
0.02364
0.02364
0.02364
0.02364
0.023642
0.023643
0.023644
0.023646
0.023646
0.02365
0.023653
0.023654
0.023655
0.023656
0.023656
0.023659
0.023659
0.02366
0.023661
0.023663
0.023666
0.023667
0.023668
0.023671
0.023673
0.023674
0.023677
0.023677
0.023677
0.023677
0.023678
0.023678
0.023683
0.023688
0.023689
0.02369
0.023694
0.023697
0.023699
0.0237
0.023701
0.023702
0.023702
0.023703
0.023705
0.023705
0.023705
0.023706
0.023708
0.023708
0.02371
0.023712
0.023712
0.023714
0.023714
0.023714
0.023715
0.023717
0.023717
0.02372
0.02372
0.02372
0.023723
0.023723
0.023724
0.023725
0.02373
0.023732
0.023735
0.023736
0.023738
0.023739
0.02374
0.02374
0.02374
0.023742
0.023745
0.023747
0.023749
0.02375
0.023751
0.023754
0.023754
0.023757
0.023757
0.023757
0.02376
0.02376
0.023762
0.023763
0.023765
0.023765
0.023765
0.023767
0.023769
0.02377
0.023772
0.023774
0.023775
0.023776
0.023778
0.023778
0.023778
0.023778
0.023779
0.02378
0.023782
0.023782
0.023783
0.023784
0.023786
0.023787
0.023788
0.023788
0.023791
0.023793
0.023794
0.023795
0.023797
0.023797
0.023797
0.023797
0.023798
0.0238
0.0238
0.023806
0.023807
0.023809
0.023809
0.023809
0.02381
0.023813
0.023814
0.023816
0.023817
0.02382
0.023823
0.023823
0.023828
0.023831
0.023831
0.023831
0.023833
0.023837
0.023837
0.023838
0.02384
0.02384
0.023842
0.023843
0.023843
0.023844
0.023848
0.023849
0.023849
0.023849
0.02385
0.02385
0.023852
0.023852
0.023852
0.023854
0.02386
0.023863
0.023863
0.023864
0.023865
0.023866
0.023866
0.023868
0.023868
0.023871
0.023872
0.023872
0.023872
0.023873
0.023877
0.023877
0.02388
0.02388
0.02388
0.02388
0.023882
0.023883
0.023886
0.023889
0.02389
0.023892
0.023896
0.0239
0.0239
0.023902
0.023905
0.023908
0.023908
0.023911
0.023913
0.023914
0.023917
0.023923
0.023925
0.023926
0.023927
0.02393
0.023935
0.023935
0.023936
0.023937
0.02394
0.023942
0.023945
0.023946
0.02395
0.023951
0.023952
0.023954
0.023955
0.023957
0.023957
0.023957
0.023958
0.02396
0.02396
0.023962
0.023963
0.023972
0.023972
0.023972
0.023973
0.023973
0.023973
0.023974
0.023975
0.023977
0.023984
0.023984
0.023985
0.023985
0.023987
0.023988
0.023989
0.023989
0.023989
0.023992
0.023997
0.024003
0.024003
0.024003
0.024003
0.024005
0.024005
0.024008
0.024009
0.024009
0.024011
0.024011
0.024012
0.024012
0.024012
0.024013
0.024013
0.024016
0.024018
0.024018
0.02402
0.02402
0.024022
0.024022
0.024024
0.024025
0.024025
0.024026
0.024027
0.024027
0.024028
0.024028
0.02403
0.02403
0.024031
0.024031
0.024032
0.024032
0.024034
0.024034
0.024034
0.024035
0.024037
0.024038
0.024038
0.02404
0.02404
0.024044
0.024044
0.024046
0.024047
0.024048
0.024049
0.024052
0.024053
0.024053
0.024054
0.024055
0.024055
0.024057
0.02406
0.02406
0.02406
0.024063
0.024064
0.024068
0.024069
0.02407
0.02407
0.02407
0.024071
0.024071
0.024073
0.024075
0.024076
0.024076
0.024077
0.024077
0.02408
0.024082
0.024083
0.024086
0.024089
0.02409
0.02409
0.024092
0.024095
0.024096
0.024096
0.024096
0.0241
0.024102
0.024102
0.024103
0.024107
0.02411
0.02411
0.024111
0.024112
0.024113
0.024117
0.024118
0.02412
0.02412
0.02412
0.02412
0.02412
0.024125
0.024126
0.024126
0.024132
0.024132
0.024133
0.024136
0.024137
0.024137
0.024142
0.024142
0.024142
0.024143
0.024143
0.024144
0.024145
0.024145
0.024145
0.024145
0.024147
0.024148
0.024148
0.024148
0.024149
0.02415
0.02415
0.024151
0.024154
0.024154
0.024155
0.024157
0.02416
0.02416
0.02416
0.02416
0.02416
0.024163
0.024163
0.024163
0.024169
0.024175
0.024177
0.024178
0.024179
0.024179
0.024179
0.02418
0.02418
0.024183
0.024185
0.024186
0.024187
0.024188
0.02419
0.024191
0.024192
0.024193
0.024194
0.024194
0.024197
0.024198
0.0242
0.0242
0.024202
0.024206
0.024206
0.024206
0.024211
0.024212
0.024212
0.024213
0.024215
0.024217
0.024218
0.024218
0.024219
0.024222
0.024222
0.024224
0.024225
0.024226
0.024226
0.024228
0.024228
0.024229
0.024229
0.024233
0.024234
0.024234
0.024236
0.024237
0.02424
0.024242
0.024243
0.024243
0.024245
0.024246
0.024246
0.024249
0.02425
0.024252
0.024254
0.024255
0.024258
0.024258
0.024258
0.024259
0.02426
0.024262
0.024263
0.024265
0.024266
0.024267
0.024268
0.024269
0.024271
0.024272
0.024273
0.024273
0.024274
0.024276
0.024277
0.024277
0.024277
0.024278
0.02428
0.02428
0.02428
0.02428
0.024282
0.024285
0.024286
0.024287
0.024289
0.024291
0.024292
0.024294
0.024297
0.024297
0.0243
0.024302
0.024302
0.024303
0.024304
0.024305
0.024306
0.024307
0.024311
0.024317
0.02432
0.02432
0.02432
0.02432
0.024324
0.024325
0.024327
0.024332
0.024333
0.024334
0.024339
0.024339
0.02434
0.02434
0.024344
0.024344
0.024345
0.024347
0.024348
0.02435
0.024351
0.024354
0.024354
0.024355
0.024355
0.024357
0.024357
0.024357
0.024357
0.024358
0.024358
0.02436
0.024362
0.024363
0.024363
0.024364
0.024364
0.024367
0.024367
0.024368
0.024369
0.024369
0.02437
0.02437
0.024372
0.024373
0.024377
0.024378
0.024382
0.024383
0.024388
0.024389
0.024397
0.024397
0.0244
0.024403
0.024405
0.024405
0.024406
0.024406
0.024406
0.024407
0.024409
0.024409
0.02441
0.024412
0.024412
0.024414
0.024414
0.024417
0.024417
0.024419
0.02442
0.02442
0.024421
0.024422
0.024423
0.024423
0.024423
0.024424
0.024424
0.024425
0.024425
0.024429
0.024429
0.024431
0.024431
0.024434
0.024434
0.024436
0.024437
0.024438
0.02444
0.02444
0.02444
0.02444
0.02444
0.02444
0.02444
0.024446
0.024446
0.024448
0.024449
0.024449
0.024454
0.024457
0.024457
0.024458
0.024459
0.024462
0.024463
0.024463
0.024464
0.024465
0.024467
0.024471
0.024471
0.024472
0.024473
0.024474
0.024474
0.024477
0.024477
0.02448
0.02448
0.02448
0.02448
0.02448
0.024483
0.024484
0.024485
0.024486
0.024486
0.024487
0.024488
0.02449
0.024492
0.024492
0.024493
0.024494
0.024495
0.024496
0.024498
0.024498
0.024499
0.024499
0.0245
0.0245
0.0245
0.0245
0.024502
0.024504
0.024505
0.024506
0.024506
0.024508
0.024508
0.024509
0.02451
0.02451
0.024511
0.024511
0.024513
0.024514
0.024516
0.024516
0.024517
0.024517
0.024517
0.024517
0.024517
0.02452
0.02452
0.02452
0.02452
0.02452
0.024523
0.024524
0.024527
0.024528
0.024529
0.02453
0.024532
0.024533
0.024533
0.024535
0.024538
0.024542
0.024543
0.024543
0.024544
0.024544
0.024545
0.024545
0.024547
0.024548
0.024548
0.024554
0.024557
0.024557
0.024557
0.02456
0.02456
0.024563
0.024563
0.024563
0.024566
0.024566
0.024567
0.02457
0.02457
0.024571
0.024572
0.024572
0.024572
0.024572
0.024574
0.024574
0.024577
0.024579
0.024583
0.024585
0.024585
0.024587
0.024587
0.024588
0.024591
0.024591
0.024592
0.024594
0.024594
0.024597
0.0246
0.0246
0.0246
0.024603
0.024606
0.024607
0.024607
0.024609
0.024609
0.02461
0.02461
0.024614
0.024614
0.024614
0.024615
0.024616
0.024617
0.024617
0.024618
0.024619
0.02462
0.02462
0.02462
0.024625
0.024625
0.024626
0.024627
0.024628
0.024629
0.024629
0.02463
0.02463
0.024631
0.024632
0.024635
0.024637
0.024638
0.02464
0.02464
0.024641
0.024646
0.024646
0.024646
0.024647
0.024648
0.024649
0.024649
0.024649
0.02465
0.024652
0.024654
0.024656
0.024657
0.024657
0.024658
0.024658
0.02466
0.02466
0.024661
0.024661
0.024661
0.024662
0.024662
0.024665
0.024665
0.024665
0.024665
0.024665
0.024667
0.024668
0.024668
0.024668
0.024669
0.02467
0.02467
0.024672
0.024673
0.024674
0.024674
0.024675
0.024677
0.024677
0.024677
0.02468
0.02468
0.02468
0.024681
0.024683
0.024686
0.024686
0.024686
0.024686
0.024687
0.024687
0.024689
0.024689
0.02469
0.024692
0.024692
0.024693
0.024695
0.024695
0.024697
0.024697
0.024698
0.024699
0.024701
0.024701
0.024702
0.024702
0.024705
0.024705
0.024705
0.024706
0.024716
0.024717
0.024717
0.024718
0.024723
0.024723
0.024724
0.024727
0.024727
0.024729
0.02473
0.024734
0.024735
0.024736
0.024737
0.024738
0.024738
0.024738
0.024739
0.02474
0.024744
0.024745
0.024745
0.024746
0.024747
0.024748
0.024748
0.024751
0.024754
0.024756
0.024757
0.024757
0.02476
0.024761
0.024763
0.024763
0.024764
0.024765
0.024765
0.024766
0.024768
0.02477
0.02477
0.024772
0.024772
0.024773
0.024774
0.024775
0.024775
0.02478
0.024781
0.024782
0.024782
0.024782
0.024782
0.024782
0.024783
0.024784
0.024789
0.024789
0.024789
0.024791
0.024791
0.024792
0.024793
0.024794
0.024795
0.024796
0.024796
0.024797
0.024797
0.024797
0.024797
0.0248
0.0248
0.0248
0.024803
0.024806
0.024806
0.024809
0.024809
0.02481
0.024813
0.024814
0.024815
0.024815
0.024816
0.024816
0.024817
0.024817
0.024818
0.024819
0.024819
0.024819
0.02482
0.024822
0.024822
0.024823
0.024824
0.024828
0.024828
0.024828
0.024828
0.024828
0.024829
0.02483
0.024831
0.024832
0.024833
0.024834
0.024834
0.024835
0.024837
0.024837
0.024837
0.024837
0.024837
0.02484
0.024843
0.024843
0.024846
0.024847
0.02485
0.02485
0.02485
0.02485
0.024851
0.024852
0.024852
0.024853
0.024853
0.024854
0.024854
0.024855
0.024855
0.024855
0.024856
0.024857
0.024857
0.024859
0.024859
0.024859
0.02486
0.02486
0.024861
0.024861
0.024863
0.024863
0.024864
0.024864
0.024864
0.024866
0.024867
0.024868
0.024871
0.024871
0.024873
0.024874
0.024874
0.02488
0.024882
0.024882
0.024883
0.024886
0.024886
0.024889
0.024889
0.024889
0.024892
0.024892
0.024893
0.024896
0.024897
0.024898
0.024899
0.024899
0.0249
0.024901
0.024902
0.024902
0.024903
0.024903
0.024904
0.024904
0.024904
0.024906
0.024908
0.024911
0.024914
0.024916
0.024917
0.024917
0.024917
0.02492
0.02492
0.02492
0.024923
0.024926
0.024926
0.024928
0.024929
0.02493
0.02493
0.02493
0.02493
0.02493
0.024932
0.024933
0.024933
0.024935
0.024936
0.024936
0.024936
0.02494
0.02494
0.024941
0.024942
0.024943
0.024943
0.024943
0.024943
0.024944
0.024944
0.024945
0.024945
0.024946
0.024948
0.024948
0.024948
0.02495
0.024951
0.024957
0.024963
0.024965
0.024966
0.024966
0.024966
0.024966
0.024967
0.024969
0.02497
0.024971
0.024976
0.024976
0.02498
0.02498
0.024981
0.024982
0.024983
0.024984
0.024985
0.024986
0.024987
0.02499
0.024991
0.024991
0.024992
0.024994
0.024997
0.024997
0.024997
0.024997
0.024997
0.024997
0.025
0.025
0.025002
0.025003
0.025003
0.025003
0.025006
0.025006
0.025007
0.025007
0.025007
0.025009
0.025009
0.025009
0.02501
0.02501
0.025011
0.025015
0.025015
0.025017
0.025018
0.025021
0.025024
0.025025
0.025027
0.025028
0.025028
0.025028
0.025031
0.025031
0.025032
0.025033
0.025033
0.025034
0.025034
0.025034
0.025035
0.025035
0.025037
0.025037
0.025037
0.02504
0.025043
0.025043
0.025043
0.025045
0.025046
0.025046
0.025046
0.025046
0.025049
0.025049
0.02505
0.025051
0.025053
0.025054
0.025054
0.025054
0.025055
0.025055
0.02506
0.02506
0.02506
0.025061
0.025062
0.025062
0.025063
0.025063
0.025064
0.025067
0.025067
0.025067
0.025069
0.02507
0.025071
0.025071
0.025071
0.025074
0.025075
0.025075
0.025077
0.025077
0.025077
0.02508
0.025082
0.025083
0.025086
0.025087
0.025087
0.025088
0.025089
0.025089
0.025089
0.025093
0.025093
0.025094
0.025098
0.025098
0.025098
0.025099
0.025102
0.025104
0.025106
0.025108
0.02511
0.025111
0.025113
0.025113
0.025116
0.025117
0.02512
0.025123
0.025123
0.025126
0.025128
0.025129
0.025129
0.025129
0.025129
0.02513
0.02513
0.025131
0.025134
0.025135
0.025136
0.025136
0.025137
0.025137
0.025137
0.025138
0.025142
0.025145
0.025146
0.025147
0.02515
0.02515
0.02515
0.02515
0.025151
0.025151
0.025152
0.025153
0.025155
0.025155
0.025157
0.025157
0.025157
0.025157
0.02516
0.025163
0.025163
0.025163
0.025166
0.025167
0.025169
0.025173
0.025174
0.025175
0.025176
0.025177
0.025178
0.025178
0.025179
0.02518
0.025181
0.025182
0.025182
0.025185
0.025185
0.025185
0.025187
0.025188
0.025188
0.025193
0.025194
0.025194
0.025197
0.025197
0.025197
0.025197
0.025197
0.025198
0.0252
0.0252
0.0252
0.0252
0.0252
0.025202
0.025203
0.025203
0.025206
0.025206
0.025206
0.025206
0.025209
0.025209
0.02521
0.025211
0.025212
0.025212
0.025212
0.025213
0.025213
0.025213
0.025214
0.025214
0.025214
0.025217
0.025218
0.025218
0.025219
0.025219
0.02522
0.02522
0.025222
0.025223
0.025224
0.025225
0.025225
0.025226
0.025227
0.025228
0.025228
0.02523
0.025232
0.025233
0.025233
0.025234
0.025234
0.025236
0.025237
0.025237
0.02524
0.02524
0.025244
0.025244
0.025247
0.025249
0.025249
0.02525
0.02525
0.02525
0.025253
0.025253
0.025255
0.025256
0.025257
0.025257
0.025258
0.025258
0.02526
0.025261
0.025261
0.025262
0.025263
0.025265
0.025265
0.025267
0.025268
0.025268
0.02527
0.025271
0.025273
0.025274
0.025277
0.02528
0.02528
0.025283
0.025283
0.025286
0.025287
0.025287
0.025289
0.025289
0.025289
0.02529
0.02529
0.02529
0.025292
0.025293
0.025294
0.025294
0.025299
0.025299
0.025299
0.0253
0.025301
0.025301
0.025302
0.025303
0.025303
0.025303
0.025304
0.025305
0.025307
0.025307
0.025308
0.025309
0.025311
0.025311
0.025312
0.025317
0.025317
0.02532
0.02532
0.02532
0.025323
0.025323
0.025323
0.025327
0.025337
0.02534
0.025341
0.025342
0.025342
0.025342
0.025343
0.025343
0.025343
0.025345
0.025351
0.025353
0.025356
0.025356
0.025357
0.025361
0.025362
0.025363
0.025363
0.025367
0.025369
0.025369
0.02537
0.025373
0.025375
0.025377
0.025377
0.025379
0.025383
0.025383
0.025386
0.025388
0.025388
0.025389
0.02539
0.02539
0.025391
0.025393
0.025394
0.025397
0.0254
0.0254
0.0254
0.0254
0.025403
0.025403
0.025403
0.025403
0.025403
0.025406
0.025406
0.025407
0.025407
0.025407
0.025409
0.025409
0.025409
0.025412
0.025414
0.025415
0.025418
0.02542
0.025421
0.025423
0.025423
0.025424
0.025424
0.025426
0.025427
0.025427
0.02543
0.02543
0.025431
0.025431
0.025431
0.025431
0.025431
0.025431
0.025432
0.025434
0.025437
0.025437
0.025443
0.025443
0.025443
0.025443
0.025444
0.025444
0.025446
0.025446
0.025447
0.02545
0.02545
0.025456
0.025459
0.025462
0.025464
0.025465
0.025467
0.02547
0.02547
0.025471
0.025474
0.025475
0.025476
0.025477
0.025477
0.02548
0.02548
0.025483
0.025485
0.025486
0.025486
0.025486
0.025486
0.025487
0.025489
0.02549
0.025492
0.025495
0.025496
0.025498
0.025502
0.025502
0.025503
0.025505
0.025505
0.025506
0.025507
0.02551
0.02551
0.02551
0.025511
0.025511
0.025513
0.025513
0.025513
0.025513
0.025514
0.025516
0.025516
0.02552
0.02552
0.02552
0.02552
0.02552
0.02552
0.025526
0.025527
0.025527
0.025533
0.025533
0.025533
0.025535
0.025535
0.025537
0.025537
0.02554
0.025543
0.025544
0.025545
0.025545
0.025545
0.025546
0.025546
0.025546
0.025547
0.025547
0.025548
0.025548
0.025548
0.02555
0.02555
0.02555
0.025551
0.025551
0.025551
0.025552
0.025553
0.025553
0.025553
0.025554
0.025557
0.025557
0.025557
0.02556
0.02556
0.02556
0.025564
0.025566
0.025569
0.02557
0.02557
0.025572
0.025574
0.025575
0.025575
0.025577
0.025577
0.025578
0.02558
0.02558
0.025582
0.025583
0.025588
0.02559
0.02559
0.025591
0.025591
0.025591
0.025594
0.025594
0.025594
0.025597
0.0256
0.0256
0.0256
0.0256
0.0256
0.0256
0.0256
0.025604
0.025606
0.025606
0.025607
0.025609
0.025611
0.025612
0.025612
0.025612
0.025612
0.025614
0.025615
0.025616
0.025617
0.02562
0.02562
0.02562
0.02562
0.02562
0.025622
0.025622
0.025623
0.025625
0.025625
0.025626
0.025626
0.025628
0.025628
0.025629
0.02563
0.025631
0.025631
0.025631
0.025631
0.025632
0.025633
0.025633
0.025634
0.025635
0.025637
0.025637
0.025637
0.025638
0.02564
0.025642
0.025642
0.025643
0.025643
0.025646
0.02565
0.025652
0.025653
0.025654
0.025654
0.025654
0.025655
0.025656
0.025657
0.025657
0.025658
0.025658
0.025658
0.02566
0.02566
0.025661
0.025664
0.025665
0.025665
0.025665
0.025666
0.025667
0.025668
0.02567
0.025671
0.025674
0.025674
0.025674
0.025674
0.025677
0.025677
0.02568
0.02568
0.02568
0.02568
0.025684
0.025684
0.025684
0.025686
0.025686
0.025686
0.025687
0.025692
0.025692
0.025693
0.025698
0.025699
0.025701
0.025704
0.025705
0.025705
0.025706
0.025712
0.025713
0.025713
0.025718
0.025718
0.025718
0.02572
0.02572
0.025721
0.025723
0.025723
0.025724
0.025724
0.025725
0.025726
0.025726
0.025729
0.025729
0.02573
0.025731
0.025732
0.025735
0.025736
0.025736
0.025737
0.025739
0.02574
0.025741
0.025743
0.025744
0.025745
0.025745
0.02575
0.02575
0.025751
0.025757
0.025757
0.025757
0.025758
0.02576
0.02576
0.02576
0.025763
0.025763
0.025764
0.025765
0.025766
0.025767
0.025767
0.025768
0.025768
0.025769
0.02577
0.02577
0.02577
0.02577
0.025772
0.025773
0.025774
0.025774
0.025775
0.025776
0.025779
0.02578
0.02578
0.025781
0.025784
0.025787
0.025788
0.025788
0.02579
0.02579
0.02579
0.025791
0.025791
0.025792
0.025793
0.025794
0.025794
0.025796
0.025797
0.025797
0.025803
0.025806
0.025806
0.025806
0.025809
0.02581
0.025812
0.025812
0.025813
0.025816
0.025817
0.025817
0.025818
0.025818
0.02582
0.02582
0.02582
0.025823
0.025831
0.025836
0.025837
0.025837
0.025837
0.025837
0.025838
0.02584
0.025842
0.025843
0.025846
0.025847
0.025848
0.025849
0.025849
0.02585
0.025852
0.025852
0.025853
0.025855
0.025858
0.02586
0.02586
0.02586
0.025862
0.025862
0.025863
0.025864
0.025864
0.025865
0.025867
0.025867
0.025868
0.025869
0.02587
0.02587
0.025873
0.025873
0.025874
0.025875
0.025875
0.025877
0.025877
0.02588
0.025883
0.025883
0.025885
0.025886
0.025886
0.025886
0.025887
0.02589
0.025893
0.025894
0.025894
0.025897
0.025897
0.025898
0.025899
0.0259
0.0259
0.025901
0.025901
0.025902
0.025903
0.025904
0.025904
0.025904
0.025905
0.025905
0.025906
0.025907
0.025907
0.025907
0.025907
0.025908
0.025908
0.025908
0.025908
0.02591
0.025911
0.025911
0.025911
0.025914
0.025914
0.025914
0.025914
0.025916
0.025917
0.025917
0.025917
0.025918
0.025918
0.02592
0.02592
0.02592
0.02592
0.02592
0.02592
0.02592
0.025922
0.025925
0.025926
0.025926
0.025927
0.025927
0.02593
0.02593
0.02593
0.02593
0.025932
0.025932
0.025932
0.025933
0.025933
0.025934
0.025935
0.025936
0.025938
0.025938
0.02594
0.02594
0.02594
0.025942
0.025943
0.025944
0.025948
0.02595
0.02595
0.02595
0.025951
0.025952
0.025952
0.025957
0.025957
0.025957
0.02596
0.02596
0.02596
0.02596
0.025963
0.025963
0.025963
0.025963
0.025963
0.025964
0.025966
0.025966
0.025967
0.025969
0.02597
0.02597
0.02597
0.025972
0.025972
0.025974
0.025978
0.025979
0.02598
0.02598
0.025981
0.025982
0.025982
0.025983
0.025983
0.025983
0.025984
0.025987
0.025987
0.025987
0.025988
0.025988
0.025988
0.025988
0.02599
0.025991
0.025991
0.025993
0.025993
0.025994
0.025996
0.025997
0.026
0.026
0.026
0.026
0.026003
0.026003
0.026006
0.026006
0.026006
0.026006
0.026007
0.026007
0.026008
0.026012
0.026012
0.026015
0.026016
0.026017
0.026017
0.026017
0.026018
0.026018
0.02602
0.02602
0.02602
0.026021
0.026025
0.026027
0.02603
0.02603
0.026031
0.026034
0.026036
0.026037
0.02604
0.026042
0.026043
0.026043
0.026044
0.026046
0.026046
0.026047
0.02605
0.026052
0.026056
0.026057
0.026058
0.026058
0.02606
0.026061
0.026062
0.026064
0.026065
0.026065
0.026066
0.026066
0.026068
0.026068
0.02607
0.026071
0.026073
0.026073
0.026073
0.026074
0.026075
0.026077
0.026077
0.02608
0.02608
0.02608
0.02608
0.02608
0.02608
0.02608
0.026083
0.026083
0.026083
0.026083
0.026084
0.026087
0.026089
0.026089
0.026093
0.026093
0.026097
0.026099
0.026099
0.026101
0.026102
0.026102
0.026103
0.026103
0.026104
0.026107
0.026108
0.02611
0.02611
0.02611
0.026114
0.026114
0.026117
0.026117
0.026117
0.02612
0.02612
0.02612
0.02612
0.026123
0.026124
0.026128
0.02613
0.026135
0.026136
0.026137
0.026138
0.02614
0.02614
0.026142
0.026143
0.026145
0.026145
0.026146
0.026148
0.026148
0.02615
0.02615
0.026152
0.026153
0.026154
0.026154
0.026156
0.026157
0.026157
0.02616
0.026163
0.026163
0.026163
0.026164
0.026166
0.026166
0.026169
0.02617
0.02617
0.026172
0.026173
0.026173
0.026175
0.026177
0.026177
0.02618
0.02618
0.02618
0.026181
0.026182
0.026182
0.026183
0.026185
0.026187
0.02619
0.026191
0.026191
0.026191
0.026192
0.026193
0.026193
0.026193
0.026194
0.026194
0.026194
0.026197
0.026197
0.026197
0.026198
0.0262
0.0262
0.0262
0.0262
0.026203
0.026203
0.026204
0.026206
0.026206
0.026207
0.026208
0.02621
0.02621
0.02621
0.02621
0.02621
0.026213
0.026217
0.026217
0.026219
0.02622
0.02622
0.026221
0.026223
0.026224
0.026225
0.026226
0.026227
0.026227
0.026227
0.026228
0.026231
0.026231
0.026232
0.026233
0.026234
0.026235
0.02624
0.02624
0.026243
0.026243
0.026243
0.026243
0.026249
0.026252
0.026252
0.026253
0.026253
0.026255
0.026256
0.026257
0.026257
0.026257
0.026259
0.02626
0.02626
0.026261
0.026263
0.026264
0.026265
0.026268
0.026268
0.02627
0.02627
0.02627
0.026271
0.026273
0.026273
0.026273
0.026274
0.026274
0.026274
0.026276
0.026277
0.026277
0.02628
0.02628
0.026283
0.026283
0.026283
0.026284
0.026286
0.026286
0.026287
0.026287
0.026287
0.026287
0.02629
0.026292
0.026292
0.026292
0.026292
0.026293
0.026295
0.026295
0.026296
0.026296
0.026297
0.026298
0.026298
0.026299
0.026299
0.026302
0.026304
0.026305
0.026306
0.026306
0.026307
0.026308
0.026308
0.026308
0.026308
0.02631
0.026311
0.026314
0.026314
0.026316
0.02632
0.02632
0.02632
0.02632
0.026323
0.026326
0.026327
0.026329
0.026329
0.026329
0.02633
0.02633
0.02633
0.02633
0.02633
0.026332
0.026332
0.026332
0.026333
0.026333
0.026333
0.026335
0.026335
0.026336
0.026336
0.026337
0.026337
0.026338
0.026339
0.02634
0.026341
0.026341
0.026342
0.026342
0.026343
0.026343
0.026344
0.026344
0.026344
0.026346
0.026347
0.026347
0.026351
0.026352
0.026353
0.026354
0.026357
0.026357
0.026357
0.02636
0.02636
0.02636
0.02636
0.026362
0.026363
0.026366
0.026366
0.026367
0.026369
0.026369
0.02637
0.026372
0.026372
0.026373
0.026373
0.026376
0.026376
0.026376
0.026377
0.02638
0.026383
0.026387
0.026387
0.026387
0.02639
0.02639
0.02639
0.026395
0.026396
0.026397
0.026397
0.026398
0.0264
0.0264
0.0264
0.0264
0.0264
0.0264
0.0264
0.0264
0.0264
0.026403
0.026403
0.026403
0.026403
0.026409
0.02641
0.026413
0.026413
0.026414
0.026415
0.026416
0.026416
0.026417
0.026418
0.02642
0.026423
0.026424
0.026425
0.026428
0.026429
0.02643
0.02643
0.026431
0.026431
0.026431
0.026431
0.026431
0.026433
0.026433
0.026434
0.026437
0.026437
0.02644
0.02644
0.02644
0.026443
0.026443
0.026443
0.026446
0.026446
0.026446
0.02645
0.026452
0.026452
0.026452
0.026452
0.026453
0.026454
0.026455
0.026456
0.026456
0.026457
0.02646
0.02646
0.02646
0.026461
0.026462
0.026466
0.026466
0.026466
0.026467
0.026467
0.026467
0.02647
0.026471
0.026473
0.026477
0.026477
0.026477
0.02648
0.02648
0.02648
0.02648
0.02648
0.026483
0.026483
0.026483
0.026487
0.026489
0.02649
0.02649
0.026492
0.026493
0.026493
0.026496
0.026497
0.026498
0.026499
0.0265
0.026503
0.026503
0.026503
0.026504
0.026505
0.026506
0.026506
0.026507
0.026507
0.026507
0.026508
0.02651
0.02651
0.026512
0.026513
0.026514
0.026514
0.026516
0.026517
0.026517
0.026518
0.02652
0.02652
0.026522
0.026523
0.026526
0.026526
0.026527
0.026527
0.026529
0.026529
0.02653
0.026533
0.026533
0.026533
0.026536
0.026536
0.026537
0.026538
0.02654
0.02654
0.02654
0.02654
0.026541
0.026541
0.026542
0.026542
0.026543
0.026545
0.026546
0.026548
0.026548
0.026548
0.026552
0.026553
0.026554
0.026554
0.026556
0.026557
0.026557
0.026557
0.026557
0.026557
0.026557
0.02656
0.02656
0.02656
0.02656
0.026563
0.026563
0.026563
0.026563
0.026563
0.026566
0.026566
0.026567
0.026567
0.02657
0.026573
0.026573
0.026575
0.026575
0.026577
0.026578
0.02658
0.02658
0.02658
0.02658
0.02658
0.02658
0.026581
0.026582
0.026582
0.026584
0.026585
0.026586
0.026586
0.026587
0.026587
0.026587
0.026588
0.026591
0.026592
0.026593
0.026597
0.0266
0.026602
0.026603
0.026603
0.026604
0.026606
0.026607
0.026609
0.026609
0.026613
0.026613
0.026613
0.026615
0.026616
0.026616
0.026617
0.026617
0.026618
0.026619
0.02662
0.026621
0.026623
0.026623
0.026624
0.026625
0.026625
0.026626
0.026627
0.026627
0.026627
0.026628
0.026628
0.026628
0.026629
0.02663
0.02663
0.026631
0.026631
0.026632
0.026635
0.026635
0.026636
0.026637
0.02664
0.02664
0.02664
0.02664
0.026642
0.026643
0.026646
0.026646
0.026647
0.026647
0.026647
0.026649
0.02665
0.02665
0.02665
0.026652
0.026652
0.026652
0.026654
0.026656
0.026657
0.02666
0.026663
0.026663
0.026665
0.026666
0.026666
0.02667
0.02667
0.02667
0.026673
0.026676
0.026677
0.02668
0.02668
0.02668
0.026683
0.026683
0.026683
0.026686
0.026686
0.026687
0.026687
0.026693
0.026695
0.026695
0.026697
0.0267
0.0267
0.026701
0.026701
0.026702
0.026703
0.026703
0.026703
0.026704
0.026704
0.026704
0.026705
0.026706
0.026707
0.026708
0.026708
0.02671
0.02671
0.02671
0.026711
0.026714
0.026716
0.026717
0.026717
0.026717
0.026718
0.02672
0.02672
0.02672
0.026722
0.026723
0.026723
0.026723
0.026723
0.026723
0.026725
0.026726
0.026726
0.026727
0.026729
0.02673
0.02673
0.02673
0.026732
0.026733
0.026734
0.026734
0.026736
0.026736
0.026736
0.026737
0.026738
0.026742
0.026742
0.026743
0.026743
0.026744
0.026745
0.026746
0.026747
0.026747
0.02675
0.02675
0.026751
0.026751
0.026757
0.026757
0.02676
0.026763
0.026764
0.026765
0.026766
0.026767
0.026767
0.026767
0.026767
0.02677
0.02677
0.026773
0.026775
0.026777
0.02678
0.02678
0.02678
0.026782
0.026783
0.026785
0.026788
0.026789
0.02679
0.02679
0.02679
0.026794
0.026794
0.026794
0.026794
0.026797
0.026797
0.026797
0.026797
0.0268
0.0268
0.0268
0.0268
0.0268
0.0268
0.0268
0.026805
0.026806
0.02681
0.026812
0.026813
0.026813
0.026813
0.026814
0.026817
0.026818
0.026818
0.026822
0.026822
0.026823
0.026823
0.026824
0.026826
0.026827
0.026828
0.026828
0.026828
0.02683
0.02683
0.026831
0.026832
0.026833
0.026833
0.026837
0.02684
0.02684
0.02684
0.026843
0.026843
0.026843
0.026843
0.026845
0.026846
0.026846
0.026846
0.026846
0.026847
0.026847
0.026847
0.026849
0.026852
0.026853
0.026853
0.026853
0.026856
0.026856
0.026857
0.026857
0.026857
0.026858
0.026859
0.02686
0.026862
0.026863
0.026865
0.026867
0.026867
0.026867
0.026867
0.026867
0.026867
0.02687
0.02687
0.026873
0.026873
0.026873
0.026874
0.026876
0.026876
0.026877
0.026877
0.02688
0.02688
0.02688
0.02688
0.02688
0.026883
0.026884
0.026885
0.026886
0.026887
0.026889
0.02689
0.02689
0.02689
0.026892
0.026893
0.026894
0.026894
0.026894
0.026896
0.026897
0.026897
0.026897
0.0269
0.026903
0.026903
0.026904
0.026904
0.026905
0.026906
0.026907
0.026907
0.026907
0.026911
0.026912
0.026913
0.026913
0.026913
0.026914
0.026916
0.026916
0.026918
0.02692
0.02692
0.026922
0.026923
0.026923
0.026923
0.026923
0.026923
0.026926
0.026927
0.026927
0.026927
0.026929
0.02693
0.026932
0.026933
0.026937
0.02694
0.02694
0.026943
0.026945
0.026947
0.026947
0.026948
0.026949
0.02695
0.026952
0.026953
0.026953
0.026953
0.026954
0.026956
0.026957
0.02696
0.02696
0.026963
0.026963
0.026963
0.026965
0.026966
0.026966
0.026966
0.026967
0.02697
0.02697
0.026972
0.026973
0.026973
0.026973
0.026975
0.026976
0.026976
0.026976
0.026977
0.026978
0.026979
0.02698
0.026982
0.026982
0.026982
0.026983
0.026983
0.026984
0.026985
0.026986
0.026987
0.026987
0.026988
0.02699
0.02699
0.02699
0.02699
0.026991
0.026993
0.026994
0.026997
0.026997
0.027
0.027
0.027
0.027
0.027
0.027
0.027003
0.027006
0.027006
0.027007
0.02701
0.02701
0.02701
0.027013
0.027013
0.027014
0.027014
0.027016
0.027017
0.027018
0.027019
0.02702
0.027022
0.027023
0.027025
0.027025
0.027027
0.02703
0.02703
0.027033
0.027033
0.027034
0.027035
0.027035
0.027037
0.027037
0.027037
0.02704
0.02704
0.02704
0.02704
0.027043
0.027043
0.027045
0.027046
0.027049
0.027052
0.027055
0.027057
0.027057
0.027059
0.02706
0.027063
0.027063
0.02707
0.027071
0.027073
0.027074
0.027076
0.027077
0.027077
0.027077
0.027077
0.02708
0.02708
0.02708
0.027083
0.027083
0.027084
0.027086
0.027087
0.027087
0.027089
0.02709
0.02709
0.02709
0.027091
0.027092
0.027093
0.027095
0.027096
0.027096
0.027097
0.027099
0.0271
0.0271
0.027102
0.027105
0.027105
0.027107
0.027108
0.027108
0.02711
0.02711
0.02711
0.027111
0.027113
0.027113
0.027115
0.027117
0.027117
0.027118
0.027118
0.02712
0.02712
0.02712
0.02712
0.027123
0.027123
0.027123
0.027124
0.027126
0.027127
0.02713
0.02713
0.027132
0.027132
0.027133
0.027134
0.027134
0.027135
0.027138
0.027139
0.02714
0.02714
0.027142
0.027143
0.027143
0.027144
0.027144
0.027145
0.027146
0.027147
0.027148
0.02715
0.027151
0.027151
0.027153
0.027153
0.027153
0.027154
0.027154
0.027156
0.027157
0.027157
0.02716
0.02716
0.027162
0.027163
0.027163
0.027163
0.027163
0.027165
0.027165
0.027166
0.027167
0.02717
0.02717
0.02717
0.02717
0.027172
0.027172
0.027173
0.027173
0.027174
0.027174
0.027175
0.027176
0.027177
0.027178
0.027178
0.027179
0.02718
0.02718
0.02718
0.027184
0.027187
0.027188
0.027188
0.02719
0.02719
0.02719
0.027191
0.027193
0.027194
0.027197
0.027197
0.0272
0.0272
0.0272
0.0272
0.027203
0.027203
0.027203
0.027204
0.02721
0.02721
0.02721
0.027213
0.027215
0.027218
0.027218
0.027218
0.02722
0.027223
0.027224
0.027224
0.027224
0.027227
0.027231
0.027231
0.027233
0.027234
0.027235
0.027236
0.027237
0.027237
0.027237
0.027237
0.027237
0.02724
0.02724
0.02724
0.027242
0.027246
0.027247
0.027247
0.02725
0.027253
0.027253
0.027254
0.027255
0.027256
0.027256
0.027256
0.027256
0.027257
0.027257
0.02726
0.02726
0.027265
0.027265
0.027267
0.027267
0.027268
0.027271
0.027273
0.027274
0.027277
0.027277
0.027277
0.027278
0.027278
0.02728
0.027283
0.027284
0.027284
0.027284
0.027284
0.027285
0.027286
0.027286
0.027286
0.02729
0.027293
0.027293
0.027293
0.027297
0.027301
0.027302
0.027303
0.027303
0.027304
0.027304
0.027304
0.027304
0.027305
0.027307
0.027308
0.02731
0.027312
0.027313
0.027314
0.027314
0.027314
0.027314
0.027316
0.027316
0.027316
0.027317
0.027317
0.02732
0.02732
0.02732
0.02732
0.027323
0.027323
0.027324
0.027325
0.027326
0.027327
0.027328
0.027329
0.02733
0.027332
0.027332
0.027334
0.027335
0.027336
0.027339
0.02734
0.02734
0.02734
0.02734
0.02734
0.027343
0.027343
0.027343
0.027344
0.027345
0.027347
0.027347
0.027348
0.027348
0.02735
0.02735
0.027351
0.027353
0.027353
0.027353
0.027354
0.027354
0.027354
0.027356
0.027356
0.027357
0.02736
0.02736
0.02736
0.027362
0.027363
0.027363
0.027363
0.027363
0.027363
0.027365
0.027366
0.027369
0.027369
0.02737
0.02737
0.027372
0.027373
0.027373
0.027373
0.027376
0.027377
0.027377
0.027379
0.027379
0.02738
0.02738
0.027381
0.027383
0.027383
0.027383
0.027387
0.027387
0.02739
0.02739
0.02739
0.02739
0.027391
0.027391
0.027391
0.027394
0.027396
0.027396
0.027397
0.027397
0.0274
0.0274
0.0274
0.0274
0.0274
0.0274
0.027402
0.027403
0.027403
0.027403
0.027406
0.027407
0.027407
0.027409
0.02741
0.027413
0.027413
0.027413
0.027418
0.02742
0.02742
0.027421
0.027422
0.027423
0.027425
0.027426
0.027426
0.027426
0.027427
0.027428
0.02743
0.02743
0.027433
0.027435
0.027437
0.027437
0.02744
0.02744
0.02744
0.027443
0.027443
0.027444
0.027446
0.027446
0.027446
0.027447
0.027447
0.027447
0.027447
0.02745
0.02745
0.027452
0.027453
0.027453
0.027454
0.027455
0.027457
0.027457
0.02746
0.02746
0.027461
0.027462
0.027464
0.027465
0.027466
0.027466
0.027468
0.02747
0.02747
0.02747
0.02747
0.027471
0.027473
0.027474
0.027477
0.027477
0.027478
0.02748
0.02748
0.02748
0.02748
0.027482
0.027483
0.027483
0.027483
0.027484
0.027486
0.027487
0.027487
0.027487
0.027489
0.02749
0.02749
0.027491
0.027492
0.027492
0.027492
0.027493
0.027493
0.027494
0.027495
0.027497
0.027498
0.027499
0.027499
0.0275
0.027501
0.027507
0.027507
0.027507
0.027508
0.02751
0.02751
0.02751
0.02751
0.027511
0.027513
0.027517
0.027517
0.027517
0.027517
0.02752
0.02752
0.02752
0.027523
0.027527
0.02753
0.02753
0.02753
0.027533
0.027533
0.027537
0.027537
0.02754
0.02754
0.02754
0.027543
0.027544
0.027545
0.027547
0.027548
0.02755
0.02755
0.02755
0.027551
0.02756
0.02756
0.027562
0.027563
0.027563
0.027564
0.027564
0.027567
0.027567
0.02757
0.027573
0.027573
0.027573
0.027576
0.027576
0.027577
0.027577
0.027577
0.027577
0.027577
0.02758
0.02758
0.027582
0.027583
0.027584
0.027584
0.027584
0.027585
0.027587
0.027587
0.02759
0.02759
0.02759
0.027591
0.027593
0.027594
0.027594
0.027597
0.027597
0.027597
0.027597
0.027597
0.027597
0.0276
0.0276
0.0276
0.0276
0.0276
0.0276
0.027603
0.027603
0.027604
0.027607
0.027609
0.027609
0.02761
0.02761
0.02761
0.027613
0.027613
0.027615
0.027617
0.027618
0.02762
0.027622
0.027623
0.027623
0.027624
0.027625
0.027625
0.027627
0.027627
0.02763
0.02763
0.02763
0.02763
0.027633
0.027634
0.027635
0.027635
0.027636
0.027636
0.027637
0.027637
0.02764
0.02764
0.027643
0.027643
0.027643
0.027643
0.027644
0.027645
0.027646
0.027647
0.027649
0.02765
0.02765
0.02765
0.027652
0.027653
0.027653
0.027654
0.027654
0.027655
0.027656
0.027656
0.027657
0.02766
0.027663
0.027671
0.027673
0.027674
0.027675
0.027677
0.027677
0.027678
0.027681
0.027683
0.027686
0.027687
0.027687
0.027687
0.027687
0.027687
0.027687
0.027687
0.027689
0.02769
0.027692
0.027692
0.027693
0.027693
0.027694
0.027694
0.027695
0.027697
0.027697
0.027697
0.027697
0.027698
0.027698
0.027703
0.027703
0.027703
0.027704
0.027706
0.027706
0.027707
0.027708
0.027708
0.02771
0.02771
0.02771
0.02771
0.027713
0.027714
0.027714
0.027716
0.027717
0.02772
0.02772
0.027723
0.027724
0.027724
0.027727
0.027729
0.027729
0.02773
0.02773
0.027733
0.027734
0.027734
0.027735
0.027735
0.027736
0.027737
0.027739
0.02774
0.02774
0.027742
0.027744
0.027745
0.027746
0.027747
0.027747
0.027747
0.027747
0.027747
0.027747
0.027748
0.027748
0.027748
0.027753
0.027753
0.027753
0.027754
0.027757
0.027757
0.02776
0.027763
0.027763
0.027764
0.027766
0.027766
0.027767
0.02777
0.02777
0.027773
0.027777
0.027777
0.027777
0.02778
0.02778
0.02778
0.027783
0.027783
0.027784
0.027785
0.027786
0.027787
0.027787
0.027787
0.02779
0.02779
0.02779
0.027791
0.027791
0.027791
0.027791
0.027793
0.027793
0.027794
0.027794
0.027797
0.0278
0.027803
0.027803
0.027806
0.027807
0.027807
0.027809
0.027813
0.027814
0.027815
0.027815
0.027816
0.027817
0.027819
0.02782
0.02782
0.027821
0.027821
0.027821
0.027823
0.027824
0.027824
0.027824
0.027825
0.027827
0.027828
0.027831
0.027833
0.027833
0.027834
0.02784
0.02784
0.02784
0.027843
0.027843
0.027844
0.027844
0.027847
0.027848
0.02785
0.02785
0.02785
0.02785
0.02785
0.027851
0.027852
0.027852
0.027853
0.027855
0.027856
0.027857
0.027857
0.027857
0.027857
0.027858
0.02786
0.027862
0.027862
0.027863
0.027865
0.027866
0.027866
0.027867
0.027867
0.027868
0.02787
0.027871
0.027871
0.027874
0.027874
0.027874
0.027876
0.027876
0.027877
0.027877
0.027877
0.027877
0.02788
0.02788
0.027882
0.027886
0.027886
0.027886
0.027886
0.027887
0.027889
0.02789
0.02789
0.02789
0.027892
0.027892
0.027894
0.027894
0.027895
0.027895
0.027897
0.027898
0.027898
0.027902
0.027904
0.027904
0.027905
0.027906
0.027907
0.02791
0.027917
0.027917
0.027917
0.02792
0.02792
0.027923
0.027924
0.027927
0.027927
0.027933
0.027933
0.027933
0.027933
0.027934
0.027934
0.027935
0.027937
0.027938
0.027938
0.02794
0.027943
0.027944
0.027946
0.027946
0.027946
0.027947
0.027947
0.02795
0.02795
0.027954
0.027954
0.027957
0.02796
0.02796
0.02796
0.027963
0.027963
0.027964
0.027966
0.027966
0.027966
0.027967
0.027967
0.027969
0.027969
0.027969
0.02797
0.027973
0.027973
0.027974
0.027974
0.027976
0.027977
0.027977
0.027977
0.027977
0.027978
0.02798
0.02798
0.02798
0.02798
0.02798
0.027983
0.027983
0.027985
0.027986
0.027986
0.027987
0.027987
0.027988
0.027991
0.027993
0.027994
0.027994
0.027994
0.027994
0.027994
0.027997
0.027997
0.027997
0.027998
0.027998
0.028
0.028
0.028
0.028
0.028
0.028
0.028001
0.028002
0.028003
0.028003
0.028006
0.02801
0.02801
0.028013
0.028013
0.028015
0.028015
0.028016
0.028016
0.028016
0.028017
0.02802
0.028021
0.028023
0.028024
0.028024
0.028028
0.02803
0.028031
0.028033
0.028034
0.028037
0.028037
0.028037
0.02804
0.028043
0.028046
0.028047
0.028048
0.028049
0.028052
0.028055
0.028056
0.028057
0.028057
0.02806
0.028063
0.028063
0.028063
0.028065
0.028065
0.028066
0.028066
0.028066
0.028067
0.028067
0.028067
0.028067
0.028067
0.028068
0.028068
0.02807
0.02807
0.02807
0.028071
0.028073
0.028073
0.028074
0.028075
0.028076
0.028077
0.028077
0.02808
0.02808
0.02808
0.028083
0.028084
0.028086
0.028086
0.028086
0.028086
0.028089
0.028089
0.028089
0.028089
0.02809
0.02809
0.028091
0.028093
0.028096
0.028097
0.028098
0.028098
0.028099
0.0281
0.0281
0.028102
0.028103
0.028106
0.028106
0.028107
0.028107
0.028107
0.028107
0.02811
0.02811
0.02811
0.028111
0.028117
0.028117
0.028117
0.028117
0.028117
0.02812
0.02812
0.028123
0.028123
0.028124
0.028126
0.028126
0.028126
0.028129
0.02813
0.02813
0.028134
0.028137
0.028137
0.028139
0.028139
0.02814
0.028142
0.028143
0.028143
0.028143
0.028144
0.028144
0.028145
0.028145
0.028146
0.028148
0.028148
0.028148
0.028148
0.02815
0.028153
0.028154
0.028154
0.028155
0.028155
0.028157
0.028157
0.028157
0.02816
0.02816
0.02816
0.02816
0.028166
0.028166
0.028167
0.02817
0.028172
0.028172
0.028173
0.028177
0.028177
0.028177
0.028177
0.028178
0.028179
0.02818
0.02818
0.02818
0.028182
0.028182
0.028183
0.028186
0.028187
0.028187
0.028187
0.028188
0.02819
0.028197
0.028197
0.0282
0.028204
0.028204
0.028206
0.028207
0.028207
0.028207
0.028207
0.02821
0.02821
0.028212
0.028213
0.028213
0.028217
0.028217
0.028218
0.028219
0.02822
0.02822
0.028223
0.028224
0.028225
0.028226
0.028227
0.028228
0.02823
0.02823
0.02823
0.028234
0.028243
0.028244
0.028246
0.028247
0.028249
0.02825
0.02825
0.028252
0.028253
0.028254
0.028256
0.028257
0.028257
0.028262
0.028262
0.028264
0.028264
0.028265
0.028265
0.028266
0.028267
0.028267
0.028267
0.02827
0.02827
0.028276
0.028277
0.02828
0.02828
0.028283
0.028286
0.028287
0.028287
0.028287
0.028288
0.028289
0.02829
0.02829
0.02829
0.028292
0.028293
0.028293
0.028297
0.028297
0.028298
0.028298
0.0283
0.0283
0.028301
0.028302
0.028304
0.028304
0.028305
0.028306
0.028307
0.028308
0.028309
0.02831
0.02831
0.02831
0.028316
0.028317
0.028323
0.028326
0.028327
0.028328
0.028329
0.02833
0.02833
0.028337
0.028337
0.028339
0.02834
0.028345
0.028348
0.028348
0.02835
0.028354
0.028354
0.028357
0.028358
0.02836
0.028363
0.028364
0.028366
0.028366
0.028367
0.028367
0.028368
0.028369
0.028369
0.028369
0.02837
0.028371
0.028373
0.028374
0.02838
0.028383
0.028383
0.028383
0.028383
0.028383
0.028384
0.028385
0.028386
0.028387
0.028387
0.028387
0.028388
0.02839
0.02839
0.028391
0.028393
0.028394
0.028394
0.028394
0.028397
0.028397
0.028397
0.0284
0.028403
0.028403
0.028403
0.028403
0.028404
0.028407
0.028407
0.028407
0.028407
0.028407
0.028407
0.02841
0.02841
0.02841
0.028413
0.028413
0.028414
0.028415
0.028416
0.028417
0.028417
0.028417
0.02842
0.028421
0.028422
0.028424
0.028425
0.028425
0.028433
0.028434
0.028434
0.028434
0.028436
0.028436
0.02844
0.02844
0.028446
0.028447
0.02845
0.02845
0.028452
0.028453
0.028456
0.028456
0.028457
0.028459
0.028461
0.028461
0.028462
0.028462
0.028465
0.028465
0.028466
0.028468
0.02847
0.02847
0.02847
0.02847
0.02847
0.028471
0.028474
0.028474
0.028477
0.02848
0.02848
0.028483
0.028483
0.028483
0.028483
0.028483
0.028484
0.028486
0.028486
0.028487
0.028489
0.02849
0.02849
0.028492
0.028492
0.028492
0.028495
0.028495
0.028496
0.028496
0.0285
0.0285
0.028503
0.028503
0.028505
0.028505
0.028505
0.028506
0.028507
0.028507
0.028507
0.02851
0.02851
0.02851
0.028512
0.028517
0.02852
0.02852
0.028524
0.028526
0.02853
0.028533
0.028533
0.028535
0.028535
0.028542
0.028543
0.028544
0.028545
0.028545
0.028547
0.028547
0.02855
0.02855
0.028551
0.028553
0.028553
0.028553
0.028554
0.028554
0.028556
0.028556
0.028557
0.028557
0.028557
0.02856
0.02856
0.02856
0.02856
0.02856
0.028564
0.028565
0.028566
0.028567
0.02857
0.02857
0.02857
0.02857
0.02857
0.02857
0.028574
0.028574
0.028574
0.028575
0.028575
0.028576
0.028577
0.028578
0.02858
0.02858
0.028583
0.028583
0.028583
0.028585
0.028587
0.02859
0.02859
0.02859
0.028593
0.028594
0.028595
0.028596
0.0286
0.0286
0.028603
0.028604
0.028606
0.028606
0.028606
0.028608
0.02861
0.02861
0.028613
0.028614
0.028616
0.028617
0.028617
0.02862
0.02862
0.028621
0.028621
0.028622
0.028622
0.028625
0.028626
0.028626
0.028627
0.028627
0.028628
0.028631
0.028633
0.028633
0.028634
0.028637
0.028637
0.028638
0.02864
0.02864
0.028643
0.028643
0.028645
0.028646
0.028646
0.028647
0.028649
0.028649
0.02865
0.02865
0.028652
0.028653
0.028653
0.028655
0.028656
0.028658
0.028658
0.02866
0.02866
0.028663
0.028665
0.028666
0.028667
0.028668
0.02867
0.02867
0.028671
0.028673
0.028673
0.028674
0.02868
0.02868
0.02868
0.028682
0.028683
0.028683
0.028683
0.028683
0.028685
0.028686
0.028688
0.028689
0.028689
0.02869
0.02869
0.028694
0.028696
0.028697
0.028697
0.028703
0.028703
0.028704
0.028704
0.028705
0.028706
0.028713
0.028714
0.028714
0.028716
0.028717
0.028718
0.02872
0.02872
0.02872
0.028723
0.028723
0.028726
0.028726
0.028727
0.028727
0.02873
0.028734
0.028736
0.028739
0.02874
0.028741
0.028743
0.028747
0.028748
0.02875
0.02875
0.028753
0.028753
0.028753
0.028753
0.028753
0.028754
0.028754
0.028755
0.028756
0.028757
0.028757
0.028763
0.028763
0.028764
0.028765
0.028766
0.028766
0.028769
0.02877
0.02877
0.02877
0.028773
0.028773
0.028773
0.028775
0.028775
0.028776
0.028776
0.028777
0.028778
0.02878
0.028782
0.028783
0.028787
0.028787
0.02879
0.028793
0.028794
0.028796
0.028796
0.028797
0.0288
0.0288
0.0288
0.028804
0.028807
0.028807
0.028814
0.028816
0.028817
0.028817
0.028817
0.02882
0.02882
0.028821
0.028822
0.028822
0.028823
0.028823
0.028823
0.028824
0.028824
0.028824
0.028825
0.028826
0.028827
0.028828
0.02883
0.02883
0.028834
0.028837
0.02884
0.02884
0.02884
0.028844
0.028844
0.028844
0.028846
0.028846
0.028846
0.028849
0.02885
0.02885
0.028853
0.028853
0.028854
0.028856
0.028857
0.028857
0.028857
0.028859
0.02886
0.02886
0.028863
0.028865
0.028867
0.028867
0.028867
0.028867
0.02887
0.02887
0.028871
0.028873
0.028873
0.028874
0.028877
0.028877
0.028877
0.028877
0.02888
0.02888
0.028883
0.028883
0.028886
0.02889
0.02889
0.02889
0.02889
0.028893
0.028893
0.028893
0.028903
0.028903
0.028905
0.028907
0.028908
0.028908
0.028908
0.028913
0.028914
0.028914
0.028914
0.028914
0.028916
0.02892
0.02892
0.02892
0.028926
0.028926
0.028926
0.028927
0.028928
0.028929
0.02893
0.02893
0.02893
0.02893
0.02893
0.02893
0.02893
0.02893
0.028931
0.028936
0.028936
0.028937
0.028937
0.028939
0.028939
0.028939
0.02894
0.02894
0.02894
0.02894
0.028942
0.028944
0.028946
0.028948
0.028949
0.02895
0.028951
0.028952
0.028954
0.028956
0.028957
0.028957
0.028961
0.028963
0.028965
0.028972
0.028972
0.028976
0.028977
0.028977
0.028977
0.02898
0.02898
0.028982
0.028983
0.028983
0.028987
0.028987
0.02899
0.028991
0.028991
0.028994
0.028994
0.028995
0.028998
0.029
0.029
0.029
0.029
0.029003
0.029003
0.029003
0.029007
0.029007
0.02901
0.02901
0.029013
0.029014
0.029019
0.029023
0.029025
0.029027
0.029027
0.029027
0.029027
0.029034
0.029034
0.02904
0.02904
0.02904
0.02904
0.02904
0.02904
0.029043
0.029043
0.029044
0.029045
0.029047
0.029047
0.029052
0.029053
0.029053
0.029054
0.029056
0.029056
0.029059
0.029059
0.02906
0.029062
0.029065
0.029066
0.029068
0.02907
0.02907
0.02907
0.02907
0.029073
0.029074
0.029075
0.029077
0.029078
0.02908
0.029084
0.029089
0.029092
0.029095
0.029096
0.029097
0.029097
0.029097
0.0291
0.029101
0.029101
0.029101
0.029105
0.029106
0.029107
0.02911
0.02911
0.02911
0.029112
0.029113
0.029116
0.029117
0.02912
0.02912
0.02912
0.029123
0.029123
0.029124
0.029127
0.029128
0.029129
0.029132
0.029134
0.02914
0.02914
0.029141
0.029143
0.029145
0.029147
0.029148
0.02915
0.029151
0.029153
0.029153
0.029153
0.029153
0.029154
0.029157
0.029157
0.029157
0.02916
0.02916
0.029163
0.029167
0.029174
0.02918
0.02918
0.02918
0.02918
0.029183
0.029187
0.02919
0.02919
0.02919
0.029193
0.029194
0.029196
0.029196
0.029203
0.029203
0.029203
0.029203
0.029203
0.029203
0.02921
0.02921
0.029211
0.029212
0.029214
0.029217
0.02922
0.02922
0.029222
0.029227
0.029228
0.02923
0.02923
0.029233
0.029233
0.029234
0.029237
0.029237
0.029237
0.02924
0.02924
0.029243
0.029247
0.02925
0.029251
0.029252
0.029252
0.029252
0.029254
0.029254
0.029254
0.029255
0.02926
0.029263
0.029264
0.029267
0.029268
0.02927
0.02927
0.02927
0.029273
0.029274
0.029275
0.029277
0.02928
0.029283
0.029286
0.029287
0.02929
0.029293
0.029293
0.029297
0.0293
0.0293
0.029304
0.029305
0.029307
0.02931
0.029311
0.029311
0.029312
0.029314
0.029314
0.029316
0.029317
0.029317
0.02932
0.02932
0.029323
0.029324
0.029324
0.029327
0.029327
0.02933
0.02933
0.02933
0.029332
0.029333
0.029334
0.029337
0.02934
0.02934
0.029341
0.029342
0.029343
0.029343
0.029345
0.029346
0.029346
0.029347
0.029347
0.029348
0.02935
0.02935
0.029353
0.029353
0.029354
0.029357
0.02936
0.029363
0.029363
0.029363
0.029364
0.029366
0.029367
0.029367
0.029367
0.02937
0.029373
0.029376
0.029377
0.02938
0.02938
0.029384
0.029387
0.029387
0.029387
0.029387
0.029388
0.02939
0.029391
0.029393
0.029393
0.029393
0.029394
0.029397
0.0294
0.0294
0.0294
0.0294
0.0294
0.029403
0.029403
0.029405
0.029406
0.029408
0.029409
0.029413
0.029414
0.029416
0.029418
0.02942
0.02942
0.029423
0.029426
0.029427
0.029427
0.029427
0.029427
0.029429
0.02943
0.029433
0.029437
0.02944
0.02944
0.02944
0.029443
0.029444
0.029445
0.029445
0.029447
0.029447
0.029447
0.029449
0.029449
0.02945
0.029452
0.029452
0.029457
0.029457
0.029457
0.029458
0.02946
0.029464
0.029464
0.029464
0.029466
0.029467
0.029467
0.029468
0.029474
0.029474
0.029474
0.029476
0.029476
0.029476
0.029477
0.02948
0.02948
0.029482
0.029482
0.029483
0.029488
0.02949
0.029496
0.029496
0.029497
0.029497
0.0295
0.029501
0.029501
0.029503
0.029504
0.029504
0.029507
0.029507
0.029508
0.02951
0.029513
0.029515
0.029517
0.02952
0.02952
0.02952
0.029521
0.029523
0.029523
0.029523
0.029523
0.029523
0.029523
0.029528
0.029529
0.029529
0.029534
0.029534
0.029536
0.029537
0.029541
0.029544
0.029545
0.029545
0.029545
0.029546
0.029546
0.029546
0.02955
0.029553
0.029554
0.029557
0.02956
0.02956
0.029564
0.029565
0.029567
0.02957
0.029576
0.029577
0.029578
0.02958
0.02958
0.029589
0.029591
0.029597
0.029597
0.0296
0.0296
0.0296
0.029603
0.029609
0.029609
0.02961
0.029612
0.029612
0.029612
0.029613
0.029615
0.029618
0.029623
0.029627
0.029627
0.029628
0.029628
0.029628
0.02963
0.02963
0.02963
0.029636
0.029637
0.029637
0.029637
0.029638
0.029641
0.029643
0.029643
0.029644
0.029646
0.029647
0.029649
0.029652
0.029652
0.029652
0.029654
0.029655
0.029657
0.029657
0.029657
0.029658
0.029659
0.029659
0.02966
0.029662
0.029662
0.029664
0.029665
0.029665
0.029667
0.02967
0.02967
0.029674
0.029677
0.029677
0.02968
0.029683
0.029683
0.029686
0.029687
0.02969
0.02969
0.02969
0.029695
0.029696
0.029697
0.029697
0.0297
0.0297
0.029704
0.029705
0.029708
0.029711
0.029711
0.029713
0.029714
0.029714
0.02972
0.02972
0.02972
0.029723
0.029723
0.029723
0.029724
0.029727
0.029727
0.029727
0.029727
0.029729
0.02973
0.029731
0.029733
0.029739
0.029739
0.02974
0.02974
0.02974
0.029744
0.029745
0.029745
0.029747
0.029747
0.029748
0.029748
0.02975
0.029751
0.029751
0.029754
0.029757
0.029757
0.02976
0.02976
0.02976
0.029763
0.029766
0.029766
0.029766
0.029773
0.029773
0.029773
0.029775
0.029775
0.02978
0.02978
0.02978
0.029783
0.029783
0.029784
0.029786
0.029786
0.029787
0.02979
0.02979
0.02979
0.029791
0.029791
0.029793
0.029793
0.029793
0.029793
0.029797
0.029797
0.0298
0.029803
0.029807
0.029807
0.029808
0.02981
0.029817
0.02982
0.029822
0.029822
0.029824
0.029825
0.029825
0.029826
0.029827
0.02983
0.029833
0.029834
0.029837
0.029843
0.029843
0.029843
0.029844
0.029846
0.029847
0.029847
0.029847
0.02985
0.029852
0.029853
0.029856
0.029856
0.029857
0.029864
0.029865
0.029866
0.029866
0.029867
0.029868
0.02987
0.02987
0.02987
0.029871
0.029873
0.029873
0.029874
0.029874
0.029877
0.02988
0.02988
0.02988
0.02988
0.02988
0.02988
0.029883
0.029883
0.02989
0.02989
0.029892
0.029893
0.029894
0.029895
0.029907
0.029912
0.029913
0.029914
0.02992
0.02992
0.02992
0.029923
0.029923
0.029926
0.029927
0.029927
0.029927
0.02993
0.029932
0.029933
0.02994
0.02994
0.02995
0.029953
0.029954
0.029955
0.029956
0.029957
0.029957
0.02996
0.02996
0.029963
0.029964
0.029964
0.029967
0.02997
0.02997
0.02997
0.029972
0.029974
0.029975
0.029976
0.029976
0.029976
0.029977
0.029978
0.02998
0.029981
0.029985
0.029987
0.02999
0.02999
0.029993
0.029994
0.029996
0.029997
0.03
0.03
0.03
0.030003
0.030004
0.030004
0.030007
0.03001
0.03001
0.030013
0.030017
0.03002
0.030021
0.030021
0.030022
0.030026
0.030028
0.030034
0.030037
0.03004
0.03004
0.030041
0.030043
0.030043
0.030044
0.030046
0.030047
0.030052
0.030054
0.030055
0.030055
0.030056
0.030056
0.030057
0.030063
0.030064
0.030065
0.030067
0.030067
0.030073
0.030077
0.030077
0.030077
0.03008
0.03008
0.03008
0.03008
0.03008
0.030083
0.030085
0.03009
0.030093
0.030095
0.030096
0.030097
0.030097
0.030097
0.030101
0.030101
0.030105
0.030107
0.030107
0.030113
0.030113
0.030114
0.030116
0.030116
0.030117
0.030118
0.03012
0.03012
0.030123
0.030123
0.030126
0.030127
0.030127
0.03013
0.030135
0.030135
0.030135
0.030136
0.030138
0.030141
0.030142
0.030143
0.030144
0.030147
0.030147
0.03015
0.030151
0.030153
0.030153
0.030153
0.030153
0.030154
0.030154
0.030155
0.030157
0.030157
0.03016
0.03016
0.030173
0.030174
0.030174
0.030176
0.030176
0.030177
0.030179
0.03018
0.030181
0.030184
0.030185
0.030185
0.030186
0.03019
0.03019
0.030191
0.030193
0.030194
0.030194
0.030197
0.030197
0.030198
0.0302
0.030204
0.030206
0.030207
0.030209
0.030213
0.030214
0.030217
0.030219
0.030223
0.030224
0.030224
0.030224
0.03023
0.03023
0.03023
0.030231
0.030233
0.030237
0.03024
0.03024
0.03024
0.030247
0.030247
0.030249
0.030253
0.030253
0.030253
0.030254
0.030255
0.030258
0.030261
0.030261
0.030264
0.030264
0.030265
0.030273
0.030273
0.030274
0.030274
0.030277
0.03028
0.03028
0.030283
0.03029
0.030292
0.030293
0.030293
0.030294
0.0303
0.030301
0.030311
0.030313
0.030314
0.030314
0.030317
0.03032
0.03032
0.030321
0.030323
0.030324
0.030326
0.030326
0.030327
0.03033
0.030334
0.030335
0.030335
0.030336
0.030337
0.030347
0.030347
0.030347
0.030347
0.030348
0.030349
0.03035
0.03035
0.030353
0.030356
0.030357
0.030366
0.030366
0.030367
0.030369
0.030376
0.030383
0.030384
0.030384
0.030385
0.030387
0.030387
0.03039
0.030391
0.030393
0.030393
0.030396
0.030397
0.030397
0.030397
0.030403
0.030406
0.030406
0.030407
0.030407
0.030407
0.030407
0.030418
0.030427
0.030427
0.030428
0.03043
0.030431
0.030431
0.030433
0.030434
0.030437
0.030437
0.030443
0.030446
0.03045
0.03045
0.030453
0.030453
0.030454
0.030454
0.030456
0.030457
0.03046
0.030461
0.030462
0.030464
0.030465
0.030467
0.03047
0.030473
0.030474
0.030474
0.030477
0.03048
0.030483
0.030483
0.030483
0.030487
0.030487
0.030489
0.03049
0.030493
0.030493
0.030493
0.030498
0.030499
0.030503
0.030503
0.03051
0.03051
0.030511
0.030513
0.03052
0.030523
0.030523
0.030524
0.030526
0.030526
0.030526
0.030527
0.030532
0.030532
0.030534
0.030537
0.030537
0.030539
0.03054
0.030541
0.030543
0.030543
0.030547
0.030556
0.030556
0.030557
0.030557
0.030557
0.030558
0.03056
0.030567
0.030567
0.030572
0.030573
0.030576
0.030577
0.030577
0.030583
0.030584
0.030587
0.030591
0.030594
0.030597
0.030597
0.030597
0.0306
0.0306
0.0306
0.0306
0.030604
0.030606
0.03061
0.030612
0.030614
0.030617
0.030617
0.03062
0.03062
0.03062
0.03062
0.030622
0.03063
0.030633
0.030633
0.030636
0.030637
0.03064
0.03064
0.03064
0.030643
0.030646
0.030646
0.030647
0.030653
0.030656
0.030657
0.030657
0.030657
0.03066
0.03066
0.030663
0.030667
0.030669
0.030671
0.030677
0.030677
0.03068
0.03068
0.03068
0.03068
0.030694
0.030694
0.030696
0.030702
0.030706
0.030707
0.030711
0.030713
0.030717
0.03072
0.03072
0.030723
0.030723
0.030723
0.030723
0.030726
0.030726
0.030727
0.03073
0.030733
0.030734
0.030734
0.030737
0.030737
0.030737
0.03074
0.030743
0.030743
0.030744
0.030747
0.030748
0.030751
0.03076
0.030764
0.030769
0.03077
0.030771
0.030775
0.030776
0.030777
0.030777
0.030781
0.030783
0.030786
0.030787
0.03079
0.030793
0.030793
0.030793
0.030797
0.030797
0.0308
0.0308
0.0308
0.0308
0.030803
0.030803
0.030804
0.030807
0.030815
0.030819
0.030822
0.030823
0.030824
0.030825
0.03083
0.03083
0.030833
0.030834
0.03084
0.030844
0.030847
0.03085
0.030853
0.030854
0.030856
0.030863
0.030867
0.030868
0.03087
0.03087
0.03087
0.03087
0.030871
0.030874
0.030877
0.030877
0.03088
0.03088
0.03088
0.030883
0.030884
0.030887
0.03089
0.030893
0.030893
0.030894
0.030902
0.030903
0.030903
0.030903
0.030903
0.030904
0.030907
0.030907
0.03091
0.03091
0.030914
0.030914
0.030917
0.030923
0.030926
0.030929
0.03094
0.030943
0.030947
0.030947
0.03095
0.030954
0.030954
0.030956
0.03096
0.03096
0.03096
0.030963
0.030963
0.030963
0.030963
0.030963
0.030963
0.030969
0.030969
0.030973
0.030977
0.03098
0.03098
0.030985
0.030986
0.03099
0.030991
0.030993
0.030994
0.030994
0.030994
0.031
0.031
0.031007
0.031007
0.031009
0.03101
0.031013
0.031013
0.03102
0.031021
0.031026
0.031027
0.031029
0.03103
0.03103
0.031037
0.03104
0.03104
0.03104
0.031043
0.031043
0.031043
0.031046
0.03105
0.031051
0.031053
0.031059
0.031063
0.031064
0.031067
0.031067
0.031071
0.031073
0.031074
0.031074
0.031077
0.03108
0.03108
0.031083
0.031083
0.031086
0.03109
0.03109
0.031093
0.031093
0.031096
0.031097
0.0311
0.031102
0.031103
0.031104
0.031104
0.031111
0.031111
0.031117
0.03112
0.031126
0.031129
0.03113
0.031131
0.031135
0.031136
0.031143
0.03115
0.031153
0.031154
0.03116
0.03116
0.03116
0.031162
0.031163
0.031163
0.031163
0.031169
0.03117
0.03117
0.031174
0.031177
0.031177
0.03118
0.03118
0.031183
0.031183
0.031184
0.031185
0.03119
0.031195
0.031197
0.031197
0.031203
0.031204
0.031207
0.03121
0.03121
0.031213
0.031213
0.031213
0.031217
0.03122
0.03122
0.031222
0.031224
0.031224
0.031226
0.031227
0.031227
0.031227
0.031227
0.031228
0.031229
0.031232
0.031234
0.031234
0.031234
0.031235
0.03124
0.03124
0.03124
0.031246
0.031249
0.03125
0.031254
0.031257
0.03126
0.03126
0.03126
0.031266
0.031267
0.031268
0.031276
0.03128
0.03128
0.03128
0.031283
0.031291
0.031295
0.031297
0.031297
0.031298
0.0313
0.0313
0.031303
0.031305
0.031308
0.03131
0.031317
0.03132
0.031329
0.03133
0.031332
0.031333
0.031337
0.031337
0.03134
0.031343
0.031346
0.031353
0.031353
0.031353
0.031355
0.031357
0.031363
0.031363
0.031363
0.031364
0.031366
0.031366
0.031373
0.031377
0.031379
0.03138
0.031383
0.031386
0.031387
0.031389
0.03139
0.03139
0.031394
0.031394
0.031396
0.0314
0.0314
0.031404
0.031407
0.03141
0.031413
0.031415
0.031416
0.031417
0.031417
0.031423
0.031423
0.031423
0.031425
0.03143
0.031434
0.031437
0.031437
0.03144
0.031443
0.031443
0.03145
0.03145
0.031453
0.031457
0.031457
0.03146
0.031464
0.031464
0.031464
0.031467
0.031471
0.031474
0.031476
0.031477
0.03148
0.031483
0.031486
0.031493
0.031494
0.031495
0.031495
0.031503
0.031514
0.031517
0.03152
0.03152
0.031526
0.031526
0.031529
0.03153
0.03153
0.031531
0.031534
0.03154
0.031542
0.031544
0.031547
0.031548
0.03155
0.03155
0.031554
0.031554
0.031558
0.03156
0.03156
0.03156
0.03156
0.031563
0.031567
0.031574
0.031575
0.031577
0.03158
0.03158
0.031581
0.031583
0.031585
0.031587
0.031588
0.03159
0.03159
0.031596
0.031597
0.031597
0.0316
0.0316
0.031607
0.031613
0.031617
0.031627
0.031627
0.03163
0.031633
0.031633
0.031633
0.03164
0.03164
0.031643
0.031643
0.031644
0.031649
0.03165
0.03165
0.031653
0.031655
0.03166
0.031664
0.03167
0.03167
0.031677
0.031677
0.03168
0.031683
0.031683
0.031687
0.031688
0.03169
0.031693
0.031697
0.031702
0.031703
0.031706
0.031707
0.031707
0.03171
0.03171
0.031711
0.031713
0.031717
0.03172
0.03172
0.031723
0.031726
0.031727
0.03173
0.031733
0.03174
0.031745
0.031747
0.03175
0.031751
0.031757
0.03176
0.03176
0.03176
0.031763
0.031763
0.031767
0.031769
0.03177
0.031776
0.031776
0.031785
0.031786
0.031789
0.031794
0.031796
0.0318
0.031807
0.031807
0.03181
0.031813
0.031813
0.031817
0.03182
0.03182
0.031823
0.03183
0.031831
0.031831
0.03184
0.031846
0.031846
0.031847
0.03185
0.031853
0.031853
0.031853
0.031855
0.031857
0.031859
0.031859
0.03186
0.031867
0.031867
0.031868
0.031868
0.03187
0.031873
0.031875
0.031877
0.03188
0.031887
0.03189
0.031893
0.031902
0.031902
0.031903
0.031905
0.03191
0.03191
0.03191
0.031911
0.031913
0.031913
0.031913
0.031916
0.031917
0.031918
0.03192
0.031923
0.031924
0.031929
0.031933
0.031944
0.031946
0.031947
0.031953
0.031954
0.031964
0.031965
0.031975
0.031976
0.031976
0.03198
0.03198
0.031984
0.031987
0.031994
0.031996
0.031997
0.031997
0.032
0.032
0.032003
0.032003
0.032003
0.032004
0.032004
0.032004
0.032006
0.032007
0.032007
0.03201
0.03201
0.032013
0.032017
0.03202
0.032026
0.032026
0.032027
0.032027
0.032028
0.032033
0.032034
0.032037
0.03204
0.03204
0.032042
0.03205
0.032057
0.032058
0.032067
0.032067
0.032068
0.032076
0.03208
0.032083
0.032086
0.032094
0.032097
0.032098
0.032103
0.032105
0.032107
0.032107
0.032108
0.03211
0.032113
0.032113
0.032117
0.032126
0.032127
0.032135
0.032135
0.032141
0.032143
0.032144
0.032147
0.032147
0.032148
0.03215
0.032151
0.032152
0.032154
0.03216
0.03216
0.032163
0.032164
0.032164
0.032167
0.032173
0.032177
0.032177
0.032179
0.032181
0.032182
0.032183
0.032184
0.032187
0.032188
0.03219
0.032194
0.032195
0.032196
0.0322
0.032204
0.032204
0.032206
0.032209
0.032209
0.03221
0.032213
0.032227
0.03223
0.032233
0.032234
0.032234
0.032237
0.032237
0.03224
0.03224
0.032243
0.032244
0.032245
0.032247
0.032247
0.032253
0.03226
0.03226
0.03226
0.032264
0.032267
0.032268
0.032274
0.032276
0.03228
0.032282
0.032284
0.032289
0.032292
0.032292
0.032293
0.0323
0.0323
0.0323
0.032303
0.032304
0.032304
0.032304
0.032307
0.032313
0.032313
0.032314
0.03232
0.03232
0.032329
0.03233
0.032333
0.032333
0.032343
0.032344
0.032347
0.032347
0.03235
0.032357
0.032363
0.032366
0.032367
0.032369
0.03237
0.032372
0.032373
0.032374
0.032377
0.032383
0.032384
0.03239
0.032394
0.032397
0.032407
0.03241
0.032411
0.032417
0.032417
0.032417
0.032427
0.032428
0.032433
0.032433
0.032434
0.032434
0.03244
0.032447
0.03245
0.03245
0.032451
0.03246
0.03246
0.03246
0.032465
0.03247
0.03247
0.03247
0.032473
0.032483
0.032483
0.032489
0.032499
0.03251
0.032511
0.032511
0.032511
0.032518
0.03252
0.03254
0.03254
0.032543
0.032545
0.032547
0.03255
0.032551
0.032551
0.032553
0.032556
0.032557
0.03256
0.032567
0.032567
0.032573
0.032577
0.032578
0.03258
0.032593
0.032594
0.032617
0.03262
0.03262
0.032622
0.032623
0.032625
0.032625
0.032626
0.032627
0.03263
0.03263
0.032633
0.03264
0.03264
0.03264
0.032643
0.032645
0.032663
0.032664
0.03267
0.032677
0.032678
0.032686
0.032686
0.032687
0.03269
0.032692
0.032694
0.032698
0.0327
0.0327
0.032703
0.032713
0.032726
0.032727
0.03273
0.032733
0.032734
0.032736
0.032746
0.032747
0.032747
0.032747
0.032753
0.032753
0.032757
0.032764
0.032767
0.03277
0.03278
0.03278
0.03278
0.032784
0.032791
0.032791
0.032797
0.032798
0.032799
0.032803
0.032803
0.032809
0.032816
0.032819
0.03282
0.03283
0.03283
0.03283
0.032837
0.03284
0.032843
0.032843
0.032844
0.032844
0.032846
0.032849
0.03285
0.03285
0.03285
0.03285
0.032852
0.032854
0.032856
0.03286
0.03286
0.03286
0.032867
0.032871
0.032874
0.032877
0.032883
0.032887
0.032887
0.032889
0.032889
0.032893
0.032897
0.032903
0.032907
0.03291
0.032917
0.032917
0.03292
0.032923
0.03293
0.032937
0.03294
0.032947
0.032947
0.03295
0.03295
0.032954
0.032956
0.03296
0.032963
0.032963
0.032967
0.03297
0.03297
0.032973
0.032977
0.032984
0.032987
0.03299
0.032995
0.033006
0.033007
0.03301
0.03301
0.033014
0.033017
0.033017
0.03302
0.033036
0.033037
0.03304
0.03304
0.03304
0.033047
0.03305
0.03305
0.03306
0.033063
0.033063
0.033064
0.033065
0.033069
0.033071
0.033071
0.033077
0.033077
0.03308
0.033084
0.033087
0.033087
0.03309
0.033091
0.033096
0.033096
0.0331
0.033111
0.033113
0.033125
0.033129
0.033135
0.033138
0.033144
0.033147
0.03315
0.03315
0.03316
0.03316
0.033165
0.033166
0.033167
0.033168
0.03317
0.033173
0.033174
0.033177
0.033177
0.033188
0.033191
0.033193
0.0332
0.033207
0.033209
0.03321
0.033211
0.033213
0.033213
0.033217
0.033217
0.03322
0.03322
0.03322
0.033224
0.03323
0.033234
0.033243
0.033245
0.033247
0.033247
0.033249
0.033249
0.03325
0.033252
0.033253
0.033261
0.03327
0.03327
0.033275
0.033276
0.033278
0.03328
0.03328
0.033292
0.03331
0.03331
0.03331
0.033317
0.033317
0.03332
0.03332
0.03332
0.033325
0.03333
0.033333
0.033335
0.03334
0.033347
0.033364
0.033364
0.033373
0.03338
0.03338
0.03338
0.033383
0.033397
0.033422
0.033423
0.033433
0.03344
0.03344
0.033449
0.033457
0.03346
0.033463
0.033465
0.033466
0.033467
0.033468
0.03347
0.03347
0.03348
0.033486
0.033486
0.033495
0.033495
0.033498
0.033503
0.03351
0.033514
0.03352
0.033524
0.033533
0.033534
0.033538
0.033544
0.033547
0.033548
0.033565
0.03357
0.033574
0.033577
0.033577
0.033587
0.033589
0.033594
0.0336
0.0336
0.033606
0.033618
0.033623
0.033625
0.033626
0.03363
0.033631
0.033633
0.033633
0.033637
0.033643
0.033644
0.033644
0.033652
0.033658
0.033665
0.033667
0.033667
0.033677
0.033677
0.033683
0.033684
0.033686
0.03369
0.03369
0.033693
0.033694
0.033697
0.033704
0.033704
0.033707
0.033712
0.033713
0.033716
0.033716
0.033724
0.033737
0.033738
0.03375
0.033757
0.033757
0.033757
0.03377
0.033774
0.033778
0.033783
0.033784
0.033786
0.03379
0.033803
0.033804
0.033807
0.033814
0.033817
0.033817
0.033826
0.03384
0.03384
0.033844
0.033844
0.033845
0.03385
0.03385
0.033852
0.03386
0.033861
0.033863
0.033864
0.033865
0.033866
0.033874
0.033874
0.033875
0.03388
0.033883
0.033883
0.033887
0.033887
0.033888
0.033889
0.033892
0.033893
0.033895
0.0339
0.033907
0.033907
0.03391
0.03391
0.033913
0.033929
0.033933
0.033936
0.033943
0.033944
0.033948
0.033953
0.033957
0.03396
0.033963
0.033963
0.033969
0.033977
0.03398
0.033983
0.033992
0.033993
0.033994
0.033997
0.034009
0.03401
0.03401
0.034012
0.03402
0.034028
0.034034
0.034044
0.034044
0.034052
0.034052
0.03406
0.034064
0.034071
0.034071
0.034077
0.034082
0.034086
0.034096
0.034097
0.034107
0.034108
0.034111
0.034114
0.034126
0.034126
0.034127
0.03414
0.034143
0.034156
0.034158
0.03416
0.034163
0.034163
0.034165
0.034183
0.034203
0.034203
0.034204
0.034207
0.034209
0.03421
0.03421
0.034214
0.03422
0.03424
0.03425
0.03425
0.03425
0.034252
0.034252
0.034257
0.034271
0.034275
0.03428
0.03428
0.034293
0.0343
0.034303
0.034308
0.034317
0.03432
0.034323
0.034324
0.034337
0.034337
0.034341
0.034344
0.034348
0.034358
0.03437
0.03437
0.034373
0.034377
0.034377
0.034384
0.034386
0.034387
0.0344
0.0344
0.034403
0.034407
0.034407
0.03441
0.034419
0.03444
0.034453
0.03446
0.034467
0.034468
0.034472
0.03448
0.034483
0.03449
0.03449
0.03449
0.034491
0.034497
0.034503
0.034504
0.034514
0.03452
0.034526
0.034531
0.034563
0.03457
0.034571
0.034579
0.034579
0.03458
0.034588
0.034591
0.034593
0.034593
0.034594
0.034596
0.034597
0.0346
0.034607
0.034633
0.034636
0.034637
0.034637
0.034637
0.034667
0.03467
0.034675
0.034686
0.03469
0.034697
0.0347
0.034702
0.034703
0.034704
0.034707
0.034717
0.034717
0.03472
0.03472
0.034727
0.034728
0.03473
0.03473
0.034736
0.034738
0.034743
0.034747
0.034757
0.034773
0.034774
0.03478
0.03478
0.034793
0.034793
0.034797
0.034797
0.034813
0.034817
0.034818
0.03482
0.034824
0.034826
0.034827
0.034833
0.034844
0.034871
0.034876
0.034877
0.034883
0.034886
0.034892
0.034899
0.034908
0.03491
0.03491
0.03492
0.03492
0.03492
0.03493
0.034933
0.03495
0.03496
0.034978
0.03498
0.034983
0.03499
0.034994
0.034997
0.035
0.035
0.035007
0.035015
0.035026
0.035034
0.03504
0.035047
0.03505
0.035053
0.035056
0.03506
0.03506
0.035061
0.035067
0.035077
0.035083
0.035087
0.035097
0.035097
0.035102
0.035111
0.035114
0.035127
0.03513
0.035137
0.035154
0.035157
0.03516
0.035164
0.035167
0.035167
0.035168
0.035174
0.035176
0.03519
0.03519
0.035193
0.035194
0.035204
0.035216
0.035217
0.035223
0.03523
0.03524
0.03524
0.035245
0.035246
0.035247
0.035247
0.035257
0.035261
0.035265
0.035268
0.03528
0.035286
0.035287
0.035289
0.03529
0.035295
0.035296
0.035301
0.035313
0.035313
0.035313
0.035317
0.035317
0.035325
0.03533
0.035333
0.035342
0.03536
0.035361
0.035363
0.035369
0.035372
0.035373
0.035378
0.03538
0.035393
0.035403
0.035403
0.035417
0.03542
0.035423
0.035424
0.03543
0.035437
0.035443
0.035444
0.035447
0.035449
0.03545
0.035476
0.03548
0.03548
0.035488
0.03549
0.035503
0.035526
0.035533
0.035536
0.035537
0.03555
0.035553
0.03556
0.03556
0.035563
0.035576
0.03558
0.03558
0.03559
0.035596
0.035609
0.03561
0.03561
0.035628
0.03563
0.035634
0.035637
0.035637
0.035637
0.035638
0.035644
0.035649
0.035653
0.035661
0.035663
0.035666
0.035673
0.035678
0.035686
0.035686
0.035688
0.035705
0.035707
0.035708
0.03571
0.03571
0.03572
0.035728
0.03574
0.035746
0.035747
0.035764
0.03577
0.035782
0.035783
0.035784
0.035806
0.035816
0.035821
0.035821
0.035827
0.03583
0.035832
0.035857
0.035861
0.035863
0.03587
0.03587
0.035877
0.035905
0.035906
0.035907
0.03591
0.035917
0.035917
0.03592
0.03594
0.035942
0.035945
0.035964
0.035965
0.03598
0.035986
0.03599
0.035994
0.036003
0.036005
0.03601
0.036012
0.036012
0.036016
0.036017
0.036027
0.03603
0.03603
0.03603
0.036033
0.03605
0.036067
0.036068
0.03608
0.036083
0.036102
0.036106
0.036113
0.036114
0.036147
0.036148
0.036153
0.036167
0.03617
0.036173
0.036177
0.03618
0.036183
0.036187
0.03619
0.036193
0.036194
0.036226
0.03623
0.036237
0.03624
0.03624
0.036255
0.03627
0.036271
0.036274
0.036277
0.03628
0.036286
0.036296
0.036296
0.0363
0.036304
0.036307
0.03631
0.036314
0.03632
0.03632
0.036327
0.036333
0.036338
0.036353
0.03637
0.03637
0.03637
0.036373
0.03638
0.03638
0.036383
0.036388
0.036397
0.0364
0.036413
0.036413
0.036429
0.03643
0.036434
0.036443
0.036447
0.03646
0.036477
0.036522
0.03653
0.036532
0.036537
0.03654
0.03655
0.03656
0.03656
0.036569
0.03657
0.036574
0.036583
0.036584
0.0366
0.036603
0.036606
0.036613
0.036615
0.03662
0.036627
0.036631
0.036634
0.036634
0.036636
0.036637
0.03664
0.03664
0.03665
0.036654
0.03666
0.03666
0.036662
0.036676
0.03668
0.03668
0.036684
0.036687
0.036703
0.036707
0.036717
0.036726
0.036743
0.036745
0.03675
0.036753
0.036757
0.03676
0.036769
0.036791
0.036796
0.0368
0.036803
0.03681
0.036819
0.036825
0.036856
0.036856
0.036856
0.036865
0.036865
0.036866
0.03688
0.036886
0.0369
0.036917
0.03693
0.036936
0.036937
0.03694
0.03694
0.03694
0.036947
0.03695
0.03695
0.036951
0.036954
0.03696
0.036973
0.036976
0.036977
0.036977
0.036986
0.036987
0.036991
0.036994
0.037
0.037006
0.037006
0.03701
0.037019
0.037019
0.037023
0.037027
0.03704
0.03704
0.037043
0.037043
0.03705
0.037054
0.03706
0.037066
0.037066
0.03708
0.037096
0.037107
0.037107
0.037107
0.037109
0.037111
0.037116
0.037117
0.03712
0.037137
0.037154
0.03716
0.037164
0.037185
0.037187
0.037191
0.03721
0.037212
0.037217
0.03724
0.037246
0.03727
0.037296
0.037297
0.037304
0.037307
0.037314
0.037323
0.037343
0.037347
0.037376
0.037397
0.037397
0.0374
0.037407
0.03741
0.03741
0.03741
0.037417
0.037434
0.037446
0.037452
0.037453
0.037454
0.037456
0.037469
0.037483
0.037484
0.03749
0.037493
0.037496
0.037496
0.037503
0.037504
0.03751
0.037517
0.03752
0.037527
0.037543
0.037556
0.037573
0.037577
0.037589
0.037593
0.037597
0.037603
0.037603
0.037616
0.037623
0.037624
0.037627
0.037627
0.037633
0.037636
0.03765
0.037653
0.03766
0.037667
0.037667
0.037683
0.037693
0.037697
0.037702
0.037726
0.037743
0.037748
0.03775
0.03775
0.037755
0.037783
0.03779
0.037803
0.037818
0.037818
0.03782
0.037828
0.037829
0.037846
0.037847
0.037852
0.037855
0.03786
0.037868
0.037872
0.037886
0.03789
0.037893
0.037903
0.037907
0.037911
0.037916
0.03792
0.037927
0.03794
0.037944
0.037946
0.037952
0.037956
0.03796
0.03797
0.03798
0.037989
0.037996
0.038006
0.038017
0.03803
0.038034
0.038037
0.03804
0.03804
0.03807
0.03809
0.038096
0.038118
0.03813
0.038153
0.038154
0.038171
0.038203
0.03821
0.03823
0.038237
0.03824
0.038244
0.038251
0.038256
0.038287
0.03829
0.03832
0.03832
0.038323
0.03833
0.038334
0.038336
0.038347
0.038357
0.03836
0.038363
0.038364
0.038367
0.038369
0.038372
0.0384
0.038404
0.038424
0.038425
0.038433
0.03844
0.03844
0.03845
0.038456
0.038456
0.038462
0.038465
0.038487
0.038487
0.038494
0.038505
0.038505
0.038506
0.03851
0.038518
0.038533
0.038545
0.038551
0.038556
0.038594
0.038597
0.038607
0.038633
0.038636
0.038637
0.03865
0.038653
0.038661
0.038664
0.038664
0.038667
0.03867
0.038673
0.038677
0.038683
0.038695
0.0387
0.038703
0.038703
0.038707
0.038714
0.038716
0.038716
0.038757
0.038779
0.038787
0.0388
0.038803
0.038807
0.038812
0.038816
0.038817
0.038823
0.038824
0.038827
0.038831
0.038846
0.038854
0.038865
0.038871
0.03889
0.038899
0.0389
0.038907
0.038947
0.03895
0.03896
0.03896
0.03896
0.03896
0.038964
0.038964
0.038983
0.038997
0.039006
0.039023
0.039026
0.039027
0.039033
0.039034
0.039045
0.03905
0.039063
0.039066
0.039067
0.03908
0.039083
0.039107
0.039114
0.039114
0.039126
0.039137
0.03914
0.039163
0.039175
0.039187
0.039194
0.039213
0.039216
0.03923
0.039233
0.039247
0.03927
0.03928
0.039337
0.039341
0.039357
0.03936
0.039366
0.03937
0.039372
0.039383
0.039394
0.039414
0.039418
0.039424
0.039426
0.039433
0.039433
0.039443
0.039463
0.03947
0.039481
0.039493
0.0395
0.039501
0.039547
0.039547
0.039547
0.039556
0.039557
0.039566
0.039573
0.039575
0.039592
0.039613
0.03963
0.039634
0.039643
0.039651
0.039653
0.039686
0.039712
0.039714
0.03972
0.039734
0.039743
0.03975
0.039757
0.03976
0.039763
0.039767
0.039796
0.03982
0.039833
0.03985
0.039858
0.039889
0.039904
0.03991
0.039914
0.039937
0.039954
0.039956
0.03997
0.039987
0.03999
0.040003
0.040031
0.040055
0.040059
0.04008
0.04008
0.0401
0.04011
0.040117
0.040123
0.040126
0.040129
0.04014
0.040147
0.04016
0.040167
0.040173
0.04019
0.040197
0.040197
0.04021
0.040216
0.040227
0.040231
0.040236
0.040243
0.040257
0.040266
0.040267
0.040292
0.040292
0.040312
0.040314
0.04032
0.04032
0.040354
0.040372
0.04038
0.04038
0.04039
0.040423
0.040431
0.040437
0.04045
0.040477
0.040486
0.04049
0.040493
0.040496
0.0405
0.040508
0.040518
0.040531
0.040544
0.040584
0.0406
0.040634
0.040637
0.040653
0.040657
0.04066
0.040664
0.04069
0.0407
0.040703
0.040733
0.040764
0.04077
0.040784
0.040829
0.04085
0.040856
0.040856
0.04086
0.040862
0.040866
0.04089
0.0409
0.040906
0.040924
0.040941
0.040946
0.040982
0.04102
0.041021
0.041025
0.04106
0.041063
0.041064
0.04107
0.041083
0.041087
0.041091
0.041117
0.041118
0.04114
0.041144
0.041293
0.041337
0.041351
0.041366
0.041386
0.041404
0.041425
0.041427
0.041437
0.041454
0.041473
0.041527
0.041553
0.041561
0.04159
0.041594
0.0416
0.041617
0.041634
0.04165
0.041653
0.041663
0.041683
0.041756
0.041757
0.041763
0.041784
0.041784
0.04179
0.041793
0.041794
0.0418
0.041823
0.04184
0.04186
0.04186
0.041913
0.041984
0.042026
0.042073
0.042103
0.042106
0.042143
0.042154
0.042187
0.042203
0.042251
0.042257
0.042266
0.042273
0.04228
0.04233
0.04234
0.042384
0.042391
0.0424
0.042435
0.042443
0.042466
0.042495
0.042508
0.04253
0.042533
0.042538
0.042543
0.042554
0.042557
0.042563
0.042623
0.042637
0.042729
0.042746
0.042784
0.042793
0.042797
0.042849
0.042863
0.042883
0.042917
0.042927
0.042927
0.042977
0.04299
0.04299
0.042997
0.043003
0.043006
0.04301
0.043053
0.04311
0.043114
0.043114
0.043128
0.04314
0.043154
0.04318
0.043222
0.04323
0.043234
0.043328
0.043334
0.043363
0.043372
0.043403
0.043417
0.043435
0.043456
0.043463
0.043506
0.04351
0.043511
0.043538
0.043546
0.04364
0.043643
0.04365
0.043657
0.043717
0.043726
0.043753
0.043753
0.043757
0.043763
0.043768
0.043775
0.043847
0.043848
0.043881
0.043899
0.043907
0.04395
0.043964
0.043988
0.044116
0.04416
0.044163
0.04424
0.044251
0.044261
0.04428
0.044297
0.044341
0.044375
0.044377
0.044455
0.044517
0.04453
0.044546
0.044582
0.044584
0.044584
0.044621
0.044673
0.044703
0.04473
0.04474
0.044753
0.044773
0.044833
0.04488
0.04493
0.045013
0.04502
0.045052
0.045118
0.045123
0.045163
0.045187
0.04524
0.045274
0.045457
0.045472
0.045486
0.045514
0.045534
0.04566
0.04569
0.045704
0.045723
0.045751
0.045782
0.045807
0.045837
0.045865
0.045897
0.0459
0.04591
0.045923
0.045923
0.045923
0.045966
0.045998
0.046054
0.04613
0.04614
0.046183
0.046214
0.046243
0.046311
0.04633
0.04643
0.046434
0.046437
0.046463
0.046464
0.046496
0.04654
0.046545
0.046556
0.046583
0.046594
0.04676
0.046794
0.046826
0.046883
0.046926
0.046936
0.04698
0.04701
0.047033
0.04711
0.047153
0.047227
0.047247
0.047287
0.047311
0.047354
0.047357
0.047364
0.047372
0.047381
0.047394
0.047404
0.047534
0.047543
0.047644
0.047666
0.047772
0.047783
0.047825
0.047867
0.047912
0.048019
0.04814
0.048144
0.048197
0.048228
0.048243
0.04825
0.048255
0.04832
0.048373
0.04841
0.048428
0.048434
0.04845
0.048474
0.048523
0.04854
0.048544
0.048545
0.04859
0.048615
0.04868
0.048689
0.04877
0.048813
0.048826
0.048871
0.048898
0.04894
0.048951
0.049034
0.049155
0.049186
0.049267
0.04928
0.049414
0.049425
0.049433
0.049544
0.049572
0.049597
0.049653
0.049686
0.049696
0.049697
0.04971
0.04991
0.049933
0.050028
0.050286
0.050337
0.050396
0.050447
0.050463
0.050477
0.05051
0.050523
0.05055
0.05069
0.050706
0.05084
0.051228
0.051283
0.051397
0.051433
0.051543
0.05158
0.051784
0.051814
0.051817
0.051842
0.051892
0.05209
0.052133
0.052133
0.05224
0.05229
0.052316
0.052327
0.05235
0.052378
0.052397
0.052443
0.052463
0.05247
0.052656
0.05269
0.052695
0.052861
0.052932
0.053006
0.05308
0.053129
0.053297
0.053353
0.053384
0.053497
0.05354
0.05364
0.05371
0.053923
0.053924
0.05401
0.054028
0.054053
0.054231
0.054293
0.054424
0.054548
0.05462
0.054756
0.054977
0.05536
0.05557
0.05559
0.05572
0.05575
0.05576
0.056443
0.05664
0.056791
0.057023
0.057087
0.05714
0.057249
0.057586
0.05803
0.058052
0.058073
0.058724
0.059233
0.059617
0.060277
0.06054
0.060562
0.060897
0.061142
0.061167
0.061335
0.061403
0.061791
0.0627
0.062803
0.06281
0.063646
0.063994
0.064228
0.064748
0.064791
0.064992
0.06567
0.065915
0.065976
0.066207
0.06666
0.067057
0.067351
0.067966
0.070708
0.070714
0.0714
0.072956
0.073237
0.07326
0.073516
0.075588
0.076293
0.076795
0.077487
0.078015
0.078814
0.080743
0.082626
0.083273
0.08389
0.084594
0.098127
0.10756
0.108121
0.11492
0.116091
0.119073
0.124246
0.13893
0.141629
0.143068
0.154207
0.15988
0.168376
0.192888
0.210694
0.228374
0.251806
0.259654
0.269936
0.272025
0.283505
0.283979
0.285474
0.292686
0.298073
0.319383
0.319884
0.325711
0.345964
0.370558
0.371733
0.373677
0.375643
0.377441
0.377921
0.403878
0.409601
0.423286
0.443456
0.448341
0.453585
0.50084
0.507177
0.533098
0.544783
0.561413
0.630687
0.654453
0.672308
