0.101256
0.101762
0.101942
0.111143
0.112513
0.112782
0.112907
0.11326
0.11362
0.113673
0.113838
0.11419
0.114328
0.114437
0.115107
0.116029
0.116377
0.117878
0.118146
0.11827
0.118292
0.118374
0.118562
0.118699
0.118854
0.118979
0.119148
0.119149
0.119179
0.119209
0.119337
0.119417
0.119423
0.119443
0.119542
0.119709
0.119718
0.119786
0.119867
0.119885
0.119942
0.119969
0.119969
0.119995
0.120071
0.120107
0.120243
0.120245
0.120277
0.12049
0.120491
0.12056
0.120755
0.120813
0.120823
0.120871
0.120887
0.121104
0.121168
0.121196
0.121253
0.121317
0.121354
0.121447
0.12172
0.121722
0.121795
0.121818
0.121869
0.121888
0.121902
0.121957
0.122029
0.122038
0.122048
0.122121
0.12222
0.122386
0.122551
0.123092
0.123098
0.123273
0.123384
0.123698
0.123998
0.124063
0.124085
0.124613
0.124912
0.125278
0.125907
0.126143
0.12666
0.126672
0.126731
0.126732
0.126758
0.126823
0.126947
0.126994
0.127028
0.127035
0.127041
0.127076
0.127139
0.127166
0.12729
0.127314
0.127329
0.127511
0.127585
0.12768
0.127786
0.12782
0.127843
0.127843
0.127849
0.127878
0.127889
0.127926
0.12796
0.127993
0.128009
0.128025
0.128089
0.128135
0.128185
0.128208
0.128214
0.12822
0.128257
0.12828
0.128355
0.128431
0.128478
0.128503
0.128515
0.128556
0.128571
0.128592
0.128594
0.128596
0.128612
0.128634
0.128668
0.12867
0.128707
0.128812
0.128835
0.128846
0.12886
0.128898
0.128931
0.128953
0.128956
0.128994
0.129
0.129035
0.129093
0.129128
0.12916
0.12918
0.129192
0.129198
0.129249
0.129269
0.12928
0.129284
0.129286
0.129307
0.129325
0.129331
0.129346
0.129383
0.129445
0.129453
0.129463
0.129509
0.129513
0.129515
0.12954
0.129623
0.129671
0.129677
0.129697
0.129699
0.129737
0.129798
0.129808
0.129811
0.129812
0.129812
0.129833
0.129843
0.129918
0.129923
0.129946
0.129968
0.129984
0.130055
0.1301
0.130111
0.130122
0.13014
0.13016
0.130251
0.130256
0.130257
0.130293
0.130294
0.130363
0.130369
0.130382
0.130415
0.13042
0.130526
0.130566
0.130582
0.130623
0.13068
0.13068
0.13068
0.130703
0.130713
0.1308
0.130811
0.130837
0.130937
0.130975
0.131005
0.131126
0.131269
0.131377
0.13139
0.131405
0.131511
0.131523
0.131648
0.13167
0.1317
0.131714
0.131779
0.131923
0.13193
0.131932
0.131989
0.132002
0.132034
0.132188
0.132226
0.132397
0.132846
0.132851
0.132909
0.132958
0.132984
0.133055
0.133157
0.133232
0.133973
0.134125
0.134231
0.134372
0.134403
0.134575
0.134741
0.134751
0.134874
0.134948
0.13512
0.13526
0.135271
0.135397
0.135496
0.135661
0.135748
0.135778
0.135794
0.135855
0.13588
0.135899
0.135932
0.136005
0.136068
0.136157
0.136194
0.136231
0.13637
0.136382
0.136434
0.136456
0.136459
0.136472
0.136484
0.136489
0.13656
0.136591
0.136606
0.136634
0.13666
0.136674
0.136695
0.136726
0.13676
0.136781
0.136797
0.136819
0.136859
0.136897
0.136902
0.136929
0.136933
0.136951
0.136954
0.136957
0.136966
0.136988
0.137065
0.137105
0.137111
0.137132
0.137145
0.137148
0.137151
0.137191
0.137197
0.137215
0.137258
0.137271
0.137307
0.137342
0.137357
0.13737
0.137391
0.137406
0.137425
0.137434
0.137441
0.137447
0.137452
0.137487
0.137489
0.137493
0.137517
0.137526
0.137556
0.137597
0.137606
0.137612
0.13765
0.137656
0.137658
0.137661
0.137662
0.137668
0.137668
0.137671
0.137671
0.137714
0.137714
0.137726
0.137726
0.137736
0.137742
0.137754
0.137763
0.137763
0.137794
0.137831
0.137846
0.137846
0.137853
0.137855
0.137861
0.137884
0.137889
0.137893
0.13791
0.137913
0.137926
0.137941
0.137973
0.137979
0.137982
0.137985
0.137985
0.138
0.138019
0.138041
0.138046
0.138071
0.138074
0.138074
0.13808
0.138086
0.138086
0.138093
0.138108
0.13812
0.138123
0.138129
0.138163
0.138166
0.138197
0.138217
0.138225
0.138238
0.13825
0.138252
0.138259
0.138262
0.138274
0.138284
0.138305
0.138314
0.13832
0.138342
0.138353
0.138363
0.138367
0.13837
0.138394
0.138397
0.138397
0.138397
0.1384
0.138401
0.138403
0.138431
0.138431
0.138432
0.138434
0.13845
0.138452
0.138486
0.138492
0.138517
0.13852
0.138529
0.138532
0.138548
0.138554
0.138567
0.138569
0.13857
0.138573
0.138591
0.138612
0.138622
0.138627
0.138631
0.138634
0.138641
0.138646
0.138649
0.138649
0.138662
0.138672
0.138683
0.138689
0.138698
0.138705
0.138714
0.138745
0.138751
0.138754
0.138757
0.138769
0.138772
0.138785
0.138825
0.138828
0.138849
0.138856
0.138871
0.138892
0.138929
0.138933
0.138939
0.138939
0.138973
0.138978
0.138988
0.138988
0.138997
0.139006
0.139006
0.139046
0.139068
0.139071
0.13908
0.139086
0.139123
0.139126
0.13913
0.13913
0.139144
0.139148
0.13916
0.139173
0.139173
0.139185
0.139194
0.139209
0.139221
0.139231
0.139246
0.139259
0.139274
0.139277
0.13928
0.139298
0.139302
0.139317
0.13932
0.139323
0.139333
0.139341
0.139353
0.13937
0.139397
0.139458
0.139459
0.139465
0.139465
0.139468
0.139486
0.139486
0.139492
0.139495
0.139496
0.139515
0.139537
0.139554
0.139554
0.13956
0.139569
0.139579
0.139621
0.139621
0.139647
0.139653
0.139678
0.139695
0.139754
0.139766
0.139788
0.139788
0.139791
0.139797
0.139809
0.139815
0.139861
0.139862
0.139873
0.139898
0.139911
0.13992
0.139951
0.139966
0.139976
0.139978
0.139979
0.139979
0.139982
0.140028
0.140049
0.140059
0.140061
0.140068
0.14012
0.140126
0.140126
0.14013
0.140173
0.140179
0.140182
0.140219
0.140231
0.14024
0.14028
0.140283
0.140288
0.14029
0.140301
0.140326
0.140327
0.140422
0.140431
0.140452
0.14048
0.140507
0.140511
0.140551
0.140582
0.140588
0.1406
0.140602
0.140628
0.140631
0.140631
0.140643
0.140643
0.140659
0.140673
0.140711
0.140711
0.140735
0.140769
0.140781
0.140785
0.140788
0.1408
0.14081
0.140825
0.140837
0.14088
0.140883
0.140889
0.140898
0.140926
0.140929
0.140944
0.140957
0.140988
0.141031
0.141049
0.141077
0.141118
0.141127
0.141136
0.1412
0.141213
0.141225
0.141243
0.141244
0.141259
0.141264
0.141265
0.141292
0.141329
0.141425
0.141435
0.141474
0.141505
0.141505
0.141548
0.141563
0.141619
0.14165
0.141699
0.141793
0.141812
0.141899
0.141905
0.141926
0.141998
0.142003
0.142004
0.142006
0.142056
0.142065
0.142082
0.14216
0.142182
0.142212
0.142216
0.142224
0.142231
0.142247
0.142294
0.142314
0.142371
0.142373
0.142378
0.142394
0.1424
0.142448
0.142487
0.142488
0.142499
0.14253
0.142533
0.142554
0.142628
0.14264
0.142665
0.142896
0.142902
0.143117
0.14312
0.143188
0.143204
0.143207
0.143298
0.1433
0.143317
0.143342
0.143424
0.14344
0.143511
0.14352
0.143609
0.143619
0.143828
0.143862
0.143893
0.143895
0.143907
0.143972
0.144011
0.144144
0.144148
0.14421
0.144237
0.144305
0.144375
0.144428
0.144474
0.144541
0.14468
0.144745
0.144754
0.144855
0.144877
0.144942
0.14496
0.144967
0.145018
0.145044
0.145046
0.145052
0.145104
0.145172
0.145228
0.145241
0.145357
0.145404
0.14545
0.14545
0.145508
0.145513
0.145526
0.14553
0.145578
0.145587
0.145603
0.14562
0.145634
0.145643
0.145661
0.145661
0.145667
0.14568
0.145705
0.145706
0.145712
0.145724
0.145743
0.145753
0.145778
0.145781
0.145801
0.145804
0.145837
0.14587
0.1459
0.145913
0.145954
0.14596
0.145967
0.14598
0.14604
0.146064
0.146093
0.146147
0.146154
0.14616
0.146203
0.146207
0.146217
0.146227
0.146237
0.146257
0.14627
0.146277
0.146314
0.146317
0.146323
0.146324
0.14633
0.14637
0.146383
0.146397
0.146397
0.1464
0.1464
0.146404
0.146422
0.146433
0.146433
0.14645
0.146455
0.146457
0.146463
0.146474
0.146484
0.146504
0.146507
0.146514
0.146526
0.146527
0.146534
0.146544
0.146545
0.146554
0.146577
0.14658
0.14658
0.146583
0.14659
0.146603
0.146604
0.146611
0.146646
0.14665
0.146653
0.146664
0.146667
0.14667
0.14667
0.146676
0.14668
0.14669
0.146694
0.146707
0.14672
0.14672
0.146721
0.146724
0.146733
0.146736
0.146744
0.146764
0.146764
0.146764
0.14677
0.146807
0.14683
0.14683
0.14685
0.146854
0.146854
0.14686
0.146867
0.146874
0.146897
0.1469
0.146901
0.146903
0.146923
0.146927
0.146953
0.146973
0.146983
0.146993
0.147
0.147004
0.147004
0.147013
0.147038
0.147053
0.147057
0.147058
0.147063
0.147064
0.147066
0.147067
0.147067
0.147074
0.147083
0.147093
0.147097
0.147097
0.147107
0.147108
0.147127
0.147132
0.14714
0.147147
0.14715
0.14716
0.147163
0.147164
0.147164
0.147166
0.147173
0.147176
0.147177
0.14719
0.14719
0.147206
0.14721
0.147213
0.147214
0.147217
0.147224
0.147231
0.147234
0.147234
0.147237
0.14724
0.147253
0.147263
0.14727
0.147287
0.1473
0.14732
0.147326
0.14733
0.14733
0.147334
0.14734
0.147343
0.14735
0.147353
0.147367
0.14737
0.14737
0.147376
0.14738
0.14738
0.14738
0.147381
0.147383
0.147393
0.147407
0.14742
0.147421
0.147433
0.147433
0.147434
0.147437
0.147438
0.14744
0.147446
0.147447
0.147447
0.147454
0.147454
0.147456
0.147463
0.147466
0.147467
0.14747
0.147477
0.14748
0.147486
0.14749
0.147493
0.147495
0.147497
0.14751
0.147514
0.147517
0.14752
0.14752
0.147523
0.147526
0.147534
0.147546
0.147553
0.147554
0.14756
0.14757
0.147576
0.147577
0.14758
0.147587
0.147587
0.147587
0.147588
0.147591
0.147594
0.147596
0.1476
0.147607
0.14762
0.14762
0.147631
0.147633
0.147646
0.147649
0.14765
0.147653
0.147663
0.147666
0.147667
0.14767
0.147674
0.14768
0.147683
0.147686
0.147686
0.147686
0.14769
0.1477
0.147704
0.147706
0.147707
0.14771
0.147714
0.147716
0.147717
0.147717
0.147717
0.14772
0.147723
0.147724
0.147727
0.147727
0.14773
0.14773
0.147733
0.147733
0.147735
0.147736
0.147739
0.147743
0.147743
0.147746
0.147747
0.147754
0.14776
0.147764
0.147767
0.14777
0.14777
0.147773
0.14778
0.147783
0.147786
0.147787
0.147787
0.147787
0.147794
0.147794
0.147794
0.147798
0.1478
0.1478
0.147807
0.147807
0.147813
0.14782
0.147827
0.147827
0.147833
0.147834
0.147834
0.147836
0.14784
0.147846
0.14785
0.147857
0.147858
0.14786
0.147863
0.147863
0.147867
0.14787
0.14787
0.147873
0.147874
0.147877
0.147887
0.14789
0.147893
0.147896
0.1479
0.147901
0.147903
0.147903
0.147903
0.147904
0.147911
0.147913
0.147917
0.147924
0.14793
0.14793
0.147933
0.147937
0.14794
0.147948
0.147951
0.147953
0.147954
0.14796
0.14796
0.147963
0.147971
0.147974
0.147974
0.147978
0.148003
0.148004
0.148007
0.148013
0.148013
0.14802
0.14802
0.14802
0.14802
0.148021
0.148023
0.148027
0.14804
0.14804
0.148044
0.148048
0.148054
0.148057
0.148057
0.14806
0.14806
0.148061
0.148067
0.148074
0.14808
0.148087
0.148087
0.148089
0.148091
0.148093
0.148097
0.148107
0.148107
0.148113
0.14812
0.148124
0.148127
0.14813
0.14813
0.14813
0.148133
0.148134
0.148137
0.148144
0.148156
0.14816
0.148167
0.14817
0.148173
0.148177
0.148177
0.148177
0.148177
0.148181
0.148187
0.14819
0.14819
0.148191
0.148193
0.148197
0.1482
0.1482
0.1482
0.148203
0.148204
0.148207
0.148207
0.14821
0.14821
0.148211
0.148217
0.14822
0.148224
0.14823
0.148233
0.148233
0.148237
0.148237
0.14824
0.148243
0.148247
0.148254
0.148256
0.148257
0.14826
0.14826
0.148264
0.148264
0.148265
0.148267
0.148267
0.14827
0.14827
0.14827
0.148273
0.148274
0.148277
0.148286
0.14829
0.14829
0.148294
0.148294
0.148297
0.14831
0.148314
0.148316
0.148317
0.148317
0.14832
0.14832
0.148323
0.148323
0.148323
0.148324
0.148324
0.148327
0.148333
0.14834
0.14834
0.148343
0.148343
0.148347
0.148347
0.148348
0.148353
0.148354
0.148356
0.148356
0.148357
0.148363
0.148364
0.148364
0.148373
0.148376
0.148384
0.148384
0.148387
0.148393
0.148394
0.148397
0.148397
0.1484
0.148403
0.148403
0.148404
0.14841
0.14841
0.14841
0.148413
0.148413
0.148413
0.14842
0.14842
0.14842
0.148423
0.148423
0.148424
0.148427
0.14843
0.14843
0.148431
0.148431
0.148433
0.148433
0.148436
0.148436
0.14844
0.14844
0.14844
0.14844
0.14844
0.148443
0.148444
0.148448
0.14845
0.148453
0.148457
0.148457
0.14846
0.148461
0.148463
0.148464
0.148464
0.148467
0.148467
0.14847
0.14847
0.148471
0.148473
0.148473
0.148474
0.148474
0.148477
0.148477
0.148477
0.148477
0.148483
0.148483
0.148483
0.148483
0.14849
0.14849
0.14849
0.148493
0.148494
0.148497
0.1485
0.148504
0.148507
0.148513
0.148514
0.148514
0.148514
0.148516
0.148517
0.148517
0.148517
0.148517
0.148517
0.148517
0.14852
0.14852
0.14852
0.14852
0.148523
0.148524
0.148526
0.148526
0.14853
0.148537
0.148546
0.14855
0.14855
0.148554
0.148557
0.148557
0.14856
0.14856
0.148564
0.148567
0.148567
0.148567
0.14857
0.14857
0.14857
0.148573
0.148573
0.148577
0.148577
0.14858
0.148583
0.148583
0.148584
0.148584
0.148591
0.148594
0.148596
0.148597
0.1486
0.1486
0.148601
0.148601
0.148603
0.148607
0.14861
0.14861
0.148613
0.148617
0.148617
0.148617
0.148618
0.14862
0.14862
0.14862
0.14862
0.14862
0.148623
0.148627
0.148627
0.148628
0.14863
0.14863
0.14863
0.148633
0.148636
0.148644
0.148647
0.148653
0.148653
0.148654
0.148657
0.14866
0.148661
0.148666
0.148666
0.148667
0.148673
0.148674
0.148677
0.148677
0.14868
0.14868
0.14868
0.14868
0.148681
0.148683
0.148683
0.148684
0.148687
0.148687
0.148687
0.148687
0.14869
0.14869
0.14869
0.148696
0.1487
0.1487
0.1487
0.148703
0.148704
0.148704
0.148704
0.148706
0.148707
0.148707
0.148713
0.148713
0.14872
0.148723
0.148724
0.148727
0.148727
0.14873
0.14873
0.14873
0.148733
0.148733
0.148734
0.148734
0.148737
0.14874
0.14874
0.148743
0.148747
0.148747
0.14875
0.14875
0.14875
0.14875
0.14875
0.148753
0.148756
0.148757
0.148757
0.148757
0.14876
0.14876
0.148764
0.148764
0.148764
0.148767
0.148767
0.148771
0.148772
0.148773
0.148773
0.148777
0.14878
0.14878
0.14878
0.148782
0.148783
0.148784
0.148784
0.148787
0.148787
0.148787
0.148787
0.14879
0.14879
0.148794
0.148797
0.148797
0.148797
0.148797
0.1488
0.1488
0.1488
0.148803
0.148803
0.148807
0.14881
0.148811
0.148813
0.148813
0.148816
0.148817
0.148817
0.148819
0.14882
0.14882
0.14882
0.148823
0.148826
0.148827
0.148827
0.148831
0.148831
0.148836
0.148836
0.148837
0.14884
0.148846
0.148847
0.148847
0.148847
0.14885
0.14885
0.14885
0.148854
0.148854
0.148854
0.148854
0.148854
0.148856
0.148856
0.148856
0.148856
0.148857
0.148857
0.14886
0.14886
0.148863
0.148864
0.148864
0.148864
0.148868
0.14887
0.148877
0.148883
0.148883
0.148884
0.148886
0.148887
0.148887
0.148887
0.148888
0.14889
0.14889
0.14889
0.148893
0.148896
0.148896
0.148897
0.148898
0.148903
0.148907
0.14891
0.14891
0.148911
0.148913
0.148917
0.148917
0.148917
0.14892
0.148923
0.148924
0.148927
0.148927
0.148927
0.148927
0.14893
0.14893
0.148933
0.14894
0.14894
0.148943
0.148943
0.148946
0.148947
0.148947
0.148947
0.148948
0.14895
0.14895
0.148951
0.148951
0.148954
0.148956
0.148957
0.14896
0.14896
0.14896
0.148961
0.148963
0.148963
0.148964
0.148967
0.148967
0.148968
0.14897
0.14897
0.14897
0.148971
0.148973
0.148973
0.148976
0.148977
0.14898
0.14898
0.14898
0.14898
0.14898
0.14898
0.148983
0.148983
0.148983
0.148986
0.148987
0.14899
0.14899
0.14899
0.148993
0.148994
0.148996
0.148997
0.149
0.149003
0.14901
0.149013
0.149016
0.149017
0.149017
0.14902
0.149023
0.149024
0.149027
0.149027
0.149028
0.14903
0.14903
0.14903
0.149036
0.14904
0.149041
0.149043
0.149043
0.149044
0.149044
0.149046
0.149047
0.149047
0.149047
0.14905
0.14905
0.149057
0.14906
0.149061
0.149064
0.149064
0.149064
0.149067
0.149067
0.14907
0.14907
0.14907
0.149073
0.149073
0.149074
0.149074
0.149076
0.149076
0.149077
0.149077
0.149077
0.149083
0.149083
0.149083
0.149084
0.149086
0.149092
0.149093
0.149094
0.1491
0.14911
0.14911
0.149113
0.149113
0.149113
0.149114
0.149114
0.149114
0.149117
0.14912
0.14912
0.149123
0.149126
0.149127
0.149127
0.149127
0.14913
0.14913
0.14913
0.149132
0.149137
0.149137
0.14914
0.14914
0.14914
0.149143
0.149147
0.149147
0.149147
0.14915
0.14915
0.149151
0.149153
0.149154
0.149154
0.149157
0.149157
0.149157
0.14916
0.149164
0.149167
0.14917
0.14917
0.14917
0.149173
0.149173
0.149173
0.149174
0.149176
0.149177
0.149177
0.149178
0.14918
0.14918
0.149183
0.149184
0.149186
0.149186
0.149187
0.149187
0.14919
0.14919
0.14919
0.149193
0.149193
0.149194
0.149194
0.149196
0.149197
0.149197
0.149197
0.1492
0.149204
0.149204
0.149204
0.149207
0.149207
0.14921
0.14921
0.149211
0.149212
0.149216
0.149216
0.149217
0.149217
0.149217
0.14922
0.14922
0.14922
0.149223
0.149224
0.149224
0.149224
0.149224
0.149224
0.149227
0.149227
0.14923
0.14923
0.14923
0.149233
0.149233
0.149234
0.149234
0.149237
0.14924
0.14924
0.14924
0.14924
0.14924
0.14924
0.149241
0.149244
0.149246
0.149247
0.14925
0.14925
0.149251
0.149251
0.149251
0.149254
0.149257
0.149258
0.14926
0.149261
0.149263
0.149263
0.149263
0.149264
0.149267
0.149267
0.14927
0.14927
0.149271
0.149273
0.149277
0.14928
0.14928
0.14928
0.14928
0.14928
0.14928
0.149283
0.149283
0.14929
0.14929
0.14929
0.14929
0.149291
0.149293
0.149293
0.149293
0.149293
0.149297
0.149297
0.149297
0.149297
0.149297
0.1493
0.1493
0.1493
0.149301
0.149303
0.149303
0.149303
0.149303
0.149303
0.149304
0.149304
0.149304
0.149307
0.149307
0.14931
0.14931
0.149311
0.149313
0.149314
0.149314
0.149314
0.149317
0.149317
0.149317
0.14932
0.14932
0.14932
0.149323
0.149323
0.149323
0.149323
0.149326
0.149327
0.149327
0.149327
0.149327
0.14933
0.14933
0.14933
0.149334
0.149334
0.149336
0.149336
0.149337
0.149337
0.14934
0.14934
0.14934
0.149343
0.149344
0.149344
0.149344
0.149351
0.149357
0.149357
0.149357
0.14936
0.14936
0.14936
0.149364
0.149371
0.149373
0.149374
0.149374
0.149374
0.149376
0.149377
0.14938
0.14938
0.14938
0.149381
0.149383
0.149383
0.149384
0.149384
0.14939
0.14939
0.14939
0.14939
0.149393
0.149393
0.149394
0.149394
0.149397
0.149397
0.149404
0.149406
0.149406
0.149406
0.149406
0.149407
0.14941
0.14941
0.14941
0.14941
0.149413
0.149414
0.149415
0.149416
0.149417
0.149417
0.14942
0.14942
0.149421
0.149424
0.149424
0.149424
0.149427
0.149427
0.14943
0.149437
0.149437
0.149438
0.149441
0.149446
0.149446
0.149447
0.14945
0.14945
0.149451
0.149452
0.149453
0.149453
0.149457
0.149457
0.149457
0.14946
0.149464
0.149466
0.149466
0.149466
0.149467
0.14947
0.14947
0.14947
0.149473
0.149473
0.149473
0.149474
0.149474
0.149477
0.149477
0.149477
0.14948
0.14948
0.14948
0.149481
0.149486
0.149486
0.149487
0.149487
0.14949
0.149493
0.149494
0.149494
0.149496
0.1495
0.1495
0.1495
0.149501
0.149501
0.149501
0.149503
0.149503
0.149503
0.149504
0.149506
0.149507
0.149507
0.149507
0.14951
0.14951
0.149511
0.149514
0.149514
0.149516
0.149517
0.149517
0.149517
0.14952
0.149521
0.149523
0.149523
0.149524
0.149527
0.149527
0.14953
0.14953
0.14953
0.14953
0.149534
0.149534
0.149536
0.149536
0.149537
0.149537
0.149537
0.14954
0.14954
0.149543
0.149543
0.149543
0.149544
0.149546
0.149547
0.14955
0.14955
0.14955
0.149553
0.149553
0.149553
0.149554
0.149556
0.149556
0.149557
0.149557
0.149557
0.149563
0.149563
0.149563
0.149564
0.149567
0.149567
0.14957
0.14957
0.14957
0.149573
0.149574
0.149574
0.149575
0.149576
0.149577
0.149577
0.149577
0.149578
0.14958
0.14958
0.14958
0.149581
0.149581
0.149584
0.149584
0.149586
0.149586
0.149587
0.149587
0.14959
0.14959
0.14959
0.149593
0.149593
0.149594
0.149597
0.1496
0.1496
0.1496
0.149607
0.149607
0.149607
0.14961
0.14961
0.149616
0.149616
0.149616
0.149617
0.14962
0.14962
0.149623
0.149623
0.149623
0.149624
0.149624
0.149626
0.149626
0.149628
0.14963
0.14963
0.14963
0.14963
0.14963
0.149631
0.149633
0.149636
0.149637
0.149637
0.149637
0.149637
0.14964
0.14964
0.14964
0.149641
0.149643
0.149643
0.149643
0.149644
0.149646
0.149647
0.149647
0.149647
0.14965
0.14965
0.14965
0.149653
0.149654
0.149654
0.149657
0.14966
0.14966
0.14966
0.149661
0.149661
0.149663
0.149663
0.149663
0.149663
0.149664
0.149664
0.149666
0.149667
0.149667
0.14967
0.14967
0.149673
0.149674
0.149674
0.149674
0.149677
0.149677
0.149677
0.149677
0.14968
0.149683
0.149684
0.149686
0.149687
0.14969
0.149691
0.149691
0.149693
0.149694
0.149696
0.149697
0.149697
0.1497
0.1497
0.1497
0.149701
0.149701
0.149703
0.149704
0.149704
0.149706
0.149707
0.149707
0.14971
0.14971
0.14971
0.149713
0.149713
0.149713
0.149714
0.149714
0.149717
0.149717
0.149717
0.14972
0.149724
0.149724
0.149724
0.149726
0.149727
0.149727
0.149728
0.14973
0.14973
0.149731
0.149733
0.149734
0.149734
0.149737
0.149737
0.149737
0.149738
0.14974
0.14974
0.149745
0.149746
0.149746
0.149747
0.149747
0.149747
0.149747
0.149747
0.149748
0.14975
0.14975
0.149753
0.149754
0.149757
0.14976
0.14976
0.149761
0.149764
0.14977
0.14977
0.14977
0.14977
0.149771
0.149773
0.149773
0.149774
0.149774
0.149774
0.149777
0.149777
0.14978
0.14978
0.14978
0.14978
0.149783
0.149783
0.149783
0.149784
0.149784
0.149787
0.149787
0.14979
0.14979
0.149793
0.149793
0.149794
0.149796
0.149797
0.149797
0.149797
0.149797
0.1498
0.149801
0.149803
0.149803
0.149804
0.149806
0.149806
0.149807
0.149807
0.149807
0.149807
0.14981
0.14981
0.14981
0.14981
0.14981
0.14981
0.149813
0.149813
0.149814
0.149814
0.149817
0.14982
0.149821
0.149823
0.149824
0.149824
0.149827
0.149827
0.149827
0.14983
0.149834
0.149834
0.149837
0.149837
0.14984
0.149843
0.149843
0.149844
0.149844
0.149844
0.149847
0.149847
0.14985
0.14985
0.14985
0.14985
0.14985
0.149854
0.149857
0.149857
0.14986
0.14986
0.14986
0.14986
0.149863
0.149863
0.149863
0.149865
0.149867
0.149867
0.149867
0.149867
0.149867
0.14987
0.14987
0.149871
0.149874
0.149874
0.149876
0.149877
0.149877
0.149877
0.14988
0.14988
0.14988
0.14988
0.149883
0.149883
0.149883
0.149883
0.149884
0.149884
0.149887
0.149887
0.149887
0.149893
0.149894
0.149894
0.149894
0.149897
0.149897
0.149897
0.1499
0.1499
0.149901
0.149903
0.149903
0.149904
0.149904
0.149904
0.149904
0.149907
0.149907
0.149907
0.149907
0.14991
0.14991
0.14991
0.14991
0.14991
0.14991
0.149913
0.149914
0.149914
0.14992
0.14992
0.149923
0.149923
0.149923
0.149923
0.149923
0.149924
0.149926
0.149926
0.149927
0.14993
0.149933
0.149933
0.149933
0.149934
0.149934
0.149936
0.14994
0.14994
0.14994
0.14994
0.149941
0.149947
0.14995
0.14995
0.14995
0.14995
0.149951
0.149953
0.149954
0.149957
0.14996
0.14996
0.14996
0.14996
0.149961
0.149963
0.149964
0.149967
0.149967
0.149967
0.149968
0.14997
0.14997
0.14997
0.149974
0.149974
0.149976
0.149977
0.14998
0.14998
0.149982
0.149983
0.149984
0.149986
0.149987
0.149987
0.149993
0.149993
0.149993
0.149996
0.149997
0.149997
0.15
0.15
0.150003
0.150003
0.150003
0.150004
0.150006
0.150006
0.150007
0.150007
0.15001
0.15001
0.150013
0.150015
0.150017
0.15002
0.15002
0.150023
0.150023
0.150024
0.150024
0.150024
0.150027
0.150027
0.15003
0.15003
0.150033
0.150033
0.150033
0.150034
0.150034
0.150034
0.150037
0.150037
0.15004
0.15004
0.15004
0.150044
0.150046
0.15005
0.15005
0.15005
0.150053
0.150054
0.15006
0.15006
0.15006
0.150062
0.150063
0.150063
0.150063
0.150064
0.150064
0.150064
0.150066
0.15007
0.15007
0.15007
0.15007
0.15007
0.150073
0.150074
0.150076
0.150077
0.15008
0.15008
0.15008
0.15008
0.15008
0.150081
0.150083
0.150084
0.150084
0.150087
0.15009
0.15009
0.15009
0.15009
0.150091
0.150093
0.150093
0.150094
0.150094
0.150096
0.150097
0.150097
0.150097
0.150097
0.150097
0.150098
0.1501
0.1501
0.150103
0.150103
0.150103
0.150104
0.150104
0.150106
0.150106
0.150106
0.150107
0.150107
0.150107
0.150108
0.150111
0.150117
0.150117
0.15012
0.15012
0.15012
0.15012
0.15012
0.150121
0.150123
0.150126
0.150127
0.150127
0.150127
0.150127
0.15013
0.15013
0.150131
0.150133
0.150136
0.150136
0.150136
0.150136
0.150137
0.15014
0.15014
0.15014
0.15014
0.15014
0.150144
0.150144
0.150147
0.15015
0.15015
0.15015
0.150154
0.150154
0.150156
0.150156
0.150157
0.150157
0.150157
0.150157
0.15016
0.15016
0.15016
0.15016
0.15016
0.150161
0.150163
0.150163
0.150163
0.150164
0.150166
0.150166
0.150167
0.15017
0.15017
0.15017
0.150171
0.150172
0.150173
0.150174
0.150174
0.150177
0.15018
0.15018
0.15018
0.150183
0.150183
0.150186
0.150187
0.15019
0.15019
0.150191
0.150191
0.150193
0.150193
0.150193
0.150194
0.150196
0.150197
0.150197
0.150197
0.150203
0.150204
0.150204
0.150207
0.150207
0.150207
0.150207
0.15021
0.15021
0.150213
0.150214
0.150214
0.150214
0.150214
0.150217
0.15022
0.150223
0.150223
0.150224
0.150224
0.150226
0.150227
0.150227
0.150227
0.150227
0.15023
0.15023
0.150233
0.150234
0.150234
0.150237
0.150237
0.15024
0.15024
0.150243
0.150243
0.150244
0.150247
0.150247
0.150247
0.150247
0.150247
0.15025
0.15025
0.15025
0.15025
0.15025
0.150254
0.150254
0.150257
0.150257
0.150257
0.150257
0.150257
0.15026
0.15026
0.150263
0.150264
0.150264
0.150266
0.150273
0.150276
0.150277
0.150277
0.150277
0.15028
0.150283
0.150286
0.150287
0.150287
0.15029
0.15029
0.15029
0.15029
0.150293
0.150294
0.150294
0.150294
0.150294
0.150294
0.150297
0.150303
0.150303
0.150303
0.150307
0.150307
0.150307
0.150307
0.150307
0.15031
0.150314
0.150314
0.150314
0.150317
0.150317
0.15032
0.15032
0.15032
0.150323
0.150323
0.150324
0.150324
0.150324
0.150327
0.150327
0.150327
0.150327
0.150327
0.150328
0.15033
0.15033
0.15033
0.150333
0.150333
0.150334
0.150334
0.150336
0.150341
0.150343
0.150343
0.150343
0.150343
0.150344
0.150347
0.150347
0.15035
0.15035
0.150353
0.150357
0.150357
0.15036
0.15036
0.15036
0.15036
0.150363
0.150364
0.150366
0.150367
0.150367
0.150368
0.15037
0.15037
0.15037
0.15037
0.150372
0.150373
0.150374
0.150374
0.150375
0.150375
0.150377
0.15038
0.150384
0.150386
0.150387
0.150387
0.15039
0.15039
0.15039
0.150393
0.150393
0.150394
0.150394
0.150394
0.150396
0.150396
0.150397
0.150397
0.1504
0.1504
0.1504
0.150401
0.150403
0.150403
0.150404
0.150407
0.150407
0.15041
0.15041
0.15041
0.15041
0.150413
0.150413
0.150414
0.150417
0.150417
0.150417
0.150417
0.150417
0.150417
0.150418
0.15042
0.15042
0.15042
0.15042
0.150423
0.150424
0.150424
0.150427
0.150427
0.150427
0.150427
0.150427
0.150428
0.15043
0.150431
0.150433
0.150433
0.150433
0.150434
0.150434
0.150437
0.150438
0.15044
0.15044
0.15044
0.15044
0.15044
0.15044
0.15044
0.15044
0.150443
0.150443
0.150443
0.150444
0.150444
0.150447
0.150447
0.150447
0.150447
0.15045
0.150453
0.150454
0.150454
0.150457
0.150457
0.150457
0.150457
0.150458
0.15046
0.15046
0.15046
0.15046
0.150463
0.150463
0.150463
0.150467
0.150467
0.15047
0.15047
0.15047
0.15047
0.15047
0.150473
0.150474
0.150474
0.150477
0.150477
0.15048
0.15048
0.15048
0.15048
0.15048
0.150487
0.150487
0.150487
0.150487
0.150487
0.150487
0.150487
0.150487
0.150488
0.15049
0.15049
0.150493
0.150493
0.150493
0.150493
0.150494
0.150496
0.150497
0.150497
0.150498
0.150501
0.150503
0.150504
0.150504
0.150507
0.150507
0.15051
0.150516
0.150517
0.150517
0.150517
0.15052
0.15052
0.15052
0.150521
0.150523
0.150526
0.150527
0.15053
0.15053
0.150533
0.150534
0.150536
0.150537
0.150537
0.150537
0.150537
0.150537
0.150538
0.15054
0.15054
0.15054
0.15054
0.150541
0.150543
0.150544
0.150544
0.150544
0.150544
0.150544
0.150547
0.150547
0.15055
0.15055
0.15055
0.150553
0.150554
0.150554
0.150554
0.150556
0.150556
0.150556
0.150557
0.150557
0.15056
0.150564
0.150566
0.150566
0.150567
0.150567
0.15057
0.15057
0.15057
0.15057
0.15057
0.15057
0.15057
0.150573
0.150573
0.150574
0.150576
0.150576
0.150577
0.15058
0.15058
0.15058
0.150583
0.150584
0.150585
0.150586
0.150587
0.150587
0.15059
0.150591
0.150593
0.150594
0.150597
0.1506
0.1506
0.1506
0.1506
0.150603
0.150603
0.150607
0.150607
0.15061
0.15061
0.15061
0.150612
0.150613
0.150613
0.150613
0.150614
0.150617
0.150617
0.15062
0.150623
0.150623
0.150623
0.150624
0.150624
0.150626
0.150627
0.150627
0.15063
0.150633
0.150634
0.150636
0.150637
0.150637
0.150637
0.150637
0.150637
0.15064
0.15064
0.15064
0.150641
0.150643
0.150643
0.150647
0.150647
0.15065
0.15065
0.15065
0.150651
0.150651
0.150651
0.150653
0.150653
0.150654
0.150654
0.150656
0.150657
0.150658
0.150658
0.15066
0.150664
0.150664
0.150664
0.150667
0.15067
0.15067
0.15067
0.15067
0.150671
0.150671
0.150673
0.150674
0.150674
0.150677
0.150677
0.150677
0.150677
0.15068
0.15068
0.15068
0.15068
0.150683
0.150687
0.150687
0.15069
0.15069
0.15069
0.15069
0.150694
0.150696
0.150697
0.150697
0.150697
0.1507
0.1507
0.150701
0.150703
0.150707
0.150707
0.150707
0.15071
0.150713
0.150714
0.150714
0.150716
0.150717
0.150717
0.150717
0.150717
0.15072
0.15072
0.15072
0.150721
0.150721
0.150727
0.15073
0.150733
0.150733
0.150734
0.150736
0.150736
0.15074
0.15074
0.150742
0.150744
0.150747
0.150747
0.150747
0.150747
0.150747
0.15075
0.150753
0.150754
0.150756
0.150757
0.150757
0.15076
0.15076
0.15076
0.15076
0.150763
0.150763
0.150764
0.150764
0.150764
0.150764
0.150764
0.150766
0.150767
0.150767
0.150767
0.15077
0.15077
0.15077
0.150771
0.150771
0.150773
0.150773
0.150773
0.150773
0.150774
0.150776
0.150776
0.150777
0.15078
0.150781
0.150784
0.150784
0.150784
0.150784
0.150784
0.15079
0.15079
0.150791
0.150794
0.150797
0.150797
0.150797
0.150797
0.150803
0.150804
0.150806
0.150806
0.150807
0.150807
0.15081
0.15081
0.15081
0.150814
0.150814
0.150816
0.150817
0.15082
0.15082
0.15082
0.150823
0.150823
0.150826
0.150827
0.15083
0.15083
0.15083
0.150833
0.150833
0.150837
0.150837
0.15084
0.15084
0.150843
0.150843
0.150844
0.150846
0.150846
0.150847
0.15085
0.150851
0.150853
0.150853
0.150854
0.150856
0.150857
0.150857
0.15086
0.15086
0.15086
0.150864
0.150864
0.150866
0.150867
0.150867
0.15087
0.15087
0.15087
0.15087
0.150871
0.150873
0.150873
0.150873
0.150874
0.150876
0.150876
0.150877
0.150877
0.15088
0.150883
0.150884
0.150884
0.150884
0.150884
0.150886
0.150887
0.15089
0.150893
0.150893
0.150894
0.150896
0.150896
0.150897
0.150901
0.150904
0.150904
0.150907
0.15091
0.15091
0.15091
0.15091
0.150911
0.150913
0.150913
0.150914
0.150914
0.150914
0.150916
0.150917
0.150923
0.150923
0.150924
0.150927
0.15093
0.15093
0.15093
0.150931
0.150933
0.150933
0.150933
0.150934
0.150937
0.150937
0.150938
0.15094
0.150943
0.150943
0.150943
0.150944
0.150946
0.150946
0.150947
0.150947
0.15095
0.150951
0.150954
0.150954
0.150954
0.150956
0.150957
0.150958
0.150958
0.15096
0.15096
0.150961
0.150964
0.150964
0.150966
0.150966
0.15097
0.150973
0.150973
0.150973
0.150973
0.150977
0.150977
0.150983
0.150983
0.150984
0.150987
0.150987
0.150987
0.15099
0.15099
0.150991
0.150993
0.150993
0.150994
0.150994
0.150994
0.150996
0.150997
0.150997
0.150997
0.150997
0.150997
0.151
0.151
0.151004
0.151007
0.151007
0.151007
0.151007
0.15101
0.15101
0.15101
0.151013
0.151013
0.151013
0.151014
0.151016
0.151016
0.151017
0.151017
0.151018
0.15102
0.15102
0.15102
0.15102
0.151021
0.151023
0.151024
0.151026
0.151027
0.151027
0.151027
0.151028
0.15103
0.15103
0.151031
0.151033
0.151034
0.151034
0.151036
0.151037
0.151037
0.15104
0.15104
0.15104
0.15104
0.15104
0.151041
0.151041
0.151043
0.151043
0.151043
0.151043
0.151044
0.151047
0.15105
0.15105
0.151054
0.151056
0.151057
0.151057
0.15106
0.151063
0.151063
0.151064
0.151064
0.151064
0.151067
0.151067
0.151068
0.15107
0.151071
0.151073
0.151073
0.151074
0.151074
0.151074
0.151074
0.151077
0.151077
0.151077
0.151077
0.151077
0.151078
0.15108
0.151081
0.151083
0.151084
0.151084
0.151087
0.151087
0.15109
0.151094
0.151094
0.151094
0.151095
0.151097
0.151097
0.151097
0.1511
0.1511
0.1511
0.151103
0.151103
0.151104
0.151104
0.151106
0.151106
0.151106
0.151107
0.151107
0.15111
0.15111
0.15111
0.151114
0.151114
0.151114
0.151117
0.15112
0.15112
0.15112
0.151121
0.151123
0.151127
0.15113
0.15113
0.151131
0.151133
0.151134
0.151134
0.151134
0.151136
0.151137
0.151137
0.15114
0.151143
0.151143
0.151143
0.151144
0.151147
0.151147
0.151147
0.151147
0.15115
0.15115
0.15115
0.151153
0.151156
0.151157
0.151157
0.151157
0.151157
0.15116
0.15116
0.15116
0.15116
0.151163
0.151163
0.151163
0.151163
0.151167
0.151167
0.151173
0.151174
0.151177
0.151177
0.15118
0.151184
0.151186
0.151187
0.151194
0.151194
0.151194
0.151197
0.151197
0.151197
0.151197
0.1512
0.1512
0.151201
0.151203
0.151204
0.151204
0.151204
0.151206
0.15121
0.151213
0.151216
0.151216
0.151217
0.151217
0.151217
0.151217
0.15122
0.15122
0.15122
0.151223
0.151224
0.151224
0.151226
0.151227
0.151227
0.151227
0.15123
0.15123
0.15123
0.151231
0.151231
0.151233
0.151237
0.151237
0.151237
0.151237
0.15124
0.15124
0.15124
0.151244
0.151244
0.151244
0.151247
0.151247
0.15125
0.15125
0.15125
0.151253
0.151254
0.151256
0.15126
0.15126
0.151263
0.151264
0.151264
0.151264
0.151267
0.151267
0.151267
0.151271
0.151273
0.151274
0.151274
0.151274
0.151276
0.151277
0.151283
0.151283
0.151284
0.151286
0.151286
0.151287
0.151287
0.151287
0.151287
0.15129
0.15129
0.15129
0.15129
0.151291
0.151293
0.151297
0.151297
0.1513
0.1513
0.1513
0.1513
0.151303
0.151303
0.151303
0.151303
0.151304
0.151304
0.151304
0.151307
0.151307
0.151307
0.151307
0.151307
0.15131
0.15131
0.151314
0.151317
0.15132
0.15132
0.15132
0.151321
0.151321
0.151324
0.151326
0.151326
0.151327
0.15133
0.15133
0.15133
0.15133
0.15133
0.15133
0.151331
0.151331
0.151331
0.151333
0.151333
0.151334
0.151337
0.151337
0.15134
0.15134
0.151343
0.151343
0.151343
0.151343
0.151347
0.15135
0.15135
0.151353
0.151353
0.151353
0.151354
0.151354
0.151356
0.151356
0.151357
0.151357
0.15136
0.151361
0.151364
0.151367
0.151371
0.151374
0.151376
0.151377
0.15138
0.15138
0.15138
0.151387
0.15139
0.15139
0.151391
0.151397
0.151397
0.151397
0.1514
0.1514
0.151401
0.151407
0.15141
0.15141
0.151413
0.151413
0.151413
0.151417
0.151417
0.15142
0.15142
0.151421
0.151423
0.151423
0.151424
0.151426
0.151427
0.151427
0.151427
0.151427
0.15143
0.15143
0.15143
0.15143
0.151435
0.151436
0.151437
0.151437
0.151437
0.151437
0.15144
0.151441
0.151443
0.151443
0.151444
0.151446
0.15145
0.151453
0.151454
0.15146
0.15146
0.15146
0.151461
0.151463
0.151464
0.151464
0.151464
0.151466
0.151467
0.15147
0.15147
0.15147
0.151473
0.151473
0.151473
0.151474
0.151476
0.151477
0.151477
0.15148
0.151481
0.151481
0.151483
0.151483
0.151484
0.151486
0.151487
0.15149
0.151493
0.151493
0.151493
0.151494
0.151494
0.151496
0.151496
0.151496
0.151496
0.151497
0.151497
0.151503
0.151503
0.151504
0.151504
0.151504
0.151506
0.151507
0.151507
0.151507
0.15151
0.15151
0.151514
0.151516
0.151516
0.151517
0.151521
0.151523
0.151524
0.151526
0.151527
0.151531
0.151531
0.151533
0.151534
0.151534
0.151536
0.151536
0.151537
0.151537
0.15154
0.15154
0.151543
0.151544
0.151547
0.15155
0.15155
0.15155
0.15155
0.151553
0.151554
0.151556
0.151557
0.151557
0.15156
0.151563
0.151564
0.151564
0.151567
0.151567
0.15157
0.15157
0.15157
0.151573
0.151573
0.151577
0.151577
0.15158
0.15158
0.15158
0.151582
0.151583
0.151583
0.151583
0.151584
0.151584
0.151584
0.151586
0.151587
0.151587
0.15159
0.151593
0.151593
0.151594
0.151597
0.151597
0.151597
0.1516
0.1516
0.151603
0.151603
0.151604
0.151607
0.151607
0.151607
0.15161
0.151611
0.151613
0.151614
0.151617
0.151617
0.151618
0.151621
0.151624
0.151626
0.151627
0.151627
0.151627
0.151627
0.151627
0.15163
0.15163
0.15163
0.151634
0.151637
0.151637
0.151641
0.151641
0.151643
0.151644
0.151644
0.15165
0.15165
0.15165
0.151653
0.151653
0.151653
0.151654
0.151657
0.151663
0.151663
0.151666
0.151667
0.151667
0.151667
0.15167
0.151673
0.151673
0.151674
0.151677
0.15168
0.151686
0.151687
0.15169
0.151692
0.151694
0.151696
0.151697
0.151697
0.151697
0.151697
0.1517
0.1517
0.1517
0.1517
0.1517
0.151701
0.151703
0.151704
0.151704
0.151704
0.151705
0.151707
0.151707
0.151707
0.151708
0.151714
0.151716
0.151717
0.15172
0.15172
0.15172
0.151721
0.151723
0.151726
0.151726
0.151727
0.151727
0.15173
0.15173
0.15173
0.151733
0.151733
0.151733
0.151733
0.151733
0.151734
0.151734
0.151734
0.151734
0.151737
0.15174
0.15174
0.151743
0.151743
0.151743
0.151744
0.151744
0.151746
0.15175
0.15175
0.151751
0.151754
0.151754
0.151757
0.15176
0.15176
0.15176
0.151761
0.151767
0.151767
0.151767
0.151768
0.151769
0.15177
0.15177
0.15177
0.151773
0.151773
0.151773
0.151776
0.151776
0.151777
0.151777
0.151784
0.151786
0.151787
0.151787
0.151787
0.15179
0.151791
0.151793
0.151793
0.151797
0.151797
0.1518
0.1518
0.1518
0.151806
0.151807
0.151807
0.151813
0.151813
0.151814
0.151814
0.151817
0.151818
0.15182
0.15182
0.15182
0.15182
0.15182
0.151824
0.151827
0.15183
0.15183
0.151831
0.151833
0.151834
0.151834
0.151834
0.151837
0.151837
0.151841
0.151843
0.151844
0.151847
0.15185
0.15185
0.15185
0.15185
0.151851
0.151853
0.151854
0.151856
0.151857
0.151857
0.151858
0.151861
0.151863
0.151863
0.151863
0.151863
0.151867
0.15187
0.151871
0.151874
0.151874
0.151874
0.151877
0.151877
0.15188
0.15188
0.15188
0.15188
0.15188
0.15188
0.15188
0.151884
0.151884
0.151887
0.15189
0.15189
0.15189
0.151891
0.151893
0.151893
0.151894
0.151897
0.151897
0.1519
0.1519
0.1519
0.151903
0.151904
0.151907
0.151907
0.151914
0.151914
0.151914
0.151917
0.151917
0.15192
0.15192
0.15192
0.151923
0.151926
0.151927
0.15193
0.15193
0.151933
0.151933
0.151933
0.151933
0.151937
0.151937
0.15194
0.15194
0.151944
0.151947
0.151947
0.15195
0.15195
0.15195
0.15195
0.15195
0.151954
0.151957
0.151957
0.15196
0.151961
0.151963
0.151963
0.151966
0.151967
0.15197
0.15197
0.151973
0.151973
0.151973
0.151974
0.151974
0.151977
0.151977
0.151977
0.151978
0.15198
0.15198
0.15198
0.151983
0.151984
0.151987
0.151987
0.151987
0.151987
0.151987
0.15199
0.15199
0.151993
0.151994
0.151997
0.152
0.152003
0.152007
0.152007
0.152008
0.15201
0.15201
0.152023
0.152023
0.152024
0.152024
0.152026
0.152027
0.152027
0.15203
0.15203
0.15203
0.15203
0.152033
0.152033
0.152034
0.152034
0.152036
0.152037
0.152037
0.152037
0.15204
0.15204
0.15204
0.15204
0.152044
0.152047
0.152047
0.15205
0.15205
0.15205
0.152053
0.152053
0.152057
0.152057
0.15206
0.152066
0.152067
0.15207
0.15207
0.152074
0.152077
0.152077
0.152077
0.15208
0.152081
0.152083
0.15209
0.152093
0.152094
0.1521
0.1521
0.1521
0.152103
0.152104
0.152106
0.152107
0.152107
0.152107
0.152107
0.152107
0.152111
0.152111
0.152113
0.152113
0.152113
0.152113
0.152117
0.152117
0.152117
0.152118
0.15212
0.15212
0.15212
0.15212
0.15212
0.152126
0.152129
0.152133
0.152136
0.152137
0.152137
0.15214
0.15214
0.15214
0.152143
0.152146
0.15215
0.15215
0.152153
0.152154
0.152154
0.152157
0.15216
0.152163
0.152163
0.152164
0.152164
0.152166
0.152167
0.152167
0.152168
0.15217
0.152173
0.152177
0.15218
0.15218
0.15218
0.152183
0.152183
0.152184
0.152184
0.152186
0.152187
0.152187
0.152187
0.152188
0.152191
0.152191
0.152193
0.152193
0.152193
0.152193
0.152193
0.152197
0.152198
0.1522
0.1522
0.1522
0.1522
0.152201
0.152203
0.152204
0.152207
0.152207
0.152207
0.15221
0.15221
0.152212
0.152214
0.152214
0.152218
0.15222
0.15222
0.15222
0.152221
0.152224
0.152224
0.152224
0.152224
0.152227
0.15223
0.152234
0.152234
0.152237
0.15224
0.15224
0.15224
0.15224
0.15224
0.15224
0.152243
0.152243
0.152246
0.152247
0.152247
0.15225
0.15225
0.152251
0.152253
0.152253
0.152254
0.152255
0.15226
0.15226
0.15226
0.15226
0.152266
0.152267
0.152274
0.152274
0.152277
0.15228
0.15228
0.152281
0.152282
0.152284
0.152284
0.152287
0.152287
0.152288
0.15229
0.15229
0.15229
0.152293
0.152294
0.152297
0.152297
0.152297
0.1523
0.1523
0.1523
0.1523
0.152303
0.152304
0.152307
0.152307
0.152311
0.152313
0.152313
0.152313
0.15232
0.152326
0.152326
0.152327
0.15233
0.15233
0.152331
0.152333
0.152334
0.152337
0.15234
0.15234
0.15234
0.15234
0.152341
0.152343
0.152343
0.152347
0.15235
0.152353
0.152354
0.152354
0.152354
0.152354
0.152354
0.152357
0.15236
0.15236
0.152367
0.152367
0.15237
0.15237
0.15237
0.152371
0.152373
0.152374
0.15238
0.15238
0.152383
0.152386
0.15239
0.15239
0.152393
0.152397
0.152397
0.15241
0.15241
0.152413
0.152416
0.152417
0.152417
0.152423
0.152423
0.152426
0.152427
0.152427
0.152427
0.152427
0.15243
0.15243
0.152431
0.152433
0.152434
0.152437
0.152437
0.152437
0.152437
0.152437
0.15244
0.152444
0.152446
0.152453
0.152454
0.152457
0.152457
0.152457
0.152459
0.15246
0.15246
0.15246
0.152462
0.152463
0.152464
0.152464
0.152467
0.152467
0.152471
0.152473
0.152473
0.152474
0.15248
0.152484
0.15249
0.15249
0.15249
0.152491
0.152493
0.152494
0.152496
0.152497
0.152504
0.152504
0.152504
0.152507
0.152507
0.15251
0.15251
0.15251
0.152514
0.152514
0.152517
0.152517
0.152517
0.15252
0.15252
0.152523
0.152523
0.152523
0.152526
0.152534
0.152536
0.152537
0.152543
0.152546
0.152546
0.152547
0.152547
0.152547
0.15255
0.15255
0.15255
0.15255
0.152554
0.152557
0.152561
0.152563
0.152563
0.152564
0.152564
0.152566
0.152569
0.15257
0.152574
0.15258
0.15258
0.152584
0.152587
0.152587
0.152587
0.15259
0.152591
0.152596
0.1526
0.1526
0.1526
0.152601
0.152603
0.152607
0.15261
0.15261
0.15261
0.15261
0.152611
0.152613
0.152615
0.152617
0.152617
0.152617
0.15262
0.15262
0.15262
0.15262
0.15262
0.15263
0.152633
0.152633
0.152633
0.152634
0.152634
0.152637
0.152647
0.152647
0.15265
0.15265
0.15265
0.15265
0.152656
0.152664
0.152666
0.152666
0.152666
0.152667
0.152668
0.152673
0.152677
0.15268
0.152684
0.152684
0.152686
0.15269
0.15269
0.152693
0.152693
0.152693
0.152697
0.152699
0.1527
0.152701
0.152703
0.152703
0.152704
0.152704
0.152707
0.152707
0.15271
0.152711
0.152714
0.152714
0.152717
0.152717
0.152718
0.15272
0.152724
0.152726
0.152726
0.152728
0.15273
0.15273
0.15273
0.15273
0.15273
0.152733
0.152733
0.152734
0.152734
0.152734
0.152734
0.152742
0.152744
0.152747
0.152747
0.15275
0.15275
0.152753
0.152753
0.152753
0.152754
0.152754
0.15276
0.15276
0.152764
0.152767
0.152767
0.15277
0.152775
0.152776
0.152777
0.152777
0.15278
0.152781
0.152783
0.152783
0.152784
0.152794
0.152803
0.152804
0.152804
0.15281
0.152811
0.152813
0.152816
0.152817
0.152821
0.152821
0.152823
0.152826
0.152827
0.152827
0.152828
0.15283
0.15283
0.152834
0.152836
0.15284
0.15284
0.15284
0.15284
0.152843
0.152847
0.152847
0.15285
0.15285
0.152854
0.152857
0.152857
0.152857
0.15286
0.15286
0.152864
0.152864
0.152864
0.152867
0.152876
0.152881
0.152883
0.152887
0.15289
0.15289
0.152891
0.152893
0.152894
0.152897
0.152897
0.152897
0.15291
0.152913
0.152914
0.152917
0.152917
0.152917
0.152917
0.152917
0.15292
0.15292
0.152923
0.152926
0.152927
0.152927
0.152932
0.152933
0.152934
0.152934
0.152937
0.152937
0.15294
0.152941
0.152947
0.152947
0.15295
0.15295
0.15295
0.152951
0.152957
0.15296
0.15296
0.152961
0.152963
0.152963
0.152964
0.152967
0.15297
0.152971
0.152973
0.152974
0.152976
0.152977
0.152977
0.15298
0.152981
0.152983
0.152984
0.152986
0.152987
0.152987
0.152987
0.15299
0.153
0.153
0.153003
0.153003
0.153003
0.153003
0.153003
0.153004
0.15301
0.15301
0.153011
0.153013
0.153017
0.15302
0.153023
0.153024
0.153026
0.153027
0.153027
0.153037
0.15304
0.153043
0.153047
0.153047
0.153054
0.153057
0.153057
0.15306
0.15307
0.153073
0.153074
0.153074
0.153074
0.153074
0.153077
0.153077
0.15308
0.15308
0.153081
0.153084
0.153086
0.153087
0.15309
0.153091
0.153097
0.153097
0.1531
0.153101
0.153102
0.153103
0.153103
0.153107
0.153113
0.153117
0.15312
0.15312
0.153123
0.153127
0.15313
0.153133
0.153134
0.153134
0.153136
0.153137
0.153138
0.153143
0.153143
0.153145
0.15315
0.153153
0.153157
0.153157
0.15316
0.15316
0.153161
0.153167
0.153167
0.15317
0.15317
0.153173
0.153173
0.153184
0.153187
0.15319
0.153191
0.153196
0.153197
0.1532
0.1532
0.1532
0.153203
0.153204
0.153207
0.15321
0.153213
0.153216
0.153217
0.15322
0.153223
0.153224
0.153226
0.153227
0.153228
0.153233
0.15324
0.15324
0.153243
0.153244
0.15325
0.15325
0.153254
0.153257
0.153257
0.15326
0.153267
0.15327
0.153273
0.153273
0.15328
0.153283
0.15329
0.153296
0.1533
0.153307
0.153316
0.15332
0.15332
0.15332
0.153324
0.15333
0.15333
0.153334
0.153334
0.153336
0.15334
0.15334
0.153343
0.153344
0.153344
0.153347
0.15335
0.15335
0.153353
0.153354
0.153357
0.15336
0.15336
0.153364
0.153373
0.153373
0.153373
0.153374
0.153383
0.153383
0.153386
0.153387
0.153393
0.153394
0.1534
0.153403
0.153404
0.153406
0.153408
0.15341
0.153417
0.153417
0.153423
0.153424
0.15343
0.153434
0.153437
0.153447
0.15345
0.153451
0.153451
0.153453
0.153454
0.153456
0.153457
0.153457
0.153457
0.15346
0.15346
0.15346
0.15347
0.153474
0.153474
0.153474
0.15348
0.15348
0.153487
0.153487
0.15349
0.153503
0.153504
0.153504
0.153505
0.153507
0.153513
0.153517
0.153524
0.153527
0.153527
0.153527
0.153527
0.15353
0.15353
0.15354
0.153547
0.15355
0.153553
0.153553
0.153554
0.153558
0.15356
0.153563
0.153568
0.15357
0.153574
0.153577
0.15358
0.15358
0.153586
0.153586
0.153597
0.153597
0.1536
0.1536
0.153603
0.153606
0.153613
0.153613
0.153619
0.15362
0.15362
0.153623
0.153627
0.15363
0.153633
0.15364
0.153643
0.153643
0.15365
0.153653
0.15366
0.15366
0.153663
0.153664
0.15367
0.153677
0.15368
0.153681
0.153683
0.153684
0.153687
0.153687
0.153687
0.15369
0.153697
0.153698
0.1537
0.153701
0.153704
0.153704
0.153706
0.153707
0.153707
0.153713
0.153716
0.153716
0.153724
0.153727
0.15373
0.153733
0.153734
0.153737
0.15374
0.153743
0.153747
0.153747
0.153747
0.15375
0.15375
0.153754
0.153754
0.15376
0.15376
0.153763
0.153763
0.153764
0.153776
0.153777
0.15379
0.15379
0.153794
0.153794
0.153798
0.153801
0.153803
0.153804
0.153804
0.153807
0.153807
0.153813
0.153813
0.15382
0.15382
0.153826
0.153827
0.153834
0.153836
0.153837
0.153837
0.153844
0.153847
0.15385
0.15385
0.153854
0.153856
0.153856
0.153857
0.153857
0.15386
0.15386
0.153861
0.153865
0.153867
0.153874
0.153874
0.153884
0.153886
0.153887
0.153887
0.153887
0.15389
0.153891
0.1539
0.1539
0.1539
0.153903
0.153903
0.153903
0.153906
0.153907
0.153914
0.153916
0.153917
0.153917
0.15392
0.153924
0.153924
0.153927
0.15393
0.153934
0.15394
0.15394
0.15394
0.153944
0.153944
0.153951
0.15396
0.15396
0.153963
0.153973
0.153974
0.153976
0.153977
0.15398
0.15398
0.153984
0.15399
0.153997
0.153997
0.154
0.154
0.154001
0.154004
0.154007
0.154007
0.154008
0.15402
0.15402
0.154023
0.154023
0.15403
0.15403
0.15403
0.154033
0.154033
0.154034
0.154037
0.154037
0.154037
0.154043
0.154043
0.154053
0.15406
0.15406
0.15406
0.154063
0.154063
0.154064
0.154064
0.154067
0.154067
0.15407
0.154071
0.154073
0.154074
0.15408
0.154083
0.154083
0.154084
0.154087
0.154088
0.154094
0.154094
0.1541
0.15411
0.15411
0.154116
0.154121
0.154126
0.154126
0.154127
0.15413
0.154137
0.154137
0.154138
0.15414
0.154144
0.154147
0.154147
0.154148
0.15415
0.154163
0.154167
0.154167
0.154178
0.15418
0.154183
0.154186
0.154186
0.15419
0.15419
0.15419
0.154191
0.154191
0.154198
0.154204
0.154204
0.154216
0.154217
0.154217
0.154221
0.154227
0.15423
0.15423
0.15423
0.154233
0.154234
0.154234
0.15424
0.154243
0.154246
0.154247
0.154253
0.154254
0.154257
0.154257
0.154257
0.15426
0.154263
0.154267
0.15427
0.15427
0.15428
0.154283
0.154283
0.154286
0.15429
0.15429
0.154293
0.154296
0.154299
0.1543
0.1543
0.154307
0.15431
0.154314
0.154316
0.15432
0.15433
0.15433
0.154337
0.15434
0.154344
0.154347
0.154354
0.154357
0.15436
0.154363
0.15437
0.15437
0.154384
0.154384
0.15439
0.15439
0.154393
0.154393
0.154394
0.154397
0.154407
0.15441
0.15442
0.154427
0.154433
0.154433
0.154437
0.154437
0.15444
0.154441
0.154444
0.154447
0.154447
0.15445
0.154454
0.154454
0.154456
0.154457
0.15446
0.15446
0.15446
0.154463
0.15447
0.15447
0.15447
0.154473
0.154477
0.15449
0.154496
0.154497
0.154497
0.154501
0.154511
0.154513
0.154514
0.154517
0.154517
0.15452
0.154524
0.154527
0.154527
0.154527
0.15453
0.15453
0.154531
0.154534
0.154538
0.154538
0.15454
0.154543
0.154544
0.154547
0.154547
0.15455
0.154556
0.154557
0.154567
0.15457
0.15458
0.154581
0.154586
0.154587
0.15459
0.15459
0.15459
0.154594
0.154596
0.154596
0.154597
0.154603
0.15461
0.154617
0.154623
0.154627
0.154636
0.154637
0.15464
0.15464
0.154643
0.154644
0.154647
0.154651
0.154654
0.154654
0.154657
0.15466
0.15466
0.154667
0.154668
0.154673
0.154683
0.154693
0.154694
0.154697
0.1547
0.154703
0.15471
0.15471
0.154716
0.154717
0.154721
0.15474
0.154773
0.154773
0.15478
0.154784
0.154787
0.154793
0.154794
0.154797
0.154797
0.1548
0.154801
0.154804
0.154807
0.15481
0.154813
0.154827
0.15483
0.15484
0.154843
0.154846
0.15485
0.154854
0.154858
0.154863
0.154864
0.154864
0.15488
0.15488
0.15488
0.154883
0.15489
0.154891
0.154897
0.1549
0.15491
0.15491
0.15491
0.154913
0.154914
0.154916
0.154927
0.15494
0.154943
0.154944
0.15495
0.154953
0.154954
0.154957
0.15499
0.154994
0.154994
0.154994
0.154996
0.154996
0.154997
0.15501
0.15501
0.155013
0.155017
0.155023
0.155024
0.15504
0.155044
0.15505
0.155064
0.155071
0.155073
0.155073
0.155084
0.155087
0.155087
0.155088
0.155093
0.155093
0.155093
0.15511
0.155114
0.15513
0.15513
0.155136
0.155137
0.155137
0.155141
0.155147
0.155158
0.155163
0.155183
0.155184
0.155194
0.1552
0.1552
0.155207
0.155207
0.15521
0.15522
0.15522
0.155223
0.15523
0.15524
0.155247
0.155247
0.155248
0.155254
0.155254
0.155254
0.155257
0.15526
0.155264
0.155274
0.155284
0.155288
0.155288
0.15529
0.155294
0.1553
0.155303
0.155307
0.15531
0.15531
0.155311
0.155313
0.155317
0.155334
0.155341
0.155343
0.155344
0.155344
0.15535
0.155354
0.155358
0.15536
0.155363
0.155364
0.155367
0.155367
0.155367
0.155374
0.155393
0.155394
0.155397
0.1554
0.155403
0.155413
0.155416
0.155416
0.155437
0.155444
0.155447
0.155447
0.155449
0.155453
0.155457
0.155458
0.15546
0.155461
0.155463
0.155467
0.15547
0.155474
0.155476
0.15548
0.155481
0.155487
0.155487
0.15549
0.155494
0.1555
0.155503
0.15551
0.155514
0.155533
0.155536
0.155537
0.155547
0.155553
0.155561
0.155563
0.155567
0.155587
0.155593
0.155601
0.155604
0.155607
0.155613
0.155624
0.155644
0.155647
0.15565
0.155653
0.155667
0.15568
0.15568
0.15568
0.155683
0.155684
0.155684
0.155687
0.155696
0.1557
0.15571
0.15571
0.15572
0.155724
0.155724
0.155724
0.155734
0.155743
0.15575
0.15577
0.155774
0.155774
0.155777
0.155787
0.15579
0.155806
0.155817
0.155831
0.155836
0.155837
0.155843
0.155844
0.155847
0.155853
0.155853
0.15586
0.15586
0.15586
0.155867
0.155871
0.155877
0.15588
0.155886
0.155886
0.15589
0.155894
0.1559
0.155914
0.155916
0.155923
0.155924
0.155927
0.155936
0.155954
0.155954
0.15596
0.155967
0.155973
0.155974
0.155976
0.155984
0.155991
0.155994
0.156
0.156003
0.15602
0.15602
0.156023
0.15603
0.156031
0.156037
0.156047
0.15605
0.15606
0.15606
0.156063
0.156067
0.156076
0.15609
0.156096
0.1561
0.15611
0.156116
0.15613
0.156144
0.156144
0.156156
0.156166
0.156169
0.15617
0.156177
0.156177
0.156177
0.15618
0.156187
0.15619
0.156194
0.156197
0.156207
0.156207
0.156221
0.156227
0.156227
0.156244
0.156246
0.156246
0.156254
0.156264
0.156267
0.156274
0.156276
0.156277
0.156286
0.15629
0.156307
0.156316
0.156317
0.15632
0.156324
0.156324
0.156331
0.156337
0.156337
0.15634
0.156343
0.156346
0.15636
0.156363
0.156363
0.156377
0.156394
0.15641
0.156443
0.156447
0.156447
0.156457
0.15646
0.156463
0.156464
0.156474
0.156487
0.15649
0.156503
0.156504
0.15651
0.156527
0.15653
0.156533
0.156547
0.15655
0.156564
0.156571
0.156573
0.156576
0.156576
0.156577
0.156587
0.15661
0.156623
0.156636
0.15665
0.156654
0.15666
0.156687
0.156704
0.156708
0.15671
0.15672
0.156723
0.156727
0.156747
0.156749
0.15675
0.156763
0.15679
0.15682
0.156833
0.156836
0.156837
0.156838
0.156846
0.156857
0.15686
0.156864
0.156864
0.156876
0.156877
0.15688
0.156883
0.1569
0.156904
0.156904
0.156913
0.156914
0.156916
0.156916
0.156924
0.156933
0.156934
0.156947
0.15695
0.156957
0.156963
0.156974
0.156977
0.156987
0.156997
0.157013
0.15702
0.157053
0.157053
0.157057
0.157077
0.15708
0.157084
0.157084
0.157092
0.157094
0.157094
0.157104
0.157107
0.15711
0.15711
0.157134
0.15714
0.157141
0.157147
0.15716
0.157163
0.157173
0.157177
0.157181
0.157184
0.157187
0.15719
0.157204
0.15721
0.157213
0.157226
0.157227
0.15723
0.15724
0.157243
0.157254
0.157257
0.15726
0.157264
0.15728
0.157287
0.157293
0.157306
0.157317
0.157323
0.157333
0.157337
0.157346
0.157357
0.157364
0.157374
0.15738
0.15738
0.157383
0.1574
0.157403
0.157406
0.157407
0.157416
0.15743
0.157447
0.157447
0.157453
0.157467
0.157488
0.157497
0.157497
0.157504
0.157504
0.157513
0.15754
0.157547
0.157554
0.15756
0.15756
0.15757
0.157573
0.15758
0.157581
0.157584
0.157587
0.157604
0.157614
0.15762
0.157623
0.157624
0.157646
0.157653
0.157657
0.15766
0.157664
0.157664
0.157667
0.15768
0.157693
0.1577
0.15771
0.15771
0.15771
0.157757
0.15776
0.15776
0.15776
0.157767
0.157787
0.157788
0.15779
0.157804
0.157807
0.15782
0.157827
0.15783
0.15783
0.157833
0.157837
0.157841
0.157844
0.157847
0.157856
0.15786
0.15786
0.157864
0.157877
0.157884
0.157897
0.1579
0.157904
0.157906
0.157907
0.157918
0.157937
0.157946
0.15795
0.157953
0.15796
0.157963
0.157964
0.157977
0.157993
0.157996
0.158007
0.158017
0.158034
0.158036
0.15805
0.15805
0.158053
0.15806
0.158061
0.158074
0.158086
0.15809
0.15809
0.158093
0.158094
0.15811
0.158114
0.158117
0.158126
0.158131
0.15814
0.15815
0.158154
0.158156
0.15817
0.158177
0.158193
0.158197
0.1582
0.158203
0.158207
0.15821
0.158211
0.158214
0.15823
0.158246
0.158256
0.15826
0.15827
0.158274
0.158276
0.158277
0.158283
0.158286
0.15829
0.158303
0.158313
0.158323
0.158323
0.158326
0.158327
0.158333
0.158337
0.158354
0.158357
0.15836
0.158367
0.158367
0.158397
0.1584
0.158407
0.158407
0.158411
0.158414
0.158427
0.158427
0.158433
0.158443
0.158443
0.158444
0.15845
0.15845
0.15846
0.15846
0.15846
0.158462
0.158473
0.158473
0.158477
0.158477
0.158493
0.158497
0.158499
0.158501
0.158504
0.158513
0.15852
0.15852
0.158521
0.15853
0.158533
0.158537
0.15854
0.158545
0.15855
0.15855
0.158551
0.158554
0.15856
0.158566
0.15858
0.158584
0.158585
0.158607
0.158607
0.15861
0.158613
0.158617
0.15862
0.15862
0.158624
0.15863
0.15863
0.158636
0.158646
0.15866
0.158663
0.15868
0.158683
0.15869
0.158693
0.158703
0.158704
0.158714
0.15872
0.15873
0.15873
0.158733
0.158737
0.158743
0.158763
0.158773
0.158777
0.15878
0.15879
0.158803
0.158813
0.158817
0.158817
0.158817
0.158824
0.158837
0.158846
0.15885
0.158857
0.15886
0.158867
0.15887
0.158877
0.158877
0.158883
0.158883
0.158887
0.15892
0.15892
0.158923
0.158924
0.158927
0.158927
0.158928
0.158931
0.158931
0.158933
0.158934
0.158934
0.158944
0.158948
0.158967
0.158967
0.15897
0.15897
0.158973
0.158974
0.158974
0.15898
0.158993
0.15902
0.159023
0.159027
0.159036
0.159036
0.159043
0.159043
0.159044
0.159045
0.159054
0.159056
0.159063
0.159077
0.159094
0.159096
0.159097
0.159104
0.15911
0.15911
0.159111
0.159113
0.15912
0.15912
0.159123
0.159124
0.159126
0.159137
0.159141
0.15915
0.159153
0.159153
0.159157
0.15916
0.15916
0.15917
0.159174
0.159185
0.159197
0.15921
0.159213
0.159214
0.15922
0.15922
0.159223
0.159227
0.159233
0.159234
0.159237
0.159243
0.159247
0.159256
0.159257
0.159264
0.15928
0.15929
0.159294
0.159294
0.1593
0.159304
0.159304
0.159313
0.159314
0.15932
0.159324
0.159327
0.159333
0.159337
0.159343
0.15935
0.159353
0.159357
0.159361
0.159361
0.159367
0.15938
0.159383
0.159384
0.15939
0.159397
0.1594
0.1594
0.159404
0.15941
0.15941
0.159414
0.15942
0.159426
0.15943
0.15943
0.15943
0.159433
0.159436
0.15944
0.159444
0.159444
0.159454
0.159473
0.15948
0.159503
0.159506
0.159517
0.159526
0.159536
0.159536
0.15955
0.15956
0.15956
0.159577
0.159583
0.159583
0.159593
0.159597
0.159601
0.159603
0.159634
0.159634
0.159643
0.159653
0.15966
0.159667
0.15967
0.159673
0.159677
0.159684
0.15969
0.15969
0.159703
0.159707
0.159713
0.159717
0.159717
0.15972
0.15972
0.159726
0.159727
0.15973
0.15973
0.15974
0.159746
0.159761
0.159771
0.159774
0.15978
0.159783
0.159787
0.159787
0.159791
0.159793
0.159793
0.1598
0.159804
0.159804
0.15981
0.159828
0.159828
0.159833
0.159834
0.15984
0.159844
0.159854
0.159857
0.159864
0.159867
0.159873
0.159874
0.159881
0.159886
0.159896
0.159897
0.159897
0.1599
0.159904
0.159906
0.159907
0.15992
0.159927
0.159927
0.15993
0.159934
0.159947
0.159948
0.159957
0.15996
0.159964
0.159964
0.159966
0.159967
0.15997
0.159973
0.159974
0.159977
0.159977
0.159991
0.16
0.16001
0.16001
0.16002
0.160044
0.160044
0.160047
0.160056
0.16006
0.160071
0.160074
0.16008
0.16009
0.16009
0.16009
0.16009
0.160093
0.160094
0.160097
0.160101
0.160123
0.160124
0.16014
0.16014
0.16014
0.16014
0.160153
0.160154
0.160154
0.16016
0.16016
0.160163
0.160163
0.160167
0.160174
0.16018
0.160181
0.160193
0.160194
0.160194
0.160196
0.160207
0.160208
0.160213
0.160223
0.160224
0.160228
0.160236
0.160237
0.16024
0.160243
0.160253
0.160253
0.16026
0.160263
0.160267
0.160274
0.160283
0.160294
0.160297
0.160301
0.160307
0.16031
0.16032
0.160321
0.160323
0.16033
0.160333
0.160336
0.160343
0.160347
0.160357
0.16037
0.160378
0.160383
0.160387
0.160394
0.160397
0.160397
0.160401
0.160403
0.16041
0.160417
0.160417
0.16042
0.160423
0.160423
0.160426
0.160431
0.160433
0.160437
0.16044
0.160443
0.160444
0.160447
0.160456
0.16046
0.16046
0.16046
0.16047
0.160474
0.16048
0.160484
0.160487
0.160487
0.160487
0.16049
0.16049
0.160493
0.160493
0.160496
0.160503
0.160507
0.16051
0.16051
0.160513
0.160517
0.16054
0.160544
0.16055
0.16055
0.160553
0.160553
0.160559
0.16056
0.160563
0.160563
0.160564
0.160564
0.160567
0.160567
0.16057
0.16058
0.16059
0.1606
0.160613
0.160617
0.160617
0.160618
0.16062
0.16062
0.160624
0.160627
0.16063
0.16063
0.160636
0.160637
0.160644
0.160647
0.16065
0.160653
0.160657
0.160667
0.160667
0.160667
0.16067
0.16068
0.160681
0.160684
0.160686
0.16069
0.160698
0.1607
0.160703
0.160707
0.16071
0.160713
0.160723
0.160723
0.160723
0.16073
0.16073
0.160733
0.160736
0.160737
0.160741
0.16075
0.160757
0.160763
0.160777
0.16078
0.16078
0.160784
0.160787
0.16079
0.16079
0.160793
0.160796
0.160807
0.160807
0.160807
0.16081
0.16082
0.160823
0.160828
0.160831
0.160833
0.16084
0.16085
0.16085
0.160854
0.160857
0.160866
0.160867
0.16087
0.160874
0.160877
0.16088
0.16089
0.160894
0.160894
0.160894
0.160904
0.160906
0.16091
0.16091
0.160913
0.160914
0.16092
0.160924
0.16093
0.16093
0.160934
0.16094
0.16094
0.160944
0.16096
0.160964
0.160966
0.16097
0.160977
0.16099
0.16099
0.160997
0.161003
0.161004
0.161013
0.161014
0.161017
0.16102
0.161024
0.161026
0.161036
0.161037
0.16104
0.161046
0.161047
0.161054
0.161057
0.161057
0.161063
0.161071
0.161073
0.161073
0.161077
0.161077
0.161084
0.161086
0.16109
0.161091
0.1611
0.1611
0.161103
0.161104
0.16111
0.16111
0.161117
0.16112
0.16112
0.161127
0.16113
0.161131
0.161136
0.161137
0.161143
0.161146
0.16115
0.161153
0.161153
0.161164
0.161167
0.161167
0.16117
0.161173
0.161177
0.161183
0.161184
0.161184
0.161187
0.161187
0.161188
0.16119
0.161191
0.161194
0.161203
0.16121
0.161211
0.161211
0.161211
0.161214
0.161214
0.161216
0.161216
0.161216
0.161217
0.161218
0.16122
0.161223
0.161223
0.161224
0.161227
0.16123
0.161244
0.161247
0.16125
0.161257
0.161264
0.16127
0.16127
0.16128
0.16128
0.16128
0.161283
0.161284
0.161284
0.161291
0.161297
0.1613
0.161303
0.161307
0.161317
0.161323
0.161327
0.16133
0.161333
0.161337
0.16135
0.161361
0.161364
0.161364
0.16137
0.161373
0.161374
0.161377
0.161378
0.161386
0.16139
0.16139
0.16139
0.161404
0.161407
0.16141
0.161413
0.161417
0.16142
0.161431
0.161437
0.16144
0.16144
0.161443
0.161444
0.161446
0.161447
0.16145
0.161454
0.161454
0.161457
0.161464
0.161467
0.161467
0.16147
0.161473
0.161473
0.161484
0.16149
0.16149
0.1615
0.161504
0.161506
0.16151
0.161517
0.161527
0.16153
0.16153
0.161533
0.161534
0.161536
0.161537
0.16154
0.161543
0.161544
0.161544
0.161546
0.161547
0.161547
0.161547
0.161553
0.16156
0.16156
0.161561
0.161563
0.161564
0.161564
0.161567
0.16157
0.16157
0.161574
0.161577
0.161586
0.161586
0.161587
0.161587
0.161587
0.161593
0.161597
0.1616
0.161603
0.161603
0.161604
0.161604
0.161606
0.161607
0.161607
0.161617
0.16162
0.161633
0.161637
0.16165
0.16165
0.16165
0.161657
0.161657
0.161667
0.161667
0.16167
0.16167
0.16167
0.161677
0.161684
0.161684
0.161684
0.16169
0.161697
0.161697
0.161698
0.1617
0.161704
0.161707
0.161707
0.161713
0.161714
0.161716
0.161723
0.16173
0.16173
0.16173
0.161736
0.16174
0.161743
0.161743
0.161743
0.161746
0.161754
0.161757
0.16177
0.161775
0.161777
0.16178
0.161784
0.161787
0.16179
0.16179
0.161793
0.161797
0.161804
0.161807
0.161807
0.161817
0.161817
0.161817
0.161825
0.161826
0.161827
0.161827
0.16183
0.161834
0.161834
0.161836
0.161837
0.161851
0.161853
0.161856
0.16186
0.161864
0.161866
0.161871
0.161873
0.161874
0.16188
0.161884
0.161886
0.161887
0.1619
0.161904
0.161904
0.161907
0.161927
0.161938
0.16194
0.161944
0.161944
0.161953
0.161954
0.161957
0.161963
0.161966
0.161967
0.16197
0.161977
0.16198
0.161981
0.161996
0.161997
0.162
0.162
0.162001
0.162003
0.162004
0.162015
0.162016
0.162017
0.162017
0.162023
0.162024
0.16203
0.162037
0.162041
0.162043
0.162057
0.162066
0.162067
0.16207
0.162071
0.162076
0.162077
0.162077
0.162077
0.162087
0.16209
0.16209
0.16209
0.162097
0.162103
0.162104
0.162104
0.162104
0.16211
0.162113
0.162117
0.162117
0.16212
0.162123
0.162123
0.162123
0.16213
0.16213
0.16213
0.16213
0.16214
0.16214
0.16214
0.162146
0.16215
0.16216
0.16216
0.16216
0.162163
0.162163
0.162163
0.162164
0.16217
0.162177
0.16218
0.16218
0.16219
0.162193
0.162194
0.162207
0.162217
0.16222
0.162226
0.162227
0.162233
0.162241
0.162244
0.16225
0.162253
0.162254
0.162254
0.162254
0.162254
0.162257
0.162263
0.162266
0.16227
0.16227
0.162276
0.162276
0.16228
0.162284
0.162287
0.162293
0.162303
0.162303
0.162303
0.162304
0.162306
0.162307
0.16231
0.16231
0.162317
0.162317
0.162321
0.162323
0.162328
0.16233
0.162337
0.16234
0.162341
0.162347
0.16235
0.162351
0.162353
0.16236
0.162364
0.162367
0.162374
0.16238
0.16239
0.16239
0.16239
0.162397
0.1624
0.162403
0.162407
0.16241
0.162416
0.16242
0.16242
0.162423
0.16243
0.162434
0.162437
0.162437
0.16244
0.16244
0.162444
0.16245
0.16245
0.162454
0.16246
0.16246
0.16247
0.162477
0.162483
0.162486
0.16249
0.162494
0.162504
0.16251
0.16251
0.162519
0.16252
0.16252
0.16252
0.162523
0.16253
0.162533
0.162537
0.16254
0.162544
0.16255
0.162557
0.16256
0.16256
0.162563
0.16257
0.162571
0.162573
0.162574
0.162583
0.162583
0.162583
0.162583
0.16259
0.162593
0.162597
0.162607
0.162607
0.16261
0.162613
0.162627
0.16263
0.162633
0.162634
0.162636
0.16264
0.162641
0.162643
0.162644
0.162647
0.162653
0.162657
0.162661
0.162667
0.162673
0.16268
0.16268
0.16268
0.162684
0.162684
0.16269
0.162693
0.162694
0.162694
0.162703
0.162707
0.162713
0.162713
0.162724
0.162724
0.162727
0.162727
0.162727
0.162733
0.16274
0.162757
0.162757
0.16276
0.16276
0.162774
0.162787
0.162793
0.162794
0.162794
0.1628
0.162801
0.162801
0.162803
0.162803
0.162809
0.162811
0.162817
0.162817
0.16282
0.162821
0.162823
0.162824
0.162824
0.162827
0.16283
0.16283
0.162833
0.162837
0.162843
0.162847
0.16285
0.162853
0.162857
0.16286
0.162867
0.16287
0.162874
0.162877
0.162878
0.162884
0.16289
0.1629
0.162904
0.162904
0.162907
0.162907
0.162914
0.162916
0.162918
0.16292
0.16292
0.16292
0.162924
0.162927
0.162927
0.162937
0.162937
0.16294
0.162944
0.162947
0.162954
0.162954
0.16296
0.162961
0.162967
0.162967
0.16297
0.16297
0.16297
0.162974
0.162974
0.16298
0.162991
0.162993
0.162994
0.162994
0.163006
0.163007
0.16301
0.163013
0.163016
0.163017
0.163018
0.163023
0.16303
0.16303
0.163037
0.163037
0.16304
0.16304
0.163044
0.16305
0.163053
0.163057
0.163057
0.163057
0.163064
0.163077
0.163084
0.163084
0.163086
0.163087
0.163087
0.163087
0.16309
0.163093
0.1631
0.16311
0.163114
0.163117
0.163123
0.163124
0.163126
0.163127
0.163127
0.163127
0.163127
0.16313
0.16314
0.163141
0.163147
0.163147
0.16316
0.163161
0.163163
0.163167
0.163177
0.163178
0.16319
0.163193
0.163193
0.163194
0.1632
0.163207
0.163207
0.16321
0.16321
0.163217
0.163223
0.163224
0.16323
0.163233
0.163237
0.16324
0.16324
0.163243
0.163243
0.163243
0.16325
0.16325
0.163254
0.163257
0.163263
0.163271
0.163273
0.163277
0.163283
0.163287
0.163293
0.163304
0.163307
0.16331
0.163313
0.163314
0.16332
0.163321
0.163324
0.163327
0.163327
0.16333
0.163333
0.163333
0.163343
0.163347
0.16335
0.163354
0.163357
0.163363
0.163363
0.163367
0.163374
0.163376
0.163376
0.163376
0.163377
0.16338
0.16338
0.163386
0.16339
0.163407
0.163413
0.163417
0.163417
0.163424
0.163426
0.163427
0.16343
0.163431
0.163434
0.163434
0.163456
0.163463
0.163463
0.163464
0.163467
0.163467
0.163473
0.163477
0.16348
0.163484
0.163487
0.16349
0.163494
0.163503
0.163504
0.16351
0.163513
0.163514
0.163517
0.16352
0.16352
0.16352
0.163523
0.163534
0.16354
0.163543
0.163544
0.163547
0.16355
0.163551
0.163554
0.163556
0.16356
0.163567
0.163567
0.163571
0.163573
0.163574
0.163577
0.163577
0.163584
0.1636
0.1636
0.1636
0.163604
0.163607
0.163617
0.16362
0.163624
0.163624
0.163627
0.16363
0.16363
0.163637
0.163637
0.16364
0.163646
0.163647
0.163653
0.163653
0.163654
0.163654
0.163657
0.16366
0.163667
0.16367
0.16367
0.16367
0.163673
0.163677
0.163687
0.163687
0.163697
0.1637
0.163703
0.163704
0.163706
0.163711
0.163717
0.16372
0.16372
0.163727
0.16373
0.163731
0.163747
0.163753
0.163757
0.16376
0.16376
0.163764
0.163777
0.163793
0.163794
0.163796
0.163797
0.163801
0.163803
0.16381
0.16382
0.16382
0.16382
0.16382
0.163823
0.163823
0.163824
0.163827
0.16383
0.16383
0.163833
0.163834
0.163834
0.163837
0.16384
0.16384
0.163843
0.163847
0.163847
0.163848
0.16385
0.163857
0.16386
0.16386
0.163864
0.163867
0.163873
0.163874
0.163887
0.163893
0.163896
0.163896
0.163897
0.163903
0.163907
0.163907
0.16391
0.16392
0.163921
0.163923
0.163923
0.163924
0.163926
0.163933
0.163934
0.163937
0.163937
0.163946
0.163947
0.163957
0.16396
0.16396
0.163966
0.16397
0.163971
0.163973
0.163974
0.163977
0.16398
0.163983
0.163983
0.163984
0.163986
0.16399
0.16399
0.163994
0.163996
0.163996
0.164007
0.16401
0.16401
0.16401
0.164014
0.164017
0.164024
0.16403
0.164034
0.164034
0.164036
0.164041
0.164043
0.164047
0.16405
0.16405
0.16405
0.164051
0.164053
0.164054
0.164067
0.16407
0.164073
0.164074
0.16408
0.164086
0.164087
0.16409
0.16409
0.16409
0.164094
0.164094
0.164094
0.164094
0.164097
0.1641
0.164101
0.164103
0.16411
0.164113
0.164121
0.164124
0.164125
0.164127
0.164127
0.164134
0.164137
0.164137
0.16414
0.164143
0.164144
0.16415
0.16415
0.16415
0.16415
0.164153
0.164156
0.164157
0.164157
0.16416
0.16416
0.164161
0.16417
0.164177
0.164178
0.164181
0.164187
0.16419
0.16419
0.164193
0.164196
0.164203
0.164203
0.164206
0.164211
0.164214
0.164216
0.16422
0.16423
0.164233
0.164233
0.16424
0.164243
0.164244
0.164254
0.16426
0.164263
0.164263
0.164263
0.164267
0.16427
0.16427
0.164277
0.1643
0.164304
0.16431
0.164311
0.164313
0.164314
0.16432
0.164329
0.16433
0.164333
0.164334
0.164336
0.164344
0.164344
0.16435
0.164353
0.164354
0.16437
0.164373
0.164373
0.16438
0.16439
0.16439
0.16439
0.164397
0.164397
0.1644
0.164406
0.164407
0.164413
0.164413
0.164414
0.16442
0.16442
0.16443
0.164433
0.164434
0.164437
0.164443
0.164447
0.16445
0.164454
0.164454
0.164463
0.164467
0.164468
0.164473
0.164474
0.164476
0.164476
0.164476
0.16448
0.16448
0.164484
0.16449
0.164493
0.164493
0.164494
0.1645
0.1645
0.16451
0.164514
0.164524
0.164526
0.164527
0.16453
0.164534
0.164536
0.164551
0.164553
0.164563
0.164566
0.16458
0.16458
0.164584
0.164584
0.164584
0.164587
0.164587
0.164587
0.16459
0.16459
0.164593
0.164594
0.164597
0.1646
0.164603
0.164604
0.164604
0.164606
0.16461
0.164611
0.164613
0.164617
0.164621
0.164623
0.164623
0.16463
0.16464
0.164643
0.164647
0.164657
0.164663
0.164664
0.16467
0.16468
0.16468
0.164687
0.164687
0.164694
0.164697
0.1647
0.164707
0.164714
0.164716
0.16472
0.164734
0.164737
0.164743
0.164756
0.164757
0.16476
0.164763
0.164773
0.164774
0.164784
0.164787
0.164796
0.1648
0.164803
0.164807
0.164814
0.164817
0.164817
0.164821
0.164823
0.164826
0.164827
0.16483
0.164833
0.164833
0.164837
0.16484
0.164847
0.164848
0.16485
0.16485
0.164853
0.164854
0.164854
0.164858
0.16486
0.16486
0.164863
0.164867
0.164867
0.16487
0.16487
0.164877
0.164877
0.16488
0.16488
0.16489
0.164897
0.164904
0.164907
0.16491
0.16492
0.16493
0.16493
0.164937
0.164937
0.16494
0.164943
0.164947
0.16495
0.164957
0.16496
0.164964
0.16497
0.16497
0.16497
0.164977
0.164977
0.164977
0.164984
0.16499
0.164996
0.165
0.165
0.165007
0.165009
0.16502
0.165021
0.165023
0.165024
0.165024
0.165024
0.16503
0.16503
0.16503
0.165036
0.165047
0.16505
0.165054
0.16506
0.16506
0.16506
0.165063
0.16507
0.165074
0.165077
0.165081
0.165084
0.165085
0.165087
0.16509
0.165094
0.165097
0.1651
0.165103
0.165107
0.16511
0.165114
0.165118
0.165121
0.165124
0.165137
0.165138
0.16514
0.16514
0.165143
0.165145
0.165147
0.165151
0.165156
0.165167
0.165167
0.165168
0.16517
0.16517
0.165178
0.165197
0.165197
0.165203
0.16521
0.16521
0.165216
0.165216
0.16522
0.16522
0.165233
0.16524
0.165243
0.165246
0.165247
0.165251
0.165257
0.165263
0.165266
0.165267
0.165267
0.16527
0.165274
0.165274
0.165283
0.165289
0.16529
0.165293
0.165294
0.165296
0.165296
0.165303
0.165313
0.165317
0.165317
0.165318
0.16532
0.165323
0.165326
0.165327
0.165328
0.165329
0.165334
0.165336
0.165337
0.16534
0.16534
0.165343
0.165357
0.16536
0.165364
0.165367
0.165367
0.165368
0.16537
0.165374
0.165376
0.165383
0.165387
0.165391
0.165394
0.165394
0.165396
0.165417
0.16543
0.165434
0.165437
0.165444
0.165444
0.16545
0.165453
0.165456
0.165457
0.165463
0.165467
0.16547
0.16547
0.165473
0.165474
0.165474
0.165476
0.165483
0.165483
0.16549
0.16549
0.1655
0.16551
0.165514
0.165517
0.165528
0.165533
0.165537
0.165543
0.165556
0.165557
0.165563
0.165564
0.165564
0.16557
0.165576
0.165584
0.165587
0.165591
0.165593
0.165594
0.165604
0.165606
0.16561
0.165613
0.165616
0.16562
0.165624
0.165627
0.165627
0.165627
0.165647
0.165656
0.16567
0.165674
0.165674
0.165676
0.165677
0.165677
0.16568
0.16568
0.16569
0.1657
0.165703
0.16571
0.165717
0.165723
0.165726
0.16574
0.165744
0.16575
0.165753
0.165756
0.16576
0.165762
0.165767
0.16577
0.16577
0.165773
0.165774
0.165776
0.16578
0.165781
0.16579
0.165793
0.165797
0.165797
0.1658
0.1658
0.165803
0.16581
0.165814
0.165814
0.165816
0.165817
0.165823
0.165827
0.165831
0.165834
0.165837
0.165843
0.165844
0.16585
0.16585
0.165853
0.165854
0.165864
0.165867
0.165871
0.165873
0.165877
0.165877
0.16588
0.165883
0.165884
0.165887
0.165887
0.165897
0.1659
0.165906
0.165907
0.16591
0.16591
0.165914
0.165923
0.165924
0.165926
0.16593
0.165933
0.165934
0.165934
0.165943
0.165943
0.165947
0.16595
0.165954
0.165957
0.16596
0.165961
0.165963
0.165966
0.16597
0.165973
0.165974
0.165977
0.16598
0.165986
0.165987
0.165987
0.16599
0.165997
0.166
0.166001
0.166006
0.166007
0.166016
0.166017
0.166017
0.16603
0.166037
0.16604
0.166043
0.166046
0.16605
0.166051
0.166061
0.16607
0.16607
0.166081
0.166084
0.16609
0.166094
0.166097
0.166097
0.166097
0.166107
0.166127
0.166137
0.166143
0.166163
0.166163
0.166164
0.166167
0.16617
0.166173
0.166177
0.16618
0.166181
0.166194
0.166197
0.166207
0.166207
0.16621
0.16622
0.166236
0.16624
0.166254
0.166264
0.166269
0.166277
0.16628
0.16628
0.16628
0.16628
0.166283
0.166284
0.166284
0.166294
0.166296
0.166297
0.166303
0.166317
0.166327
0.16633
0.16633
0.166333
0.166336
0.166344
0.166347
0.16635
0.16635
0.166351
0.166356
0.16636
0.166363
0.166367
0.166367
0.166377
0.166383
0.166393
0.166393
0.166396
0.166397
0.1664
0.166404
0.166404
0.166411
0.166413
0.166434
0.16644
0.166443
0.166446
0.16645
0.166453
0.166454
0.166457
0.16646
0.16647
0.16647
0.166474
0.166481
0.166486
0.16649
0.16649
0.166494
0.1665
0.166503
0.166504
0.166514
0.166514
0.166517
0.16652
0.16652
0.166524
0.16653
0.16654
0.166543
0.166543
0.166543
0.166544
0.16655
0.16656
0.166564
0.166571
0.166588
0.166591
0.166597
0.166598
0.1666
0.166607
0.166613
0.166613
0.166613
0.16662
0.166624
0.166637
0.166643
0.166646
0.166663
0.166667
0.16667
0.166677
0.166677
0.166683
0.166684
0.166686
0.166687
0.166687
0.166693
0.166694
0.166696
0.166707
0.166714
0.166717
0.166723
0.166726
0.166733
0.166733
0.166736
0.166736
0.166737
0.16674
0.166743
0.16675
0.16675
0.166757
0.16676
0.16677
0.16677
0.16677
0.166773
0.16678
0.16679
0.166791
0.166796
0.166796
0.166807
0.16681
0.166813
0.166817
0.166826
0.16685
0.16685
0.16685
0.166854
0.166857
0.16686
0.166861
0.16687
0.166873
0.166877
0.166884
0.166888
0.166893
0.166897
0.1669
0.166904
0.166907
0.16692
0.16692
0.16692
0.166934
0.166937
0.16695
0.166954
0.166954
0.166967
0.16697
0.166976
0.166977
0.166986
0.167006
0.167007
0.16701
0.167013
0.167014
0.167023
0.167023
0.16703
0.167037
0.167044
0.167046
0.16705
0.167054
0.167057
0.167063
0.167068
0.16707
0.167073
0.167077
0.16708
0.16709
0.167093
0.167094
0.167094
0.167097
0.167097
0.167097
0.167103
0.167107
0.167107
0.16711
0.167114
0.167116
0.16712
0.167123
0.167127
0.16714
0.167143
0.167144
0.167153
0.16716
0.16717
0.167184
0.167193
0.167194
0.1672
0.1672
0.167204
0.16721
0.167226
0.167227
0.167234
0.167243
0.16725
0.167253
0.167257
0.167267
0.167267
0.16727
0.16727
0.16727
0.167274
0.167283
0.167286
0.16729
0.167291
0.167297
0.167317
0.167318
0.16732
0.167323
0.167324
0.167333
0.16735
0.16736
0.167363
0.167364
0.167366
0.16737
0.167373
0.167373
0.167376
0.16738
0.167384
0.167387
0.1674
0.167414
0.16742
0.167421
0.167423
0.167426
0.167427
0.167433
0.167433
0.167434
0.167437
0.167444
0.167444
0.167462
0.167463
0.16747
0.16748
0.167493
0.167507
0.167507
0.167514
0.167517
0.16753
0.167537
0.16754
0.167543
0.16756
0.167564
0.167568
0.167573
0.167574
0.167577
0.167577
0.16758
0.167584
0.167584
0.16759
0.167604
0.16761
0.167613
0.167618
0.167623
0.167626
0.16763
0.16763
0.167631
0.167637
0.167653
0.16766
0.167676
0.167687
0.167697
0.167697
0.167707
0.167707
0.167711
0.167717
0.16772
0.167723
0.167727
0.167734
0.16774
0.16774
0.16775
0.167767
0.167776
0.16778
0.167784
0.167793
0.167797
0.167804
0.167807
0.167807
0.16782
0.167823
0.167824
0.16783
0.16786
0.167864
0.167867
0.167874
0.16788
0.167903
0.167904
0.167906
0.167907
0.167914
0.16792
0.167927
0.167934
0.167943
0.167943
0.167953
0.167973
0.167974
0.167983
0.167987
0.16801
0.168018
0.16802
0.168021
0.168033
0.168054
0.168054
0.168064
0.168067
0.168067
0.168073
0.168076
0.168077
0.16808
0.168093
0.168096
0.16811
0.168117
0.168123
0.16813
0.16813
0.168133
0.168137
0.168154
0.16816
0.168167
0.168173
0.168187
0.16819
0.168197
0.1682
0.168209
0.16822
0.16823
0.16823
0.168234
0.168237
0.16826
0.16828
0.1683
0.168301
0.168304
0.168313
0.16833
0.168333
0.168334
0.16835
0.16835
0.168354
0.168356
0.168363
0.168381
0.168417
0.168417
0.168424
0.16844
0.168447
0.16846
0.168473
0.168481
0.168483
0.168484
0.16849
0.168491
0.1685
0.168507
0.168507
0.168517
0.168523
0.168527
0.16854
0.16855
0.168558
0.16858
0.16858
0.168583
0.168585
0.168593
0.168607
0.168616
0.168623
0.168627
0.168637
0.16865
0.168654
0.168674
0.168703
0.168708
0.168717
0.16872
0.168721
0.168727
0.16879
0.16882
0.168824
0.168837
0.16885
0.168853
0.168857
0.168857
0.168864
0.168867
0.168876
0.168904
0.168913
0.168933
0.168967
0.168993
0.169004
0.16904
0.16905
0.169084
0.16909
0.16909
0.169094
0.169117
0.169124
0.169127
0.169133
0.16914
0.169163
0.169167
0.169197
0.169212
0.169216
0.16923
0.16923
0.169267
0.169267
0.169277
0.169283
0.1693
0.169311
0.169317
0.16932
0.16932
0.169324
0.16934
0.169347
0.169394
0.169407
0.16942
0.169423
0.169423
0.169427
0.169461
0.169467
0.169493
0.169514
0.169517
0.16953
0.169543
0.16956
0.169563
0.169594
0.169634
0.169636
0.169643
0.169644
0.16965
0.169654
0.169657
0.169681
0.169687
0.169733
0.169737
0.16974
0.169744
0.16977
0.169774
0.169777
0.1698
0.1698
0.16982
0.169823
0.16983
0.16984
0.169846
0.169867
0.169887
0.169893
0.169924
0.169931
0.16996
0.16997
0.169977
0.169977
0.17001
0.170036
0.170056
0.170113
0.170117
0.170117
0.170124
0.170178
0.17019
0.1702
0.170221
0.170226
0.17025
0.17027
0.17028
0.17031
0.170321
0.17034
0.170363
0.170364
0.170366
0.170368
0.170374
0.170383
0.170407
0.170423
0.170468
0.17047
0.170487
0.170507
0.170513
0.17055
0.170584
0.170593
0.17061
0.170623
0.170631
0.170643
0.170678
0.170684
0.170713
0.170728
0.170734
0.170766
0.17079
0.17079
0.17081
0.170813
0.170836
0.17086
0.170903
0.17093
0.170978
0.171013
0.171023
0.171024
0.171033
0.17105
0.17105
0.17109
0.171104
0.171127
0.171131
0.17115
0.171157
0.17116
0.171211
0.171223
0.17132
0.17133
0.171331
0.171361
0.171374
0.171387
0.171414
0.171437
0.171447
0.17149
0.171514
0.17153
0.17155
0.171563
0.171583
0.171593
0.171597
0.17164
0.171686
0.171697
0.171713
0.171714
0.17172
0.17172
0.171737
0.17175
0.171787
0.171813
0.17183
0.171847
0.171864
0.171868
0.171897
0.17192
0.171926
0.17195
0.172007
0.172017
0.172021
0.172083
0.172088
0.17211
0.172116
0.17212
0.17216
0.172166
0.17219
0.172224
0.172244
0.172297
0.172304
0.172316
0.17232
0.172327
0.172334
0.172336
0.17235
0.17239
0.17242
0.172423
0.17245
0.172472
0.172476
0.172503
0.17251
0.172517
0.172523
0.172547
0.172555
0.17259
0.172623
0.17264
0.172656
0.172657
0.172663
0.172664
0.172664
0.17268
0.172724
0.17274
0.17277
0.172783
0.172783
0.17279
0.172794
0.172806
0.172827
0.172831
0.17291
0.172947
0.17299
0.173
0.173
0.173004
0.17301
0.173016
0.173027
0.17303
0.173036
0.173077
0.17308
0.173096
0.173097
0.17311
0.173123
0.173124
0.17313
0.173144
0.173151
0.17319
0.173207
0.173227
0.17329
0.173296
0.173304
0.173323
0.173324
0.173347
0.173382
0.173384
0.173391
0.1734
0.1734
0.17342
0.173424
0.17343
0.173447
0.173457
0.17347
0.173477
0.17349
0.1735
0.173511
0.173517
0.173573
0.17358
0.173584
0.1736
0.173663
0.173681
0.173694
0.1737
0.17371
0.17372
0.17376
0.173774
0.17382
0.17385
0.173883
0.173894
0.173907
0.173934
0.173948
0.173953
0.17396
0.173983
0.174006
0.174007
0.174044
0.174047
0.174077
0.174104
0.174114
0.174121
0.174137
0.174144
0.174184
0.17419
0.17422
0.17422
0.174233
0.174234
0.174246
0.174253
0.174254
0.174286
0.17433
0.17436
0.174367
0.17437
0.174383
0.174436
0.174457
0.17446
0.1745
0.17451
0.17453
0.174544
0.17456
0.174584
0.17459
0.1746
0.174667
0.17467
0.174673
0.174674
0.17469
0.174694
0.174715
0.174731
0.17474
0.174747
0.17476
0.174767
0.174781
0.174813
0.174817
0.17488
0.17489
0.1749
0.174933
0.174944
0.174993
0.175017
0.175043
0.17507
0.175087
0.17512
0.175124
0.175126
0.175136
0.175144
0.175163
0.175167
0.175187
0.175187
0.175257
0.17526
0.175304
0.175318
0.17532
0.175326
0.17539
0.175397
0.175453
0.17546
0.17546
0.175476
0.175494
0.175497
0.1755
0.175554
0.175567
0.17561
0.175614
0.175625
0.175626
0.175627
0.17563
0.175634
0.175654
0.175657
0.175661
0.175664
0.175751
0.17578
0.175803
0.175817
0.175831
0.175848
0.17587
0.175873
0.17588
0.17592
0.175926
0.17596
0.175977
0.175984
0.176
0.176004
0.176026
0.176037
0.176057
0.176057
0.176077
0.176086
0.1761
0.176121
0.17618
0.176184
0.17619
0.176213
0.176258
0.176273
0.17628
0.176293
0.176297
0.176316
0.17632
0.176334
0.176336
0.176347
0.176375
0.176387
0.176403
0.17641
0.176413
0.176413
0.176423
0.176434
0.176457
0.176464
0.176486
0.1765
0.176508
0.176517
0.176524
0.176561
0.176573
0.17658
0.176587
0.17661
0.17661
0.17663
0.176647
0.176674
0.176757
0.17676
0.176796
0.17684
0.176894
0.176914
0.176923
0.176927
0.176941
0.176984
0.176996
0.177067
0.177067
0.17707
0.177091
0.177106
0.177107
0.177117
0.17714
0.177157
0.17716
0.177164
0.177223
0.17723
0.177237
0.177237
0.177253
0.177261
0.177276
0.177287
0.177287
0.177287
0.177327
0.17734
0.177347
0.17736
0.1774
0.17743
0.17743
0.177483
0.177497
0.177517
0.177609
0.177637
0.177643
0.177707
0.177727
0.177733
0.177766
0.177766
0.1778
0.177813
0.17788
0.177921
0.177924
0.177927
0.17794
0.177944
0.177947
0.177964
0.177983
0.177987
0.177993
0.177996
0.17801
0.178013
0.178036
0.178053
0.17808
0.178081
0.17812
0.178127
0.178133
0.178133
0.178153
0.178197
0.178217
0.178247
0.17829
0.178311
0.178333
0.17835
0.178424
0.178451
0.178547
0.178557
0.178623
0.178694
0.178697
0.178737
0.178743
0.178744
0.178754
0.178757
0.178803
0.178813
0.17883
0.178833
0.17886
0.17888
0.178883
0.178907
0.17891
0.178917
0.178947
0.178951
0.17901
0.179057
0.179114
0.179123
0.179137
0.179201
0.17921
0.17926
0.17928
0.17938
0.179397
0.179414
0.179424
0.17951
0.17953
0.179537
0.17956
0.179577
0.179594
0.179616
0.179657
0.17967
0.179786
0.179887
0.179934
0.17995
0.179977
0.17999
0.180026
0.18004
0.18005
0.180127
0.18013
0.180137
0.180157
0.18016
0.180217
0.18023
0.180241
0.1803
0.18037
0.180374
0.180376
0.1804
0.180487
0.180584
0.180606
0.180617
0.180703
0.180793
0.180797
0.180837
0.1809
0.18091
0.18093
0.180981
0.18099
0.181024
0.18107
0.181103
0.181111
0.1812
0.181327
0.181364
0.18137
0.181394
0.181504
0.181507
0.181583
0.1816
0.181607
0.181617
0.181656
0.181664
0.181671
0.181677
0.181776
0.18183
0.181886
0.18189
0.181913
0.181967
0.182243
0.18225
0.182674
0.182674
0.182787
0.18282
0.18296
0.182977
0.183183
0.18323
0.18329
0.183293
0.18346
0.18349
0.18357
0.183633
0.183637
0.183654
0.183683
0.183763
0.183826
0.183856
0.183868
0.183953
0.18419
0.18421
0.184277
0.184317
0.184433
0.184433
0.184471
0.184647
0.184687
0.184693
0.184731
0.184773
0.18495
0.185013
0.185217
0.185237
0.185256
0.18536
0.185518
0.185637
0.185708
0.18572
0.185731
0.18575
0.18579
0.185831
0.18584
0.18585
0.185863
0.185947
0.185983
0.186054
0.186077
0.186107
0.186127
0.18627
0.186324
0.18659
0.186791
0.186927
0.187003
0.187277
0.187284
0.187504
0.187557
0.18761
0.187754
0.187876
0.187957
0.187963
0.188
0.18805
0.18807
0.188163
0.188194
0.188303
0.188313
0.188324
0.188498
0.18854
0.188577
0.188587
0.18866
0.188737
0.18874
0.18875
0.18878
0.18904
0.18925
0.18926
0.18935
0.18936
0.189377
0.189383
0.18947
0.189544
0.18958
0.189697
0.189704
0.189734
0.189754
0.189764
0.189847
0.190097
0.19028
0.190347
0.19036
0.19039
0.190404
0.190514
0.190643
0.190684
0.19069
0.190884
0.190997
0.190997
0.191048
0.191134
0.19115
0.191214
0.191286
0.191394
0.19157
0.191643
0.191684
0.191734
0.191877
0.191896
0.191997
0.192048
0.192076
0.19216
0.192217
0.192304
0.192364
0.19241
0.192473
0.192507
0.192706
0.19279
0.192913
0.192923
0.192924
0.19293
0.193077
0.193234
0.19355
0.193556
0.194081
0.194143
0.194403
0.194463
0.194644
0.194707
0.19471
0.19486
0.194933
0.195133
0.1952
0.19524
0.195267
0.195407
0.195493
0.195803
0.195906
0.195921
0.196016
0.196043
0.196304
0.196324
0.19679
0.197287
0.197843
0.198037
0.19817
0.198563
0.19908
0.19955
0.19988
0.200151
0.200201
0.200447
0.200633
0.200797
0.20096
0.201006
0.20101
0.201077
0.201427
0.20151
0.202
0.202004
0.202075
0.202723
0.202887
0.20303
0.20314
0.203307
0.20351
0.20353
0.204123
0.20467
0.204943
0.20573
0.206087
0.206547
0.208074
0.208624
0.208668
0.20875
0.208847
0.209234
0.210434
0.212247
0.213234
0.21353
0.21392
0.214137
0.215
0.21514
0.215346
0.215943
0.216743
0.216927
0.219138
0.219287
0.220504
0.221991
0.222662
0.224653
0.225544
0.225585
0.226796
0.22693
0.227536
0.22788
0.229085
0.229139
0.229471
0.231477
0.232191
0.232417
0.233031
0.233325
0.234028
0.237
0.237227
0.238271
0.23837
0.23897
0.240366
0.243007
0.243576
0.244181
0.24453
0.24536
0.246656
0.24712
0.2478
0.247826
0.247877
0.248563
0.249014
0.250014
0.25032
0.250671
0.251306
0.251417
0.251679
0.252348
0.252447
0.252844
0.253053
0.253247
0.254183
0.25425
0.254488
0.25454
0.255254
0.255813
0.259325
0.262114
0.26495
0.265304
0.26648
0.267013
0.267221
0.269307
0.26942
0.269827
0.273667
0.274213
0.274339
0.274903
0.27691
0.277833
0.277868
0.278598
0.278967
0.27945
0.27952
0.279746
0.279813
0.280733
0.281143
0.281778
0.282504
0.283647
0.283815
0.283867
0.28395
0.283957
0.284398
0.284913
0.284983
0.285354
0.28592
0.28606
0.286183
0.2863
0.286427
0.286578
0.2873
0.287483
0.290683
0.290977
0.291097
0.291114
0.2913
0.291407
0.291428
0.292333
0.292701
0.29297
0.293101
0.293647
0.294004
0.294016
0.294223
0.294406
0.294619
0.294696
0.294776
0.295604
0.296204
0.296308
0.296794
0.297223
0.2977
0.297927
0.298086
0.298118
0.298311
0.299024
0.299906
0.30022
0.300735
0.300967
0.301203
0.30134
0.301568
0.301957
0.302094
0.302196
0.302566
0.303131
0.303337
0.30362
0.303984
0.304014
0.30454
0.304843
0.30486
0.305043
0.30521
0.305337
0.305605
0.305613
0.305703
0.306067
0.306188
0.30624
0.306329
0.306424
0.30649
0.306657
0.30693
0.307764
0.307948
0.308187
0.308193
0.308873
0.30898
0.309004
0.309047
0.30946
0.30962
0.309673
0.310573
0.310938
0.311967
0.31238
0.312671
0.313
0.31313
0.313206
0.31324
0.313407
0.314244
0.31463
0.314924
0.31506
0.31524
0.315251
0.315767
0.31583
0.316044
0.316984
0.317651
0.31783
0.31804
0.318113
0.31815
0.31831
0.318736
0.31884
0.319115
0.3195
0.31958
0.319984
0.320274
0.320391
0.320437
0.320483
0.320594
0.321053
0.322033
0.3221
0.322251
0.322391
0.32307
0.323253
0.323736
0.323786
0.323907
0.32402
0.324117
0.324203
0.32454
0.324668
0.324681
0.324693
0.325104
0.325333
0.325716
0.32597
0.326074
0.326083
0.326144
0.326727
0.326881
0.326952
0.327228
0.328097
0.328307
0.328377
0.329074
0.32961
0.330241
0.33027
0.330736
0.331831
0.332377
0.333431
0.333546
0.33389
0.334243
0.33436
0.335327
0.335557
0.336004
0.33682
0.336857
0.337014
0.337274
0.338598
0.338663
0.33869
0.339193
0.339378
0.339533
0.339665
0.340207
0.340233
0.34046
0.340554
0.34177
0.343216
0.343941
0.344007
0.344196
0.344357
0.34625
0.346273
0.347221
0.347537
0.347954
0.34812
0.350527
0.351196
0.351437
0.351501
0.352008
0.35205
0.356483
0.357343
0.35781
0.358383
0.36067
0.361583
0.361753
0.36241
0.362774
0.36372
0.367344
0.36761
0.36823
0.368694
0.369556
0.37017
0.37167
0.371694
0.372421
0.373234
0.373953
0.374573
0.377937
0.378796
0.379605
0.383698
0.384097
0.384678
0.385053
0.3854
0.386397
0.387064
0.389537
0.392023
0.393731
0.394874
0.395258
0.395597
0.39655
0.396807
0.398184
0.40375
0.404524
0.405724
0.407157
0.411262
0.412466
0.412604
0.416075
0.418337
0.418747
0.419539
0.419783
0.419906
0.420484
0.421618
0.423755
0.424127
0.425621
0.426224
0.426323
0.4291
0.430696
0.431797
0.434486
0.434813
0.435943
0.436998
0.437763
0.437814
0.438904
0.440707
0.44146
0.441968
0.442088
0.442357
0.445715
0.44745
0.447677
0.447713
0.447977
0.450699
0.450706
0.451083
0.452923
0.45316
0.454521
0.457268
0.457593
0.458121
0.45909
0.460542
0.462037
0.462253
0.463764
0.464045
0.465007
0.46571
0.466706
0.46749
0.468613
0.470708
0.472453
0.47342
0.474441
0.4752
0.480554
0.480677
0.481183
0.482163
0.482617
0.483314
0.48575
0.48599
0.485996
0.487117
0.48808
0.489177
0.489951
0.489973
0.49007
0.492468
0.492871
0.49428
0.494361
0.495304
0.496696
0.497167
0.497346
0.497537
0.497647
0.497947
0.498577
0.498954
0.500401
0.5016
0.501804
0.503986
0.504081
0.50521
0.505725
0.507643
0.507831
0.508161
0.508644
0.5088
0.508977
0.509111
0.509393
0.509463
0.509884
0.511381
0.511579
0.511866
0.512014
0.513483
0.513784
0.514797
0.515017
0.515181
0.519464
0.522031
0.522074
0.522594
0.522637
0.524293
0.525004
0.525488
0.52578
0.52717
0.528877
0.529394
0.530074
0.530661
0.533715
0.533788
0.53379
0.535175
0.53667
0.536753
0.536903
0.537353
0.537991
0.540473
0.541438
0.541588
0.541647
0.54288
0.543264
0.543561
0.543673
0.54372
0.545355
0.545408
0.545638
0.54586
0.547664
0.548671
0.54941
0.549515
0.55056
0.550608
0.550811
0.552714
0.552938
0.553784
0.554067
0.554902
0.556167
0.556401
0.556427
0.556588
0.5592
0.559435
0.559444
0.559648
0.560654
0.561417
0.561486
0.561627
0.561742
0.562757
0.564004
0.566444
0.567268
0.56764
0.568107
0.568117
0.568993
0.570517
0.571364
0.574031
0.57418
0.57487
0.575738
0.577015
0.57744
0.577843
0.579694
0.579881
0.580387
0.581005
0.583127
0.583618
0.58434
0.585711
0.586862
0.58727
0.587582
0.58993
0.590511
0.590551
0.591568
0.592251
0.59272
0.592726
0.593023
0.593432
0.595087
0.59522
0.597081
0.59745
0.59777
0.600624
0.601431
0.602504
0.605368
0.605731
0.606381
0.608241
0.609134
0.609831
0.6106
0.611064
0.611564
0.612814
0.613994
0.614081
0.615881
0.617887
0.617938
0.618287
0.618373
0.618753
0.619001
0.619114
0.620327
0.622757
0.625007
0.625087
0.626221
0.626278
0.626997
0.628295
0.628758
0.629465
0.632118
0.632164
0.632538
0.633078
0.633358
0.633717
0.633951
0.635298
0.635307
0.636271
0.637664
0.638071
0.638215
0.639736
0.641024
0.64195
0.642217
0.642641
0.64486
0.645344
0.647004
0.647647
0.649127
0.649214
0.651841
0.652251
0.652557
0.652931
0.654109
0.654634
0.655343
0.655563
0.655593
0.656561
0.657091
0.659141
0.660637
0.662654
0.663836
0.665264
0.667567
0.667811
0.668145
0.668167
0.66882
0.669544
0.670863
0.671051
0.671055
0.672934
0.674474
0.676341
0.679966
0.682211
0.682514
0.683395
0.684383
0.684618
0.685594
0.68584
0.686188
0.688611
0.689044
0.689056
0.689631
0.690943
0.692621
0.693804
0.693894
0.69544
0.696421
0.700502
0.703257
0.703446
0.703957
0.703997
0.704285
0.704475
0.705777
0.706077
0.7062
0.706684
0.707707
0.709665
0.712761
0.715435
0.717753
0.718294
0.718764
0.72097
0.722674
0.722771
0.723221
0.725494
0.729637
0.73508
0.739568
0.743271
0.744838
0.745973
0.749901
0.750017
0.751527
0.752087
0.754791
0.755324
0.758844
0.760644
0.761114
0.762561
0.762844
0.764894
0.765275
0.770334
0.773768
0.775902
0.776868
0.77944
0.781225
0.785874
0.791934
0.791998
0.798065
0.801776
0.803601
0.804955
0.809311
0.82068
0.823384
0.847931
0.859737
0.892737
0.917137
