0.01209
0.012744
0.01282
0.013646
0.01375
0.014123
0.014153
0.014158
0.014216
0.014268
0.01446
0.014529
0.01453
0.014534
0.014543
0.014551
0.014577
0.014602
0.014729
0.014735
0.014743
0.014762
0.014767
0.014826
0.014855
0.01494
0.014944
0.014953
0.01499
0.015006
0.015012
0.015054
0.015061
0.015082
0.015095
0.0151
0.015128
0.015148
0.015182
0.015187
0.0152
0.015215
0.015224
0.015238
0.015242
0.015243
0.015249
0.015252
0.015254
0.01526
0.015264
0.0153
0.015313
0.015316
0.01532
0.01532
0.01533
0.01533
0.01534
0.015368
0.01537
0.01537
0.01537
0.015372
0.015374
0.015382
0.015389
0.0154
0.015423
0.015442
0.015455
0.015473
0.015476
0.015477
0.01548
0.01548
0.01549
0.015499
0.015505
0.015515
0.015516
0.015517
0.015522
0.015524
0.015529
0.01553
0.01553
0.015534
0.015537
0.01554
0.015545
0.015546
0.015548
0.01555
0.015555
0.015556
0.015562
0.015564
0.015573
0.015578
0.015605
0.015612
0.015623
0.01564
0.01565
0.01565
0.015652
0.015687
0.015698
0.0157
0.015702
0.015713
0.015713
0.01572
0.015728
0.015733
0.01574
0.01575
0.01576
0.01578
0.015782
0.015782
0.015782
0.015788
0.015798
0.015798
0.0158
0.015804
0.015804
0.015807
0.015822
0.015825
0.015826
0.01583
0.015843
0.01585
0.015865
0.015878
0.015883
0.015892
0.0159
0.0159
0.015906
0.015908
0.01591
0.015912
0.015922
0.01593
0.015935
0.015939
0.01594
0.015952
0.015952
0.015957
0.015958
0.015962
0.015963
0.015972
0.015977
0.015977
0.015981
0.015985
0.015995
0.016015
0.016028
0.016028
0.016034
0.016036
0.01604
0.016047
0.016056
0.016058
0.016068
0.016077
0.016083
0.016084
0.016087
0.016093
0.016096
0.016097
0.0161
0.016115
0.016115
0.016118
0.01612
0.01612
0.01612
0.01612
0.016122
0.016125
0.01613
0.016134
0.016137
0.016141
0.016142
0.016148
0.016152
0.016152
0.016155
0.016156
0.016185
0.01621
0.01621
0.016212
0.016215
0.016215
0.01622
0.016238
0.016238
0.016248
0.01625
0.016264
0.016265
0.016265
0.016275
0.01628
0.016285
0.016287
0.01629
0.016296
0.016305
0.016306
0.016315
0.016318
0.016328
0.016333
0.016342
0.016348
0.01635
0.01635
0.016358
0.016358
0.016362
0.016363
0.016365
0.016372
0.016374
0.016374
0.016378
0.016382
0.016385
0.016395
0.01646
0.016465
0.01647
0.016477
0.016485
0.016486
0.016492
0.016493
0.016497
0.016498
0.016508
0.016518
0.01652
0.016522
0.016523
0.016524
0.01653
0.01653
0.01654
0.016545
0.016548
0.016564
0.01657
0.016574
0.016575
0.016594
0.016602
0.016603
0.016609
0.016609
0.016612
0.016612
0.016618
0.016623
0.016631
0.016652
0.01666
0.01666
0.016675
0.016675
0.016684
0.016699
0.016706
0.016746
0.016751
0.016753
0.01676
0.01676
0.016775
0.016778
0.016784
0.016785
0.016785
0.01679
0.016793
0.016795
0.0168
0.0168
0.016823
0.016824
0.016828
0.016831
0.016835
0.016853
0.016854
0.016857
0.016859
0.016866
0.016873
0.016878
0.016878
0.01688
0.016882
0.016895
0.016895
0.016896
0.016907
0.016911
0.016912
0.01692
0.016922
0.016922
0.016923
0.016924
0.016928
0.016931
0.016934
0.016934
0.01694
0.016947
0.016955
0.016958
0.01696
0.016964
0.016969
0.016974
0.016976
0.016977
0.01698
0.016991
0.016995
0.016995
0.016996
0.016998
0.016998
0.017019
0.01702
0.017035
0.01704
0.01704
0.017042
0.017046
0.01705
0.017052
0.017058
0.017059
0.01706
0.017063
0.017064
0.017068
0.017069
0.017075
0.01708
0.01708
0.017082
0.017085
0.017091
0.017093
0.017096
0.017098
0.017099
0.017107
0.017107
0.017113
0.017113
0.017118
0.01712
0.017122
0.017122
0.017127
0.017128
0.017132
0.017137
0.017139
0.017141
0.017141
0.01716
0.017162
0.017167
0.017169
0.017169
0.017175
0.017176
0.017177
0.01718
0.017181
0.017188
0.017192
0.0172
0.017202
0.017204
0.017209
0.017213
0.017216
0.017219
0.01722
0.017221
0.017226
0.017228
0.017235
0.017235
0.01724
0.017242
0.017247
0.017252
0.017255
0.017266
0.017268
0.017278
0.01728
0.01728
0.017282
0.017285
0.017287
0.017289
0.017291
0.017292
0.017296
0.017299
0.017302
0.017306
0.017308
0.017308
0.017317
0.01732
0.01732
0.017323
0.017325
0.017327
0.017334
0.017334
0.017336
0.017336
0.017337
0.017338
0.017344
0.017345
0.017348
0.01736
0.017364
0.017369
0.01737
0.017371
0.01739
0.017396
0.0174
0.017412
0.017422
0.017424
0.017425
0.017431
0.017435
0.017435
0.017435
0.017436
0.017442
0.017442
0.017442
0.01745
0.017454
0.017455
0.017457
0.017459
0.01746
0.01746
0.017463
0.017468
0.017469
0.017475
0.017475
0.017477
0.017477
0.017482
0.017485
0.017489
0.017492
0.017494
0.017502
0.017507
0.017508
0.017513
0.017515
0.017518
0.01752
0.01752
0.017522
0.017523
0.017527
0.017532
0.017537
0.017537
0.017538
0.017541
0.017544
0.017551
0.017551
0.017551
0.017553
0.017558
0.017565
0.017575
0.017577
0.017579
0.017581
0.017581
0.017585
0.017585
0.01759
0.017593
0.017598
0.0176
0.017605
0.017607
0.017611
0.017612
0.017613
0.017616
0.017616
0.017628
0.01763
0.017631
0.017635
0.017636
0.017637
0.017637
0.017638
0.01764
0.017645
0.017646
0.017647
0.017652
0.017662
0.017665
0.017673
0.017673
0.017673
0.017676
0.017677
0.017682
0.017683
0.017689
0.017702
0.017705
0.017714
0.017715
0.017715
0.017716
0.01772
0.017723
0.017729
0.017745
0.017748
0.017748
0.017748
0.017752
0.017762
0.017767
0.01777
0.017774
0.017775
0.017783
0.017785
0.017786
0.017789
0.017792
0.017797
0.017797
0.0178
0.0178
0.017805
0.017806
0.017811
0.017811
0.017813
0.017823
0.017824
0.017826
0.017827
0.017832
0.017833
0.017835
0.017837
0.017843
0.017844
0.017848
0.017857
0.017857
0.01786
0.017863
0.017864
0.017874
0.017874
0.01788
0.01788
0.017882
0.017883
0.017885
0.017891
0.017895
0.017895
0.0179
0.0179
0.017901
0.017902
0.017903
0.017903
0.017903
0.017905
0.017913
0.017917
0.017917
0.01792
0.017922
0.017927
0.017928
0.017929
0.017932
0.017932
0.017943
0.017944
0.017951
0.017951
0.017952
0.017962
0.017964
0.017967
0.017969
0.017969
0.017972
0.017972
0.017972
0.017977
0.017977
0.017978
0.017981
0.017985
0.017986
0.017988
0.017994
0.017994
0.017995
0.017998
0.018003
0.018003
0.018005
0.018005
0.018008
0.018014
0.018015
0.018015
0.018017
0.018019
0.018023
0.018023
0.018025
0.018025
0.018026
0.018028
0.018028
0.018032
0.018035
0.018037
0.01804
0.018044
0.018046
0.018051
0.018052
0.018054
0.01806
0.01806
0.01806
0.018062
0.018064
0.018065
0.01807
0.018072
0.018072
0.018078
0.018082
0.018085
0.018088
0.01809
0.01809
0.018092
0.018094
0.018097
0.018098
0.018103
0.018103
0.01811
0.018111
0.018112
0.018112
0.018114
0.018114
0.018114
0.018115
0.01812
0.01812
0.01812
0.018123
0.018127
0.018127
0.018129
0.01813
0.018132
0.018133
0.018135
0.018137
0.018137
0.01814
0.018142
0.018147
0.018147
0.01815
0.018152
0.018152
0.018153
0.018155
0.018156
0.018156
0.01816
0.01816
0.018167
0.018168
0.018171
0.018177
0.01818
0.01818
0.018185
0.018187
0.018188
0.018189
0.018193
0.018193
0.018194
0.018198
0.018198
0.0182
0.018207
0.018208
0.01821
0.018218
0.01822
0.018222
0.018223
0.018228
0.018229
0.01823
0.018231
0.018232
0.018233
0.018234
0.018236
0.018238
0.01824
0.01824
0.01824
0.018242
0.018243
0.018243
0.01825
0.01825
0.018252
0.018253
0.018255
0.018255
0.018265
0.018266
0.018268
0.018268
0.018269
0.01827
0.018272
0.018276
0.018277
0.018286
0.018288
0.018289
0.018289
0.018291
0.018292
0.018292
0.018295
0.018297
0.0183
0.018304
0.018304
0.018305
0.018305
0.018306
0.018306
0.018308
0.018308
0.018309
0.01831
0.01831
0.018311
0.018314
0.018317
0.018317
0.018317
0.018318
0.018318
0.01832
0.01832
0.018324
0.018327
0.018332
0.018333
0.018334
0.018338
0.018338
0.01834
0.01834
0.018342
0.018346
0.018347
0.018353
0.018354
0.018357
0.018357
0.018357
0.018361
0.018363
0.018364
0.018365
0.018365
0.018368
0.018369
0.018372
0.018372
0.018374
0.018378
0.018381
0.018383
0.018383
0.018383
0.018386
0.018388
0.018391
0.018392
0.018392
0.018397
0.018397
0.0184
0.0184
0.018402
0.01841
0.018413
0.018414
0.018415
0.018415
0.01842
0.018423
0.018423
0.018432
0.018434
0.018434
0.018434
0.01844
0.018442
0.018442
0.018445
0.018448
0.018449
0.018452
0.018452
0.018452
0.018456
0.018458
0.01846
0.01846
0.018463
0.018464
0.018468
0.01847
0.018472
0.018472
0.018473
0.018474
0.018476
0.01848
0.018486
0.018488
0.018489
0.018489
0.01849
0.018492
0.018492
0.018497
0.0185
0.0185
0.018503
0.018503
0.01851
0.018512
0.018514
0.018515
0.018515
0.018516
0.01852
0.01852
0.018525
0.018527
0.018529
0.018529
0.01853
0.01853
0.018532
0.018533
0.018537
0.018538
0.018539
0.01854
0.018542
0.018542
0.018542
0.018544
0.018545
0.018545
0.018546
0.018548
0.01855
0.018551
0.018553
0.018554
0.018555
0.01856
0.018563
0.018564
0.018567
0.018568
0.018569
0.018569
0.018571
0.018572
0.018574
0.018576
0.018577
0.018579
0.018582
0.018583
0.018586
0.018588
0.01859
0.018591
0.018592
0.018592
0.018593
0.018595
0.018596
0.018597
0.018598
0.018602
0.018603
0.018606
0.018607
0.018614
0.018614
0.018617
0.018617
0.01862
0.01862
0.018621
0.018622
0.018623
0.018627
0.018627
0.018628
0.018628
0.018631
0.018631
0.018633
0.018635
0.018637
0.018642
0.018645
0.018646
0.018649
0.01865
0.018654
0.018655
0.018655
0.018655
0.018657
0.01866
0.018661
0.018661
0.018662
0.018664
0.018665
0.018666
0.018666
0.018667
0.018667
0.018669
0.01867
0.018674
0.018675
0.018678
0.018678
0.01868
0.018683
0.018684
0.018685
0.018686
0.018687
0.01869
0.018693
0.018695
0.018697
0.018697
0.018697
0.018697
0.018698
0.0187
0.018705
0.018706
0.018708
0.018711
0.018713
0.018714
0.018715
0.018718
0.01872
0.018722
0.018725
0.018726
0.018727
0.018728
0.018729
0.01873
0.018737
0.018737
0.018738
0.018739
0.01874
0.01874
0.018741
0.018742
0.018743
0.018743
0.018746
0.018748
0.01875
0.018757
0.018757
0.018763
0.018763
0.018764
0.018764
0.018765
0.018766
0.01877
0.018774
0.018775
0.018775
0.018776
0.018777
0.018777
0.018777
0.018783
0.018788
0.018788
0.018788
0.018791
0.018791
0.018791
0.018793
0.018795
0.018797
0.0188
0.0188
0.018802
0.018803
0.018803
0.018805
0.018805
0.018809
0.01881
0.018813
0.018815
0.018816
0.018817
0.018817
0.01882
0.01882
0.018822
0.018824
0.018824
0.018825
0.018825
0.01883
0.018834
0.018835
0.018836
0.018845
0.01885
0.018851
0.018856
0.018857
0.018857
0.018858
0.018862
0.018865
0.018865
0.018871
0.018871
0.018874
0.018874
0.018875
0.018878
0.018878
0.01888
0.018884
0.018886
0.018886
0.01889
0.018892
0.018895
0.018896
0.018897
0.0189
0.018901
0.018903
0.018906
0.018908
0.01891
0.018913
0.018915
0.01892
0.01892
0.018923
0.018924
0.018925
0.018926
0.018926
0.018927
0.018929
0.01893
0.01893
0.018933
0.018934
0.018935
0.018935
0.018935
0.018935
0.01894
0.018941
0.018942
0.018943
0.018944
0.018947
0.018948
0.018949
0.018957
0.01896
0.01896
0.018962
0.018963
0.018963
0.018965
0.018965
0.018968
0.018969
0.018969
0.01897
0.018975
0.018975
0.018975
0.018985
0.018987
0.018987
0.01899
0.018994
0.019
0.019003
0.019005
0.019006
0.019006
0.019008
0.019009
0.01901
0.019011
0.019014
0.019015
0.019016
0.019017
0.01902
0.01902
0.019021
0.019023
0.019025
0.019028
0.019028
0.019028
0.019028
0.019034
0.019035
0.019038
0.01904
0.01904
0.019043
0.019043
0.019046
0.019047
0.01905
0.019052
0.019052
0.019059
0.019059
0.01906
0.019061
0.019065
0.019065
0.019066
0.019067
0.019067
0.019069
0.01907
0.019072
0.019074
0.019074
0.019076
0.019077
0.01908
0.01908
0.019083
0.019084
0.019086
0.019089
0.019094
0.019096
0.019098
0.019102
0.019103
0.019105
0.019107
0.019108
0.01911
0.019112
0.019112
0.019117
0.019118
0.019125
0.019126
0.019129
0.01913
0.01913
0.019135
0.01914
0.019142
0.019143
0.019143
0.019144
0.019144
0.019146
0.019147
0.019148
0.019148
0.01915
0.01915
0.019151
0.019154
0.019154
0.019154
0.019155
0.019155
0.019156
0.019157
0.019157
0.019158
0.01916
0.019162
0.019165
0.019166
0.019168
0.01917
0.019172
0.019173
0.019173
0.019173
0.019174
0.019174
0.019177
0.019179
0.01918
0.019182
0.019182
0.019185
0.019185
0.019187
0.019188
0.019188
0.01919
0.01919
0.019191
0.019194
0.019196
0.0192
0.0192
0.019203
0.019205
0.019207
0.019208
0.019209
0.019209
0.01921
0.019211
0.019213
0.019216
0.019217
0.019218
0.019218
0.019219
0.019224
0.019224
0.019224
0.019227
0.019231
0.019234
0.019234
0.019234
0.019234
0.019235
0.019244
0.019246
0.019246
0.019249
0.019249
0.019251
0.019255
0.019256
0.019257
0.019259
0.019259
0.019261
0.019261
0.019261
0.019261
0.019262
0.019265
0.019265
0.019265
0.019266
0.019269
0.019271
0.019274
0.019274
0.019275
0.019275
0.019283
0.019283
0.019286
0.019286
0.01929
0.01929
0.019292
0.019294
0.019295
0.019295
0.019295
0.019296
0.019302
0.019303
0.019303
0.019304
0.019308
0.019312
0.019314
0.019317
0.019317
0.019317
0.01932
0.01932
0.019323
0.019323
0.019325
0.019326
0.019326
0.019329
0.01933
0.019331
0.019332
0.019333
0.019339
0.019341
0.019342
0.019344
0.019344
0.019347
0.019348
0.019348
0.019348
0.019348
0.019349
0.01935
0.019352
0.019352
0.019354
0.019355
0.019356
0.019357
0.01936
0.019362
0.019363
0.019364
0.019366
0.019366
0.019369
0.01937
0.019373
0.019375
0.019375
0.019376
0.019379
0.019382
0.019382
0.019383
0.019384
0.019386
0.019387
0.019387
0.019388
0.019388
0.019388
0.019389
0.01939
0.019391
0.019394
0.019394
0.019397
0.019398
0.0194
0.0194
0.0194
0.019403
0.019406
0.019406
0.019408
0.019409
0.019409
0.01941
0.019412
0.019412
0.019414
0.019415
0.019416
0.019416
0.019418
0.01942
0.019421
0.019421
0.019421
0.019422
0.019429
0.01943
0.019431
0.019431
0.019431
0.019431
0.019434
0.019435
0.019437
0.01944
0.01944
0.019444
0.019446
0.019447
0.019448
0.019449
0.01945
0.019453
0.019453
0.019454
0.019455
0.019456
0.019458
0.019459
0.019464
0.019465
0.019465
0.019467
0.019468
0.01947
0.01947
0.019471
0.019471
0.019473
0.019474
0.019474
0.019477
0.01948
0.01948
0.01948
0.01948
0.019482
0.019483
0.019483
0.019483
0.019487
0.019489
0.019489
0.019492
0.019492
0.019495
0.019498
0.019499
0.019502
0.019502
0.019502
0.019503
0.019503
0.019504
0.019504
0.019504
0.019505
0.019505
0.019505
0.019506
0.019508
0.019508
0.01951
0.01951
0.01951
0.019511
0.019511
0.019512
0.019513
0.019513
0.019514
0.01952
0.01952
0.019522
0.019522
0.019524
0.019526
0.019526
0.019528
0.01953
0.01953
0.019533
0.019535
0.01954
0.019542
0.019542
0.019542
0.019543
0.019543
0.019545
0.019545
0.019548
0.019549
0.019551
0.019557
0.019557
0.019557
0.019557
0.01956
0.01956
0.019562
0.019563
0.019564
0.019566
0.019569
0.019571
0.019572
0.019572
0.019572
0.019572
0.019572
0.019573
0.019575
0.01958
0.019581
0.019581
0.019584
0.019584
0.019584
0.019587
0.019588
0.019588
0.01959
0.01959
0.01959
0.01959
0.019591
0.019591
0.019595
0.019597
0.019597
0.0196
0.0196
0.0196
0.019602
0.019603
0.019603
0.019606
0.019606
0.019607
0.019609
0.019609
0.019612
0.019612
0.019612
0.019612
0.019613
0.019614
0.019615
0.019615
0.019615
0.019618
0.019618
0.019619
0.019619
0.019619
0.019621
0.019621
0.019621
0.019622
0.019624
0.019624
0.019624
0.019624
0.019625
0.019628
0.01963
0.019632
0.019633
0.019634
0.019634
0.019637
0.01964
0.01964
0.019642
0.019643
0.019643
0.019643
0.019645
0.019646
0.019647
0.019649
0.019652
0.019652
0.019652
0.019658
0.019659
0.019659
0.019659
0.019662
0.019665
0.019666
0.019667
0.019668
0.019668
0.019668
0.019668
0.019669
0.019674
0.019674
0.019675
0.019677
0.019678
0.01968
0.01968
0.019682
0.019683
0.019684
0.019686
0.019686
0.019688
0.019689
0.019689
0.019692
0.019692
0.019695
0.019697
0.019698
0.019699
0.0197
0.019701
0.019701
0.019703
0.019705
0.019705
0.019708
0.019708
0.019708
0.019709
0.01971
0.019712
0.019712
0.019717
0.01972
0.01972
0.019723
0.019723
0.019725
0.019726
0.019726
0.019726
0.019726
0.019727
0.019727
0.019729
0.019729
0.019729
0.01973
0.01973
0.019731
0.019735
0.019735
0.019736
0.019738
0.019738
0.019738
0.019738
0.019744
0.019744
0.019745
0.019745
0.019748
0.019748
0.019748
0.019748
0.01975
0.01975
0.01975
0.019751
0.019753
0.019753
0.019754
0.019756
0.019757
0.019757
0.019757
0.01976
0.01976
0.01976
0.01976
0.01976
0.019762
0.019762
0.019763
0.019763
0.019763
0.019765
0.019765
0.019766
0.019766
0.019766
0.019766
0.019766
0.019769
0.019772
0.019772
0.019772
0.019775
0.019775
0.019777
0.019777
0.019777
0.019779
0.01978
0.019781
0.019781
0.019783
0.019784
0.019784
0.019785
0.019785
0.019785
0.019788
0.019788
0.019789
0.019791
0.019794
0.019794
0.019797
0.0198
0.019803
0.019803
0.019804
0.019805
0.019808
0.019809
0.019812
0.019812
0.019812
0.019813
0.019814
0.019814
0.019815
0.019815
0.019816
0.019819
0.01982
0.019821
0.019823
0.019825
0.019825
0.019826
0.019828
0.019828
0.01983
0.019831
0.019831
0.019831
0.019834
0.019834
0.019835
0.019836
0.019837
0.019837
0.019837
0.019843
0.019843
0.019845
0.019846
0.019846
0.019847
0.019847
0.019847
0.019849
0.01985
0.01985
0.019855
0.019855
0.019855
0.019855
0.019856
0.019856
0.019859
0.019859
0.01986
0.019862
0.019865
0.019865
0.019865
0.019865
0.019868
0.019868
0.019869
0.01987
0.019871
0.019871
0.019871
0.019871
0.019874
0.019874
0.019878
0.019885
0.019886
0.019886
0.019886
0.019887
0.019887
0.019889
0.019889
0.01989
0.019892
0.019892
0.019893
0.019894
0.019894
0.019895
0.019896
0.019896
0.019897
0.019898
0.019898
0.019899
0.019899
0.019901
0.019901
0.019901
0.019902
0.019905
0.019906
0.019906
0.019906
0.019907
0.019908
0.019911
0.019911
0.019911
0.019911
0.019912
0.019914
0.019917
0.019917
0.01992
0.019922
0.019922
0.019923
0.019923
0.019923
0.019923
0.019923
0.019924
0.019929
0.019929
0.019929
0.019929
0.01993
0.019932
0.019932
0.019932
0.019938
0.019938
0.019939
0.01994
0.01994
0.019942
0.019942
0.019943
0.019944
0.019944
0.019944
0.019944
0.019945
0.019945
0.019947
0.019948
0.01995
0.01995
0.019951
0.019951
0.019951
0.019953
0.019953
0.019954
0.019957
0.01996
0.01996
0.01996
0.019962
0.019963
0.019963
0.019963
0.019967
0.019968
0.019969
0.01997
0.019972
0.019972
0.019972
0.019974
0.019975
0.019975
0.019975
0.019977
0.019978
0.019979
0.01998
0.019981
0.019981
0.019982
0.019987
0.019987
0.019987
0.019988
0.019988
0.019988
0.019989
0.019991
0.019991
0.019992
0.019993
0.019994
0.019994
0.019997
0.019997
0.019998
0.02
0.02
0.02
0.020003
0.020003
0.020006
0.020009
0.020012
0.020012
0.020012
0.020013
0.020014
0.020014
0.020014
0.020015
0.020018
0.020018
0.020023
0.020023
0.020024
0.020025
0.020025
0.020033
0.020034
0.020034
0.020034
0.020034
0.020034
0.020035
0.020035
0.020037
0.020037
0.020037
0.02004
0.02004
0.020044
0.020045
0.020046
0.020047
0.020049
0.020049
0.02005
0.020052
0.020052
0.020052
0.020052
0.020053
0.020054
0.020055
0.020055
0.020062
0.020062
0.020064
0.020064
0.020068
0.020068
0.020068
0.020069
0.020069
0.02007
0.02007
0.020071
0.020071
0.020073
0.020074
0.020074
0.020075
0.020077
0.020078
0.02008
0.020083
0.020083
0.020083
0.020083
0.020085
0.020086
0.020086
0.020087
0.020089
0.020091
0.020091
0.020092
0.020092
0.020093
0.020094
0.020094
0.020095
0.020095
0.020095
0.020102
0.020102
0.020104
0.020104
0.020104
0.020105
0.020107
0.020107
0.020108
0.020109
0.02011
0.02011
0.02011
0.020111
0.020112
0.020113
0.020117
0.020117
0.020117
0.02012
0.02012
0.02012
0.020122
0.020126
0.020127
0.020129
0.02013
0.020131
0.020131
0.020132
0.020132
0.020132
0.020133
0.020136
0.020139
0.02014
0.020141
0.020141
0.020142
0.020144
0.020148
0.02015
0.020152
0.020153
0.020157
0.020158
0.020158
0.02016
0.020166
0.020166
0.020167
0.020169
0.020171
0.020172
0.020172
0.020172
0.020175
0.020175
0.020176
0.020176
0.020177
0.020177
0.020184
0.020186
0.020187
0.020187
0.020191
0.020194
0.020195
0.020195
0.020197
0.020197
0.020197
0.0202
0.0202
0.0202
0.0202
0.020201
0.02021
0.020212
0.020213
0.020213
0.020214
0.020214
0.020216
0.020221
0.020222
0.020222
0.020223
0.020223
0.020223
0.020224
0.020224
0.020225
0.020226
0.020226
0.020227
0.02023
0.020231
0.020231
0.020233
0.020233
0.020236
0.020236
0.02024
0.02024
0.02024
0.02024
0.020245
0.020245
0.020247
0.020249
0.020249
0.02025
0.02025
0.020251
0.020251
0.020255
0.020257
0.020258
0.020258
0.02026
0.020263
0.020264
0.020268
0.02027
0.020271
0.020275
0.020277
0.020278
0.02028
0.020282
0.020282
0.020282
0.020283
0.020283
0.020283
0.020283
0.020284
0.020286
0.020286
0.020287
0.020289
0.02029
0.02029
0.020291
0.020291
0.020294
0.020294
0.020294
0.020295
0.020297
0.020299
0.0203
0.020301
0.020301
0.020303
0.020304
0.020305
0.020307
0.020307
0.020308
0.020309
0.02031
0.020311
0.020311
0.020311
0.020311
0.020314
0.020315
0.020316
0.020317
0.020323
0.020323
0.020324
0.020326
0.020326
0.020328
0.020329
0.02033
0.02033
0.02033
0.020332
0.020334
0.020335
0.020342
0.020343
0.020343
0.020343
0.020344
0.020345
0.020346
0.020346
0.020346
0.020346
0.020351
0.020354
0.020355
0.020363
0.020373
0.020373
0.020374
0.020375
0.020375
0.020376
0.020378
0.020379
0.02038
0.020381
0.020383
0.020383
0.020384
0.020385
0.020385
0.02039
0.020391
0.020393
0.020395
0.020396
0.020397
0.020397
0.020397
0.0204
0.0204
0.0204
0.0204
0.0204
0.0204
0.020404
0.020405
0.020405
0.020406
0.020406
0.020406
0.020409
0.020409
0.02041
0.02041
0.02041
0.020414
0.02042
0.02042
0.020421
0.020421
0.020423
0.020423
0.020425
0.020428
0.020428
0.020429
0.020431
0.020435
0.020437
0.02044
0.02044
0.020446
0.020446
0.020447
0.020447
0.02045
0.020452
0.020453
0.020454
0.020455
0.020457
0.020457
0.020458
0.020458
0.020459
0.02046
0.02046
0.02046
0.02046
0.02046
0.020461
0.020463
0.020465
0.020465
0.020467
0.020468
0.020468
0.020472
0.020472
0.020472
0.020474
0.020477
0.02048
0.020486
0.020486
0.020487
0.020488
0.020492
0.020493
0.020495
0.020495
0.020498
0.020499
0.0205
0.020503
0.020504
0.020504
0.020506
0.020507
0.020507
0.020507
0.020508
0.02051
0.02051
0.020511
0.020513
0.020514
0.02052
0.02052
0.020523
0.020523
0.020526
0.02053
0.02053
0.02053
0.02053
0.020531
0.020532
0.020533
0.020538
0.02054
0.020541
0.020542
0.020543
0.020544
0.020544
0.020544
0.020553
0.020557
0.020557
0.02056
0.02056
0.020563
0.020564
0.020566
0.020567
0.020573
0.020573
0.020574
0.020574
0.020577
0.020578
0.020578
0.020581
0.020583
0.020583
0.020583
0.020584
0.020587
0.020587
0.020588
0.02059
0.020593
0.020594
0.020595
0.020597
0.020597
0.0206
0.0206
0.0206
0.020603
0.020603
0.020604
0.020604
0.020608
0.02061
0.020611
0.020613
0.020615
0.020619
0.020625
0.020626
0.020627
0.02063
0.02063
0.02063
0.020634
0.020634
0.020634
0.020635
0.020635
0.020635
0.020637
0.020637
0.020637
0.020638
0.020643
0.020643
0.020643
0.020644
0.020647
0.020647
0.020647
0.020649
0.02065
0.020652
0.020653
0.020653
0.020653
0.020654
0.020656
0.020656
0.020656
0.020656
0.020657
0.02066
0.020665
0.020666
0.020666
0.020666
0.020667
0.020667
0.020668
0.02067
0.020672
0.020673
0.020673
0.020674
0.020676
0.020677
0.02068
0.02068
0.02068
0.02068
0.02068
0.020685
0.020687
0.020687
0.020692
0.020695
0.020695
0.020697
0.020702
0.020703
0.020703
0.020704
0.020705
0.020707
0.020707
0.020708
0.02071
0.020711
0.020711
0.020713
0.020716
0.020717
0.02072
0.02072
0.020722
0.020722
0.020723
0.020723
0.020723
0.020724
0.020726
0.020727
0.020727
0.020729
0.02073
0.02073
0.020732
0.020734
0.020735
0.020737
0.020746
0.02075
0.02075
0.02075
0.020753
0.020754
0.02076
0.02076
0.02076
0.020763
0.020766
0.020769
0.02077
0.020773
0.020773
0.020773
0.020774
0.020774
0.020774
0.020774
0.020775
0.020777
0.02078
0.02078
0.02078
0.020783
0.020783
0.020783
0.020786
0.020786
0.020786
0.020787
0.020789
0.02079
0.02079
0.02079
0.02079
0.020792
0.020793
0.020793
0.020797
0.020797
0.020797
0.0208
0.0208
0.0208
0.020803
0.020803
0.020803
0.020803
0.020806
0.020807
0.02081
0.02081
0.020812
0.020813
0.020813
0.020814
0.020817
0.020819
0.02082
0.02082
0.020827
0.020827
0.020827
0.020828
0.020828
0.020831
0.020832
0.020833
0.020833
0.020833
0.020834
0.020837
0.02084
0.020843
0.020844
0.020845
0.020847
0.020849
0.02085
0.02085
0.020852
0.020854
0.020855
0.020857
0.02086
0.02086
0.020863
0.020863
0.020863
0.020863
0.020867
0.020867
0.020867
0.02087
0.02087
0.02087
0.020872
0.020873
0.020874
0.020874
0.02088
0.02088
0.02088
0.02088
0.020882
0.020883
0.020883
0.020885
0.020886
0.020887
0.02089
0.02089
0.020895
0.020896
0.020897
0.0209
0.0209
0.0209
0.0209
0.020903
0.020903
0.020904
0.020905
0.020906
0.020907
0.020908
0.02091
0.02091
0.02091
0.020911
0.020911
0.020911
0.020912
0.020912
0.020913
0.020913
0.020913
0.020913
0.020913
0.020913
0.020914
0.020914
0.020916
0.020917
0.020917
0.020918
0.020918
0.020918
0.02092
0.02092
0.02092
0.02092
0.02092
0.020923
0.020923
0.020923
0.020924
0.020926
0.020926
0.020926
0.020927
0.02093
0.02093
0.020932
0.020932
0.020933
0.020933
0.020933
0.020936
0.020937
0.020937
0.02094
0.02094
0.020941
0.020941
0.020943
0.020943
0.020943
0.020943
0.020943
0.020943
0.020944
0.020945
0.020947
0.020947
0.020947
0.02095
0.020951
0.020952
0.020952
0.020953
0.020954
0.020954
0.020954
0.020955
0.020955
0.020957
0.02096
0.02096
0.02096
0.02096
0.020962
0.020963
0.020963
0.020963
0.020963
0.020963
0.020963
0.020964
0.020964
0.020966
0.020967
0.020969
0.02097
0.020972
0.020973
0.020974
0.020976
0.020976
0.020976
0.020977
0.020977
0.020977
0.020977
0.020978
0.020978
0.020978
0.02098
0.02098
0.020981
0.020983
0.020983
0.020984
0.020984
0.020988
0.02099
0.02099
0.02099
0.02099
0.020991
0.020993
0.020993
0.020993
0.020994
0.020994
0.020997
0.020997
0.020997
0.020997
0.020998
0.020998
0.020998
0.021
0.021
0.021
0.021
0.021
0.021
0.021
0.021003
0.021003
0.021003
0.021003
0.021004
0.021006
0.021006
0.021007
0.021007
0.021007
0.021007
0.021008
0.02101
0.021013
0.021013
0.021014
0.021015
0.021016
0.021017
0.021017
0.021018
0.02102
0.02102
0.02102
0.02102
0.021021
0.021023
0.021024
0.021024
0.021026
0.021026
0.021027
0.021027
0.021029
0.02103
0.02103
0.02103
0.021031
0.021031
0.021033
0.021034
0.021034
0.021035
0.021036
0.021037
0.021037
0.02104
0.021041
0.021043
0.021043
0.021043
0.021043
0.021043
0.021043
0.021044
0.021044
0.021044
0.021046
0.021048
0.021048
0.02105
0.02105
0.02105
0.02105
0.021051
0.021052
0.021053
0.021053
0.021054
0.021055
0.021057
0.021057
0.02106
0.02106
0.02106
0.02106
0.02106
0.02106
0.021061
0.021062
0.021063
0.021063
0.021063
0.021064
0.021064
0.021066
0.021066
0.021067
0.021067
0.021067
0.021069
0.02107
0.02107
0.02107
0.02107
0.021074
0.021076
0.021077
0.021077
0.021077
0.02108
0.02108
0.02108
0.02108
0.021083
0.021083
0.021083
0.021083
0.021083
0.021086
0.02109
0.02109
0.02109
0.02109
0.02109
0.02109
0.02109
0.021092
0.021093
0.021093
0.021093
0.021094
0.021094
0.021094
0.021094
0.021096
0.021096
0.021097
0.021097
0.021097
0.021097
0.0211
0.021103
0.021105
0.021107
0.021107
0.021108
0.021109
0.02111
0.02111
0.021111
0.021111
0.021113
0.021113
0.021113
0.021114
0.021114
0.021116
0.021116
0.021117
0.021117
0.021118
0.021118
0.02112
0.02112
0.02112
0.021123
0.021123
0.021125
0.021126
0.021127
0.021128
0.021129
0.02113
0.02113
0.02113
0.02113
0.02113
0.02113
0.021131
0.021133
0.021133
0.021133
0.021133
0.021133
0.021134
0.021134
0.021134
0.021135
0.021136
0.021136
0.021137
0.021137
0.021137
0.021138
0.021138
0.021139
0.02114
0.02114
0.02114
0.021141
0.021141
0.021143
0.021143
0.021143
0.021143
0.021143
0.021143
0.021143
0.021144
0.021146
0.021147
0.021148
0.021148
0.02115
0.021153
0.021153
0.021153
0.021153
0.021154
0.021157
0.021157
0.021157
0.021158
0.02116
0.02116
0.02116
0.021163
0.021163
0.021163
0.021163
0.021163
0.021165
0.021166
0.02117
0.02117
0.02117
0.021174
0.021174
0.021175
0.021176
0.021176
0.021179
0.021179
0.02118
0.02118
0.021181
0.021182
0.021183
0.021183
0.021183
0.021183
0.021185
0.021187
0.021187
0.021187
0.021187
0.021187
0.021187
0.021187
0.021187
0.021188
0.021189
0.02119
0.02119
0.02119
0.02119
0.021191
0.021192
0.021194
0.021196
0.021197
0.021197
0.0212
0.0212
0.0212
0.0212
0.0212
0.0212
0.021203
0.021203
0.021203
0.021204
0.021204
0.021206
0.021206
0.021207
0.02121
0.02121
0.02121
0.021211
0.021211
0.021212
0.021212
0.021214
0.021214
0.021214
0.021215
0.021215
0.021216
0.021217
0.021217
0.021217
0.021217
0.021217
0.021218
0.021219
0.02122
0.02122
0.02122
0.02122
0.02122
0.021221
0.021221
0.021223
0.021223
0.021223
0.021224
0.021224
0.021224
0.021224
0.021224
0.021224
0.021226
0.021227
0.021227
0.021227
0.021227
0.02123
0.02123
0.02123
0.021233
0.021234
0.021234
0.021234
0.021237
0.021237
0.021237
0.02124
0.02124
0.02124
0.02124
0.021242
0.021243
0.021244
0.021245
0.021246
0.021246
0.021247
0.021247
0.021247
0.021247
0.02125
0.02125
0.02125
0.02125
0.021252
0.021252
0.021252
0.021253
0.021256
0.021256
0.021257
0.021257
0.021257
0.02126
0.02126
0.021261
0.021263
0.021263
0.021263
0.021263
0.021264
0.021264
0.021265
0.021266
0.021266
0.021266
0.021267
0.021267
0.021268
0.021268
0.02127
0.02127
0.021271
0.021271
0.021272
0.021273
0.021274
0.021274
0.021275
0.021277
0.02128
0.02128
0.02128
0.02128
0.021283
0.021283
0.021283
0.021283
0.021284
0.021284
0.021285
0.021286
0.021286
0.021286
0.021286
0.021287
0.021287
0.021287
0.02129
0.02129
0.02129
0.021292
0.021292
0.021293
0.021295
0.021296
0.021296
0.021296
0.021296
0.021297
0.0213
0.0213
0.0213
0.021302
0.021303
0.021303
0.021303
0.021305
0.021306
0.021306
0.021307
0.021307
0.02131
0.02131
0.02131
0.02131
0.02131
0.021311
0.021312
0.021312
0.021312
0.021313
0.021316
0.021316
0.021317
0.021317
0.02132
0.02132
0.02132
0.02132
0.021323
0.021323
0.021323
0.021323
0.021324
0.021324
0.021326
0.021327
0.021327
0.021328
0.021328
0.021329
0.021329
0.02133
0.02133
0.02133
0.021332
0.021332
0.021332
0.021332
0.021332
0.021332
0.021333
0.021333
0.021333
0.021333
0.021333
0.021334
0.021335
0.021335
0.021336
0.021337
0.02134
0.02134
0.021341
0.021343
0.021343
0.021343
0.021344
0.021345
0.021346
0.021347
0.021347
0.021347
0.021347
0.021348
0.021348
0.021348
0.02135
0.02135
0.021352
0.021353
0.021353
0.021353
0.021355
0.021356
0.021356
0.021356
0.021357
0.021357
0.02136
0.02136
0.02136
0.02136
0.02136
0.02136
0.02136
0.021362
0.021363
0.021363
0.021363
0.021363
0.021366
0.021366
0.021367
0.021367
0.02137
0.021372
0.021372
0.021374
0.021374
0.021375
0.021375
0.021377
0.021377
0.021377
0.021377
0.021377
0.021379
0.02138
0.02138
0.02138
0.02138
0.021383
0.021383
0.021383
0.021384
0.021384
0.021385
0.021386
0.021388
0.021388
0.02139
0.02139
0.02139
0.021391
0.021393
0.021394
0.021394
0.021397
0.021397
0.0214
0.0214
0.0214
0.021403
0.021406
0.021406
0.021406
0.021407
0.021407
0.021407
0.021408
0.021408
0.021408
0.021409
0.021409
0.02141
0.02141
0.021411
0.021411
0.021412
0.021415
0.021415
0.021417
0.021417
0.021417
0.02142
0.02142
0.02142
0.02142
0.021422
0.021423
0.021423
0.021423
0.021423
0.021425
0.021425
0.021425
0.021426
0.021427
0.021427
0.021429
0.02143
0.02143
0.021433
0.021433
0.021434
0.021435
0.021436
0.021437
0.021437
0.021437
0.021437
0.021437
0.021437
0.02144
0.02144
0.02144
0.021443
0.021443
0.021443
0.021443
0.021443
0.021444
0.021444
0.021445
0.021446
0.021446
0.021446
0.021447
0.021449
0.02145
0.02145
0.02145
0.021454
0.021459
0.02146
0.02146
0.021463
0.021463
0.021464
0.021466
0.021466
0.021466
0.021467
0.021467
0.021467
0.021468
0.02147
0.02147
0.021471
0.021471
0.021472
0.021473
0.021473
0.021473
0.021473
0.021474
0.021474
0.021474
0.021474
0.021474
0.021477
0.021477
0.021477
0.021477
0.02148
0.02148
0.02148
0.02148
0.02148
0.021483
0.021483
0.021483
0.021483
0.021484
0.021485
0.021486
0.021486
0.021487
0.021487
0.021487
0.021488
0.021488
0.021489
0.02149
0.02149
0.021492
0.021492
0.021492
0.021492
0.021493
0.021493
0.021493
0.021494
0.021495
0.021495
0.021496
0.021497
0.021497
0.021498
0.021499
0.0215
0.0215
0.0215
0.0215
0.021506
0.021508
0.02151
0.02151
0.021513
0.021517
0.021517
0.02152
0.02152
0.021523
0.021524
0.021527
0.021527
0.021527
0.021529
0.02153
0.021532
0.021532
0.021534
0.021534
0.021537
0.021537
0.021538
0.021539
0.02154
0.02154
0.02154
0.02154
0.021543
0.021545
0.021546
0.021547
0.021549
0.02155
0.02155
0.02155
0.02155
0.021552
0.021553
0.021553
0.021553
0.021554
0.021555
0.021557
0.021557
0.021558
0.021558
0.02156
0.02156
0.02156
0.021561
0.021562
0.021563
0.021563
0.021566
0.021566
0.021567
0.021567
0.021569
0.02157
0.021572
0.021573
0.021573
0.021573
0.021575
0.021576
0.021577
0.021578
0.021578
0.02158
0.02158
0.02158
0.02158
0.02158
0.02158
0.021581
0.021584
0.021584
0.021584
0.021584
0.021587
0.021587
0.021588
0.021591
0.021592
0.021593
0.021597
0.021597
0.021597
0.021597
0.021597
0.021598
0.0216
0.0216
0.0216
0.0216
0.021603
0.021604
0.021609
0.02161
0.02161
0.021611
0.021612
0.021613
0.021613
0.021614
0.021615
0.021615
0.021617
0.021617
0.02162
0.02162
0.021624
0.021624
0.021624
0.021625
0.021625
0.021626
0.021627
0.02163
0.02163
0.02163
0.021634
0.021634
0.021634
0.021635
0.021637
0.021637
0.021637
0.02164
0.02164
0.021643
0.021646
0.021647
0.021647
0.021648
0.021649
0.02165
0.02165
0.02165
0.02165
0.02165
0.02165
0.021652
0.021653
0.021655
0.021656
0.021656
0.021658
0.02166
0.02166
0.021663
0.021665
0.021667
0.02167
0.021671
0.021673
0.021674
0.021674
0.021674
0.021676
0.021677
0.021677
0.021677
0.02168
0.02168
0.02168
0.02168
0.02168
0.021681
0.021683
0.021683
0.021686
0.021686
0.021686
0.021689
0.021689
0.02169
0.02169
0.021692
0.021692
0.021693
0.021696
0.021696
0.021698
0.021699
0.0217
0.0217
0.021705
0.021707
0.021708
0.021709
0.02171
0.02171
0.021714
0.021715
0.021715
0.021716
0.021717
0.02172
0.021724
0.021727
0.021727
0.021729
0.021731
0.021731
0.021732
0.021733
0.021734
0.021735
0.021735
0.021735
0.021736
0.021736
0.021736
0.021739
0.02174
0.02174
0.02174
0.021744
0.021745
0.021747
0.021747
0.021747
0.021748
0.021748
0.02175
0.02175
0.02175
0.021751
0.021753
0.021753
0.021754
0.021756
0.021757
0.021757
0.021757
0.02176
0.02176
0.021763
0.021763
0.021766
0.021766
0.021767
0.02177
0.02177
0.021772
0.021772
0.021772
0.021773
0.021773
0.021773
0.021774
0.021775
0.021775
0.021777
0.02178
0.02178
0.021783
0.021784
0.021784
0.021786
0.021787
0.021788
0.021788
0.021788
0.021792
0.021792
0.021794
0.021794
0.021797
0.0218
0.0218
0.0218
0.0218
0.0218
0.0218
0.0218
0.021803
0.021804
0.021805
0.021806
0.021809
0.02181
0.021812
0.021812
0.021812
0.021812
0.021813
0.021815
0.021816
0.021816
0.02182
0.02182
0.02182
0.02182
0.021821
0.021823
0.021824
0.021826
0.021827
0.021828
0.02183
0.021831
0.021831
0.021832
0.021836
0.021837
0.021837
0.021838
0.021843
0.021843
0.021844
0.021846
0.021846
0.021846
0.02185
0.02185
0.02185
0.02185
0.021852
0.021852
0.021853
0.021854
0.021854
0.021854
0.021854
0.021855
0.021855
0.021856
0.021856
0.021856
0.021857
0.021857
0.021857
0.021859
0.021859
0.02186
0.02186
0.021862
0.021862
0.021864
0.021868
0.021871
0.021873
0.021873
0.021874
0.021874
0.021874
0.021876
0.021876
0.021877
0.021877
0.021877
0.021877
0.02188
0.02188
0.02188
0.02188
0.02188
0.021882
0.021884
0.021886
0.021886
0.021887
0.021892
0.021892
0.021893
0.021893
0.021894
0.021894
0.021895
0.021897
0.021897
0.021897
0.021902
0.021903
0.021906
0.021907
0.021908
0.021908
0.021912
0.021912
0.021914
0.021917
0.021918
0.021918
0.021918
0.02192
0.02192
0.02192
0.021923
0.021926
0.021927
0.021929
0.021929
0.02193
0.02193
0.02193
0.021932
0.021933
0.021933
0.021933
0.021934
0.021934
0.021937
0.021943
0.021943
0.021943
0.021944
0.021945
0.021947
0.02195
0.02195
0.021954
0.021954
0.021954
0.021956
0.021957
0.021957
0.021958
0.02196
0.02196
0.02196
0.021963
0.021963
0.021963
0.021963
0.021966
0.021966
0.021966
0.021967
0.021968
0.021969
0.021969
0.021969
0.021969
0.02197
0.02197
0.021971
0.021973
0.021973
0.021973
0.021974
0.021975
0.021979
0.021981
0.021982
0.021983
0.021983
0.021985
0.021987
0.021987
0.021988
0.021993
0.021993
0.021996
0.021997
0.021997
0.022
0.022
0.022002
0.022003
0.022003
0.022004
0.022007
0.022007
0.022007
0.022007
0.022009
0.022009
0.022009
0.022009
0.02201
0.02201
0.02201
0.02201
0.022012
0.022012
0.022013
0.022013
0.022016
0.022019
0.02202
0.022021
0.022022
0.022022
0.022022
0.022022
0.022022
0.022023
0.022023
0.022023
0.022027
0.022027
0.02203
0.022031
0.022033
0.022033
0.022034
0.02204
0.02204
0.022043
0.022043
0.022043
0.022044
0.022047
0.02205
0.022051
0.022054
0.022062
0.022063
0.022064
0.022064
0.022066
0.022067
0.02207
0.022072
0.022075
0.02208
0.02208
0.022083
0.022083
0.022083
0.022083
0.022086
0.022086
0.022087
0.022089
0.02209
0.022092
0.022092
0.022094
0.022095
0.0221
0.0221
0.0221
0.022102
0.022102
0.022102
0.022102
0.022103
0.022104
0.022105
0.022105
0.022106
0.022107
0.022108
0.022109
0.02211
0.022111
0.022111
0.022113
0.022115
0.022116
0.022117
0.02212
0.02212
0.022121
0.022124
0.022124
0.022124
0.022127
0.022129
0.022131
0.022133
0.022134
0.022137
0.022137
0.022138
0.022139
0.02214
0.022141
0.022143
0.022145
0.022145
0.022145
0.022147
0.022147
0.022148
0.022149
0.022151
0.022151
0.022152
0.022153
0.022155
0.022157
0.022157
0.022157
0.022157
0.022158
0.022158
0.02216
0.02216
0.02216
0.02216
0.022163
0.022163
0.022164
0.022166
0.022167
0.022167
0.022167
0.022168
0.022172
0.022174
0.022174
0.022175
0.022175
0.022176
0.022176
0.022176
0.022177
0.02218
0.022184
0.022189
0.02219
0.02219
0.02219
0.022191
0.022194
0.022194
0.022194
0.022197
0.022197
0.0222
0.0222
0.022203
0.022207
0.022207
0.022209
0.022209
0.02221
0.022211
0.022212
0.022212
0.022213
0.022213
0.022215
0.022218
0.022222
0.022223
0.022223
0.022223
0.022224
0.022225
0.022228
0.022228
0.022228
0.02223
0.02223
0.022232
0.022234
0.022234
0.022237
0.022238
0.022238
0.02224
0.02224
0.022242
0.022243
0.022243
0.022243
0.022245
0.022249
0.022249
0.022251
0.022252
0.022252
0.022253
0.022255
0.022257
0.022257
0.022259
0.02226
0.022262
0.022263
0.022263
0.022266
0.02227
0.022273
0.022277
0.022277
0.022277
0.02228
0.02228
0.022283
0.022283
0.022283
0.022283
0.022283
0.022286
0.022287
0.022291
0.022293
0.022293
0.022295
0.022295
0.022296
0.022297
0.022298
0.022301
0.022303
0.022303
0.022304
0.022305
0.022305
0.022306
0.022307
0.022308
0.022308
0.022309
0.022309
0.02231
0.022311
0.022311
0.022311
0.022313
0.022313
0.022317
0.022317
0.02232
0.02232
0.02232
0.02232
0.02232
0.02232
0.02232
0.022323
0.022323
0.022323
0.022323
0.022323
0.022324
0.022325
0.022325
0.022326
0.022326
0.022333
0.022334
0.022336
0.022341
0.022342
0.022343
0.022344
0.022347
0.022349
0.022351
0.022351
0.022353
0.022354
0.022355
0.022355
0.022356
0.022357
0.022357
0.02236
0.022363
0.022363
0.022363
0.022366
0.022368
0.022372
0.022372
0.022372
0.022373
0.022373
0.022375
0.022376
0.022377
0.02238
0.022381
0.022381
0.022381
0.022382
0.022384
0.022384
0.022384
0.022387
0.022387
0.022388
0.022388
0.022391
0.022391
0.022392
0.022393
0.022393
0.022394
0.022397
0.022397
0.022397
0.022397
0.0224
0.02241
0.022411
0.022412
0.022413
0.022414
0.022414
0.022415
0.022415
0.022417
0.022421
0.022423
0.022423
0.022425
0.022425
0.022426
0.022427
0.022428
0.022428
0.022428
0.02243
0.022431
0.022433
0.022433
0.022434
0.022436
0.022436
0.022437
0.022437
0.022437
0.02244
0.02244
0.02244
0.02244
0.02244
0.022442
0.022443
0.022443
0.022444
0.022446
0.022446
0.022447
0.02245
0.02245
0.022451
0.022452
0.022453
0.022455
0.022458
0.022458
0.02246
0.022467
0.02247
0.022471
0.022471
0.022471
0.022471
0.022473
0.022475
0.022477
0.022477
0.022477
0.022477
0.022484
0.022485
0.022486
0.022486
0.022486
0.022487
0.022488
0.022489
0.02249
0.022492
0.022492
0.022493
0.022496
0.022498
0.022498
0.022499
0.022499
0.022499
0.022501
0.022501
0.022502
0.022502
0.022502
0.022502
0.022502
0.022503
0.022504
0.022506
0.022507
0.022508
0.022508
0.022508
0.022508
0.022509
0.02251
0.02251
0.022511
0.022512
0.022513
0.022513
0.022517
0.02252
0.02252
0.022523
0.022523
0.022523
0.022525
0.022526
0.022526
0.022526
0.022526
0.022529
0.022532
0.022532
0.022532
0.022533
0.022534
0.022535
0.022536
0.022538
0.022538
0.022539
0.022542
0.022542
0.022544
0.022544
0.022547
0.022548
0.02255
0.02255
0.022551
0.022553
0.022554
0.022555
0.022557
0.022557
0.022557
0.02256
0.02256
0.02256
0.022563
0.022563
0.022563
0.022564
0.022564
0.022565
0.022566
0.022567
0.02257
0.022573
0.022575
0.022575
0.022578
0.022578
0.02258
0.022581
0.022582
0.022584
0.022584
0.022586
0.022587
0.022588
0.022597
0.022597
0.022597
0.0226
0.0226
0.022603
0.022605
0.022607
0.022608
0.022609
0.02261
0.022613
0.022615
0.022616
0.022616
0.022619
0.022619
0.02262
0.022621
0.022622
0.022623
0.022623
0.022625
0.022625
0.022627
0.022628
0.02263
0.022632
0.022633
0.022634
0.022637
0.02264
0.02264
0.022643
0.022643
0.022643
0.022643
0.022644
0.022645
0.022646
0.022646
0.022648
0.022649
0.02265
0.022652
0.022652
0.022653
0.022655
0.022655
0.022656
0.022658
0.02266
0.02266
0.022662
0.022665
0.022665
0.022667
0.02267
0.022671
0.022673
0.022674
0.022677
0.022677
0.02268
0.02268
0.022682
0.022683
0.022689
0.022689
0.022692
0.022692
0.022692
0.022695
0.022697
0.022698
0.022699
0.022701
0.022701
0.022702
0.022702
0.022705
0.022708
0.022708
0.02271
0.022711
0.022711
0.02272
0.02272
0.02272
0.022722
0.022726
0.022729
0.02273
0.022732
0.022732
0.022733
0.022733
0.022733
0.022735
0.022736
0.022736
0.022736
0.022736
0.022739
0.022739
0.02274
0.02274
0.022742
0.022743
0.022744
0.022745
0.022747
0.022751
0.022751
0.022751
0.022751
0.022754
0.022754
0.022754
0.022754
0.022754
0.022756
0.022756
0.022757
0.02276
0.02276
0.02276
0.02276
0.02276
0.02276
0.02276
0.02276
0.022763
0.022763
0.022763
0.022763
0.022766
0.022766
0.022766
0.022769
0.022769
0.022769
0.02277
0.02277
0.02277
0.022772
0.022776
0.022776
0.022776
0.022777
0.02278
0.022781
0.022782
0.022782
0.022784
0.022784
0.022786
0.022787
0.022787
0.02279
0.02279
0.02279
0.022791
0.022791
0.022793
0.022793
0.022794
0.022794
0.022794
0.022794
0.022794
0.022794
0.022797
0.022797
0.0228
0.022803
0.022803
0.022803
0.022803
0.022807
0.022809
0.022809
0.02281
0.02281
0.022812
0.022812
0.022812
0.022812
0.022816
0.022816
0.022821
0.022821
0.022822
0.022823
0.022824
0.022825
0.022826
0.022826
0.022827
0.022828
0.022829
0.02283
0.02283
0.02283
0.022831
0.022831
0.022834
0.022834
0.022834
0.022834
0.022834
0.022837
0.022837
0.022837
0.022837
0.02284
0.022843
0.022843
0.022843
0.022843
0.022844
0.022844
0.022845
0.022845
0.022852
0.022852
0.022852
0.022853
0.022853
0.022855
0.022856
0.022857
0.02286
0.022862
0.022862
0.022862
0.022862
0.022863
0.022865
0.022865
0.022865
0.022866
0.022866
0.02287
0.022873
0.022873
0.022874
0.022874
0.022874
0.022877
0.022877
0.022877
0.022877
0.022877
0.022878
0.02288
0.02288
0.02288
0.02288
0.022883
0.022884
0.022886
0.022886
0.022886
0.022887
0.022887
0.02289
0.022892
0.022892
0.022892
0.022892
0.022894
0.022895
0.022895
0.022895
0.022896
0.022897
0.022897
0.022898
0.022899
0.022905
0.022906
0.022907
0.022907
0.022908
0.022909
0.02291
0.022911
0.022911
0.022915
0.022917
0.022917
0.022917
0.02292
0.022923
0.022923
0.022926
0.022929
0.022929
0.022929
0.02293
0.022932
0.022933
0.022933
0.022934
0.022936
0.022938
0.022939
0.022939
0.022939
0.022939
0.02294
0.022942
0.022942
0.022944
0.022945
0.02295
0.022951
0.022952
0.022953
0.022953
0.022957
0.022957
0.022957
0.022958
0.02296
0.02296
0.022963
0.022963
0.022966
0.022969
0.022969
0.022969
0.022973
0.022973
0.022974
0.022975
0.022975
0.022975
0.022975
0.022977
0.022977
0.022978
0.022979
0.02298
0.022982
0.022982
0.022983
0.022984
0.022984
0.022984
0.022987
0.022988
0.022988
0.022988
0.022988
0.022988
0.022989
0.02299
0.02299
0.02299
0.02299
0.022991
0.022994
0.022994
0.022994
0.022994
0.023
0.023
0.023003
0.023003
0.023003
0.023003
0.023004
0.023004
0.023006
0.023007
0.023007
0.023009
0.02301
0.02301
0.02301
0.023012
0.023016
0.023016
0.023019
0.023019
0.023021
0.023021
0.023022
0.023022
0.023027
0.02303
0.023031
0.023031
0.023033
0.023034
0.023034
0.023037
0.023038
0.02304
0.02304
0.02304
0.02304
0.023042
0.023043
0.023043
0.023043
0.023046
0.023046
0.023047
0.023047
0.023049
0.023049
0.02305
0.023051
0.023052
0.023053
0.023053
0.023053
0.023055
0.023057
0.023058
0.023059
0.023061
0.023061
0.023062
0.023063
0.023064
0.023068
0.023071
0.023073
0.023074
0.023075
0.023077
0.023077
0.02308
0.02308
0.02308
0.02308
0.023083
0.023083
0.023083
0.023086
0.023086
0.023089
0.023089
0.023089
0.02309
0.023092
0.023093
0.023093
0.023094
0.023095
0.023095
0.023097
0.023097
0.023098
0.023098
0.023099
0.0231
0.023102
0.023102
0.023105
0.023105
0.023105
0.023107
0.023107
0.023108
0.023111
0.023113
0.023114
0.023114
0.023115
0.023117
0.023117
0.023117
0.023117
0.02312
0.02312
0.02312
0.023123
0.023123
0.023123
0.023124
0.023126
0.023126
0.023129
0.023129
0.02313
0.02313
0.02313
0.02313
0.023132
0.023133
0.023135
0.023136
0.023137
0.023139
0.023139
0.023142
0.023142
0.023142
0.023142
0.023142
0.023142
0.023143
0.023148
0.02315
0.02315
0.023153
0.023157
0.02316
0.02316
0.023163
0.023163
0.023163
0.023164
0.023164
0.023166
0.023166
0.023167
0.023169
0.023172
0.023175
0.023178
0.02318
0.02318
0.023181
0.023181
0.023182
0.023182
0.023183
0.023184
0.023184
0.023184
0.023185
0.023185
0.023186
0.023187
0.023187
0.02319
0.02319
0.02319
0.023196
0.023197
0.023198
0.0232
0.0232
0.023203
0.023203
0.023204
0.023206
0.023206
0.023207
0.023209
0.02321
0.02321
0.023212
0.023212
0.023214
0.023215
0.023216
0.023216
0.023216
0.023219
0.02322
0.023221
0.023222
0.023224
0.023224
0.023225
0.023226
0.023227
0.02323
0.023231
0.023233
0.023234
0.023234
0.023234
0.023236
0.023236
0.023237
0.02324
0.02324
0.02324
0.02324
0.02324
0.023243
0.023243
0.023244
0.023246
0.023246
0.023247
0.023249
0.023249
0.023252
0.023254
0.023254
0.023255
0.023255
0.023257
0.023257
0.023257
0.02326
0.023262
0.023263
0.023264
0.023264
0.023265
0.023265
0.023266
0.023266
0.02327
0.023271
0.023273
0.023274
0.023274
0.023276
0.023277
0.023277
0.02328
0.023283
0.023283
0.023284
0.023286
0.023289
0.023289
0.02329
0.02329
0.02329
0.023291
0.023292
0.023293
0.023294
0.023295
0.023296
0.023296
0.023297
0.023299
0.0233
0.0233
0.023301
0.023302
0.023302
0.023304
0.023304
0.023305
0.023307
0.023307
0.023308
0.023308
0.023308
0.023308
0.02331
0.02331
0.02331
0.02331
0.023314
0.023314
0.023317
0.023317
0.023317
0.02332
0.02332
0.02332
0.023323
0.023323
0.023326
0.023327
0.023327
0.023327
0.023329
0.02333
0.023332
0.023336
0.023337
0.023337
0.023338
0.023338
0.02334
0.023341
0.023344
0.023345
0.023346
0.023347
0.023351
0.023352
0.023353
0.02336
0.02336
0.023364
0.023367
0.023367
0.023369
0.02337
0.02337
0.023372
0.023372
0.023373
0.023373
0.023374
0.023374
0.023375
0.023376
0.023378
0.02338
0.023382
0.023383
0.023384
0.023384
0.023386
0.023387
0.023391
0.023393
0.023393
0.023393
0.023393
0.023394
0.023394
0.023394
0.023397
0.023397
0.0234
0.0234
0.0234
0.023402
0.023403
0.023406
0.023406
0.023409
0.023409
0.023409
0.02341
0.023413
0.023415
0.023415
0.023416
0.023418
0.023418
0.023419
0.02342
0.02342
0.02342
0.023421
0.023422
0.023422
0.023424
0.023426
0.023428
0.023428
0.023434
0.023434
0.023435
0.023436
0.023437
0.023438
0.02344
0.02344
0.02344
0.02344
0.023443
0.023443
0.023443
0.023444
0.023446
0.023447
0.02345
0.023454
0.023463
0.02347
0.02347
0.02347
0.023471
0.023474
0.023474
0.023474
0.023477
0.023477
0.02348
0.02348
0.023483
0.023483
0.023484
0.023487
0.02349
0.023493
0.023493
0.023494
0.023496
0.023498
0.023499
0.0235
0.023504
0.023505
0.023505
0.023505
0.02351
0.02351
0.023514
0.023517
0.02352
0.02352
0.02352
0.023522
0.023523
0.023523
0.023526
0.023527
0.023527
0.02353
0.02353
0.023532
0.023533
0.023535
0.023536
0.023536
0.023537
0.02354
0.023543
0.023546
0.023556
0.023557
0.023557
0.023557
0.02356
0.02356
0.023562
0.023562
0.023562
0.023562
0.023563
0.023564
0.023566
0.023567
0.023567
0.023569
0.02357
0.023571
0.023572
0.023572
0.023573
0.023574
0.023574
0.023574
0.023574
0.023575
0.023576
0.023577
0.023578
0.023578
0.02358
0.023584
0.023585
0.023585
0.023587
0.023587
0.02359
0.02359
0.023591
0.023593
0.023594
0.023594
0.023596
0.023598
0.0236
0.0236
0.0236
0.0236
0.0236
0.023603
0.023604
0.023606
0.023613
0.023614
0.023615
0.023616
0.023617
0.023617
0.023618
0.023619
0.023619
0.02362
0.02362
0.023621
0.023622
0.023623
0.023623
0.023626
0.023627
0.023627
0.023627
0.023627
0.02363
0.02363
0.023633
0.023634
0.02364
0.023643
0.023643
0.023644
0.023647
0.023647
0.02365
0.023652
0.023652
0.023654
0.023654
0.023654
0.023656
0.023656
0.023657
0.023659
0.02366
0.02366
0.023663
0.023663
0.023663
0.023663
0.023665
0.023671
0.023672
0.023673
0.023673
0.023674
0.023677
0.023677
0.02368
0.02368
0.023682
0.023683
0.023685
0.023687
0.023689
0.023689
0.023689
0.023693
0.023693
0.023693
0.023693
0.023693
0.023694
0.023695
0.023696
0.023697
0.023697
0.023701
0.023702
0.023703
0.023703
0.023704
0.023704
0.023704
0.023707
0.023707
0.02371
0.02371
0.02371
0.02371
0.023711
0.023711
0.023713
0.023713
0.023714
0.023717
0.02372
0.02372
0.02372
0.023723
0.023727
0.023727
0.023729
0.023729
0.02373
0.02373
0.023732
0.023733
0.023733
0.023734
0.023735
0.023736
0.023737
0.023737
0.02374
0.023743
0.023743
0.023747
0.023748
0.023748
0.02375
0.02375
0.023751
0.023754
0.023754
0.023756
0.023756
0.02376
0.02376
0.02376
0.023763
0.023763
0.023763
0.023765
0.023767
0.02377
0.02377
0.02377
0.023773
0.023773
0.023776
0.023776
0.02378
0.023782
0.023784
0.023786
0.023787
0.023788
0.02379
0.023793
0.023797
0.023797
0.0238
0.0238
0.023801
0.023803
0.023806
0.023807
0.023809
0.02381
0.02381
0.023811
0.023811
0.023813
0.023817
0.023817
0.02382
0.02382
0.02382
0.02382
0.023822
0.023823
0.023823
0.023824
0.023826
0.023827
0.023827
0.023827
0.023829
0.02383
0.023833
0.023834
0.023836
0.023837
0.023837
0.023837
0.02384
0.02384
0.023846
0.023846
0.023847
0.023847
0.023847
0.023849
0.02385
0.023856
0.023857
0.023857
0.023859
0.02386
0.02386
0.023862
0.023863
0.023863
0.023863
0.023863
0.023863
0.023864
0.023864
0.023866
0.023867
0.023867
0.023867
0.023867
0.02387
0.023871
0.023873
0.023873
0.023873
0.023873
0.023877
0.023877
0.023877
0.023878
0.02388
0.02388
0.02388
0.02388
0.02388
0.02388
0.023883
0.023883
0.023883
0.023886
0.023886
0.023886
0.023887
0.023889
0.02389
0.023892
0.023892
0.023892
0.023897
0.023903
0.023903
0.023904
0.023904
0.023907
0.023907
0.02391
0.02391
0.02391
0.023911
0.023916
0.023917
0.023917
0.023918
0.02392
0.02392
0.02392
0.02392
0.02392
0.02392
0.023923
0.023923
0.023923
0.023923
0.023923
0.023924
0.023924
0.023924
0.023926
0.023927
0.023927
0.023929
0.02393
0.023932
0.023933
0.023934
0.023934
0.023935
0.023936
0.023937
0.023941
0.023945
0.023947
0.023948
0.023948
0.02395
0.02395
0.02395
0.023953
0.023953
0.023954
0.023954
0.023956
0.023969
0.02397
0.02397
0.02397
0.023974
0.023975
0.023975
0.023976
0.023976
0.023977
0.023978
0.023979
0.023982
0.023984
0.023986
0.023987
0.023989
0.02399
0.023991
0.023994
0.023994
0.023996
0.023997
0.023997
0.023997
0.023997
0.023997
0.024
0.024
0.024
0.024003
0.024003
0.024004
0.024007
0.02401
0.02401
0.024012
0.024014
0.024014
0.024016
0.024016
0.024017
0.024017
0.024017
0.024019
0.02402
0.02402
0.024023
0.024024
0.024024
0.024027
0.02403
0.02403
0.024033
0.024033
0.024034
0.024034
0.024034
0.024035
0.024036
0.024036
0.024037
0.024037
0.024037
0.02404
0.02404
0.02404
0.024043
0.024044
0.024044
0.024047
0.024048
0.02405
0.02405
0.024052
0.024052
0.024053
0.024053
0.024055
0.024055
0.02406
0.02406
0.024063
0.024066
0.024066
0.024067
0.024067
0.024071
0.024071
0.024073
0.024074
0.024074
0.024076
0.024076
0.024077
0.024077
0.024077
0.02408
0.02408
0.024083
0.024083
0.024085
0.024086
0.024086
0.024089
0.024093
0.024093
0.024093
0.024093
0.024097
0.0241
0.024104
0.024104
0.024107
0.024107
0.024107
0.024107
0.02411
0.024114
0.024117
0.024117
0.02412
0.02412
0.024123
0.024123
0.024123
0.024123
0.024124
0.024125
0.024126
0.024126
0.02413
0.02413
0.02413
0.024132
0.024133
0.024133
0.024133
0.024133
0.024135
0.024136
0.024137
0.024139
0.02414
0.024143
0.02415
0.024151
0.024151
0.024151
0.024153
0.024153
0.024153
0.024154
0.024154
0.024154
0.024156
0.024157
0.02416
0.02416
0.024163
0.024163
0.024164
0.024164
0.024165
0.024167
0.024167
0.024167
0.024167
0.024169
0.02417
0.024174
0.024175
0.024177
0.024177
0.02418
0.024183
0.024183
0.024184
0.024184
0.024185
0.024185
0.024185
0.024187
0.024187
0.024193
0.024197
0.024197
0.0242
0.0242
0.0242
0.0242
0.0242
0.024201
0.024203
0.024203
0.024203
0.024203
0.024204
0.024204
0.024207
0.02421
0.02421
0.02421
0.024212
0.024213
0.024213
0.024214
0.024217
0.024218
0.024219
0.02422
0.02422
0.024221
0.024225
0.024227
0.024227
0.024227
0.024228
0.02423
0.024231
0.024231
0.024233
0.024233
0.024234
0.024237
0.024237
0.02424
0.02424
0.024243
0.024244
0.024246
0.024247
0.024247
0.024248
0.024249
0.024249
0.024253
0.024253
0.024255
0.024258
0.02426
0.024264
0.024264
0.024267
0.02427
0.02427
0.024271
0.024271
0.024271
0.024273
0.024273
0.024274
0.024274
0.024274
0.024275
0.024276
0.024277
0.02428
0.02428
0.024283
0.024283
0.024284
0.024285
0.024286
0.024287
0.024287
0.024289
0.02429
0.02429
0.02429
0.024293
0.024293
0.024293
0.024294
0.024296
0.024297
0.0243
0.024302
0.024303
0.024303
0.024305
0.024308
0.02431
0.024311
0.024313
0.024313
0.024314
0.024316
0.024316
0.024317
0.024317
0.024317
0.024317
0.02432
0.02432
0.024322
0.024323
0.024323
0.024323
0.024323
0.024324
0.024324
0.024326
0.024327
0.024327
0.024329
0.02433
0.02433
0.024334
0.024335
0.024336
0.024337
0.024338
0.024339
0.024339
0.02434
0.02434
0.02434
0.02434
0.024343
0.024346
0.024347
0.024347
0.024348
0.024353
0.024353
0.024353
0.024354
0.024354
0.024354
0.024357
0.024357
0.024357
0.024357
0.02436
0.02436
0.02436
0.02436
0.02436
0.024363
0.024363
0.024363
0.024367
0.024367
0.02437
0.02437
0.02437
0.02437
0.02437
0.024372
0.024372
0.024373
0.024373
0.024373
0.024374
0.024374
0.024375
0.024375
0.024376
0.024376
0.024377
0.024377
0.024377
0.024377
0.02438
0.024383
0.024383
0.024383
0.024383
0.024383
0.024387
0.024387
0.024388
0.024388
0.02439
0.02439
0.02439
0.024393
0.024393
0.024396
0.024397
0.0244
0.0244
0.0244
0.024403
0.024403
0.024404
0.02441
0.02441
0.024413
0.024413
0.024413
0.024416
0.024416
0.024417
0.024417
0.024417
0.024418
0.024418
0.02442
0.02442
0.024421
0.024421
0.024423
0.024424
0.024425
0.024425
0.024427
0.024427
0.024427
0.024427
0.024428
0.024428
0.02443
0.02443
0.024433
0.024433
0.024434
0.024434
0.024436
0.02444
0.02444
0.02444
0.024443
0.024443
0.024444
0.024446
0.024446
0.024446
0.024447
0.024447
0.024447
0.024449
0.024449
0.02445
0.024452
0.024452
0.024452
0.024452
0.024453
0.024453
0.024453
0.024453
0.024453
0.024457
0.024457
0.024457
0.024457
0.02446
0.02446
0.02446
0.02446
0.02446
0.024462
0.024462
0.024463
0.024465
0.024466
0.024466
0.024466
0.024466
0.024467
0.024467
0.024467
0.024467
0.02447
0.024473
0.024473
0.024473
0.024474
0.024476
0.024476
0.024477
0.024477
0.024477
0.024477
0.024477
0.02448
0.02448
0.024483
0.024483
0.024483
0.024483
0.024483
0.024484
0.024484
0.024487
0.02449
0.02449
0.02449
0.02449
0.02449
0.02449
0.024493
0.024493
0.024493
0.024495
0.024495
0.024495
0.024496
0.024496
0.024497
0.024497
0.0245
0.0245
0.024503
0.024503
0.024507
0.024507
0.024507
0.024514
0.024516
0.024517
0.024517
0.024517
0.02452
0.02452
0.02452
0.02452
0.02452
0.02452
0.02452
0.02452
0.024522
0.024523
0.024523
0.024523
0.024523
0.024523
0.024526
0.024526
0.024527
0.024533
0.024534
0.024537
0.024539
0.02454
0.02454
0.02454
0.024543
0.024543
0.024544
0.024544
0.024544
0.024544
0.024545
0.024546
0.024547
0.024547
0.024547
0.024547
0.024549
0.024549
0.02455
0.024553
0.024553
0.024553
0.024554
0.024556
0.024556
0.024556
0.024556
0.024556
0.024556
0.024557
0.024557
0.024557
0.02456
0.02456
0.02456
0.024563
0.024563
0.024564
0.024565
0.024566
0.024566
0.024569
0.02457
0.02457
0.024572
0.024574
0.024576
0.024577
0.024578
0.024578
0.024579
0.02458
0.02458
0.024581
0.024583
0.024583
0.024583
0.024583
0.024584
0.024586
0.024588
0.024588
0.024591
0.024593
0.024593
0.024593
0.024594
0.024594
0.024597
0.024597
0.024597
0.024597
0.024597
0.0246
0.0246
0.0246
0.0246
0.0246
0.0246
0.0246
0.024603
0.024603
0.024603
0.024603
0.024604
0.024605
0.024606
0.024607
0.024607
0.02461
0.02461
0.024612
0.024613
0.024613
0.024613
0.024613
0.024613
0.024613
0.024614
0.024614
0.024616
0.024617
0.024617
0.024618
0.02462
0.02462
0.02462
0.02462
0.02462
0.024622
0.024623
0.024623
0.024626
0.024627
0.024627
0.024627
0.024627
0.024627
0.024628
0.02463
0.02463
0.02463
0.024633
0.024633
0.024633
0.024637
0.024637
0.024637
0.024637
0.024642
0.024643
0.024643
0.024644
0.024646
0.024646
0.024647
0.024647
0.02465
0.02465
0.024652
0.024653
0.024655
0.024656
0.024656
0.024657
0.024657
0.02466
0.02466
0.024663
0.024663
0.024663
0.024663
0.024666
0.024667
0.024667
0.02467
0.02467
0.024671
0.024671
0.024673
0.024673
0.024673
0.024674
0.024676
0.024677
0.024677
0.024678
0.02468
0.02468
0.024683
0.024683
0.024686
0.024687
0.024689
0.02469
0.02469
0.02469
0.024693
0.024693
0.024695
0.024695
0.024696
0.024697
0.024697
0.024698
0.024698
0.024699
0.024701
0.024703
0.024704
0.024705
0.024705
0.024707
0.02471
0.02471
0.02471
0.02471
0.024711
0.024714
0.024716
0.024717
0.024717
0.024717
0.02472
0.02472
0.02472
0.02472
0.024723
0.024723
0.024723
0.024723
0.024723
0.024724
0.024724
0.024724
0.024726
0.024726
0.024726
0.024727
0.024727
0.024729
0.02473
0.024732
0.024732
0.024733
0.024733
0.024733
0.024733
0.024734
0.024734
0.024734
0.024736
0.024736
0.024737
0.02474
0.02474
0.024742
0.024742
0.024743
0.024744
0.024746
0.024747
0.024747
0.024747
0.024748
0.024753
0.024754
0.024756
0.024757
0.02476
0.02476
0.02476
0.024763
0.024763
0.024766
0.024766
0.02477
0.02477
0.02477
0.02477
0.024772
0.024773
0.024773
0.024774
0.024777
0.024777
0.02478
0.02478
0.02478
0.024783
0.024787
0.024787
0.024787
0.02479
0.02479
0.02479
0.024791
0.024793
0.024794
0.024796
0.024796
0.024796
0.024797
0.024797
0.024797
0.024797
0.024797
0.0248
0.0248
0.024806
0.024807
0.024807
0.024807
0.024808
0.024809
0.02481
0.02481
0.024812
0.024816
0.024817
0.024817
0.024817
0.024821
0.024824
0.024825
0.024826
0.024826
0.024827
0.024829
0.02483
0.02483
0.02483
0.024833
0.024833
0.024834
0.024834
0.024834
0.024837
0.02484
0.02484
0.02484
0.02484
0.02484
0.02484
0.02484
0.02484
0.02484
0.024843
0.024843
0.024845
0.024846
0.024847
0.02485
0.024852
0.024852
0.024852
0.024853
0.024853
0.024854
0.024855
0.024856
0.024857
0.024857
0.02486
0.02486
0.024862
0.024862
0.024863
0.024863
0.024867
0.024867
0.024867
0.024868
0.02487
0.02487
0.024871
0.024871
0.024873
0.024873
0.024873
0.024874
0.024874
0.024874
0.024877
0.024877
0.024878
0.02488
0.024883
0.024883
0.024883
0.024886
0.024886
0.024886
0.024887
0.024887
0.024887
0.024889
0.024889
0.02489
0.02489
0.024893
0.024893
0.024893
0.024893
0.024894
0.024894
0.024895
0.024896
0.024896
0.024897
0.024906
0.024906
0.024907
0.024907
0.02491
0.02491
0.02491
0.02491
0.024911
0.024911
0.024913
0.024913
0.024914
0.024914
0.024914
0.024914
0.024917
0.024917
0.024917
0.02492
0.02492
0.024927
0.02493
0.02493
0.024932
0.024935
0.024936
0.024936
0.024937
0.024937
0.024939
0.02494
0.02494
0.02494
0.024943
0.024943
0.024944
0.024944
0.024946
0.02495
0.02495
0.02495
0.024951
0.024953
0.024953
0.024953
0.024954
0.024957
0.02496
0.024963
0.024963
0.024963
0.024963
0.024964
0.024964
0.024966
0.024967
0.024969
0.02497
0.02497
0.02497
0.024972
0.024972
0.024973
0.024975
0.024977
0.024978
0.02498
0.02498
0.024981
0.024983
0.024983
0.024986
0.024986
0.024986
0.024987
0.024987
0.024987
0.02499
0.02499
0.024993
0.024993
0.024997
0.024997
0.024997
0.025
0.025
0.025
0.025
0.025
0.025
0.025
0.025
0.025002
0.025002
0.025003
0.025005
0.025006
0.025006
0.02501
0.02501
0.02501
0.025013
0.025016
0.025016
0.025016
0.025016
0.025017
0.025017
0.025018
0.025018
0.02502
0.025022
0.025027
0.02503
0.025033
0.025034
0.025035
0.025036
0.025036
0.025037
0.025037
0.025037
0.025037
0.02504
0.02504
0.02504
0.02504
0.025043
0.025043
0.025044
0.025047
0.025047
0.02505
0.02505
0.02505
0.02505
0.025057
0.025057
0.025063
0.025063
0.025064
0.025066
0.025066
0.025071
0.025072
0.025073
0.025074
0.025076
0.02508
0.02508
0.02508
0.02508
0.025084
0.025086
0.025087
0.025089
0.02509
0.025093
0.025093
0.025094
0.025097
0.025097
0.0251
0.025101
0.025104
0.025105
0.025106
0.025106
0.025106
0.025107
0.025107
0.025107
0.025107
0.025111
0.025113
0.025113
0.025114
0.025116
0.025117
0.02512
0.02512
0.02512
0.025124
0.025125
0.025126
0.025127
0.025132
0.025134
0.025134
0.025135
0.025137
0.02514
0.02514
0.025142
0.025143
0.025144
0.025145
0.025146
0.025146
0.025147
0.025148
0.025148
0.025149
0.02515
0.02515
0.025156
0.025157
0.025157
0.025157
0.025157
0.025157
0.025158
0.02516
0.025163
0.025163
0.025163
0.025164
0.025164
0.025164
0.025167
0.025167
0.025169
0.02517
0.02517
0.025173
0.025173
0.025173
0.025174
0.025177
0.025177
0.02518
0.02518
0.025183
0.025185
0.025187
0.025187
0.025187
0.02519
0.02519
0.02519
0.025194
0.025196
0.025197
0.025197
0.0252
0.025201
0.025203
0.025206
0.025209
0.025213
0.025214
0.025216
0.025216
0.025218
0.02522
0.02522
0.025221
0.025223
0.025224
0.025224
0.025225
0.025225
0.025227
0.025227
0.025228
0.02523
0.02523
0.02523
0.025231
0.025231
0.025233
0.025233
0.025234
0.025234
0.025235
0.025236
0.025236
0.025236
0.025237
0.025238
0.025238
0.02524
0.02524
0.025243
0.025243
0.025243
0.025243
0.025243
0.025244
0.025244
0.025247
0.025249
0.02525
0.02525
0.02525
0.025251
0.025253
0.025253
0.025255
0.025256
0.025256
0.025257
0.025257
0.025259
0.025259
0.02526
0.02526
0.025263
0.025264
0.025267
0.025267
0.02527
0.02527
0.025273
0.025273
0.025273
0.025273
0.025274
0.025274
0.025277
0.025277
0.02528
0.025283
0.025286
0.02529
0.025292
0.025293
0.025293
0.025297
0.025297
0.0253
0.0253
0.025306
0.025314
0.025315
0.025316
0.025317
0.025317
0.02532
0.02532
0.025324
0.025326
0.025329
0.02533
0.02533
0.02533
0.025332
0.025337
0.025338
0.02534
0.025343
0.025344
0.025344
0.025344
0.025345
0.025345
0.025345
0.025345
0.025348
0.02535
0.025356
0.025357
0.025357
0.025357
0.02536
0.02536
0.02536
0.02536
0.02536
0.025363
0.025363
0.025364
0.025364
0.025366
0.025366
0.025367
0.025367
0.025367
0.02537
0.02537
0.025374
0.025376
0.025376
0.025378
0.02538
0.02538
0.02538
0.025383
0.025383
0.025383
0.025383
0.025383
0.025384
0.025388
0.025388
0.02539
0.02539
0.02539
0.025391
0.025393
0.025393
0.025394
0.025397
0.025398
0.0254
0.0254
0.0254
0.025403
0.025404
0.025405
0.025406
0.025406
0.025406
0.025408
0.02541
0.025413
0.025413
0.025414
0.025416
0.025417
0.025419
0.02542
0.025422
0.025423
0.025423
0.025432
0.025433
0.025433
0.025434
0.025434
0.025434
0.025436
0.025437
0.02544
0.025443
0.025446
0.025446
0.025452
0.025452
0.025456
0.025457
0.02546
0.02546
0.025461
0.025463
0.025464
0.025473
0.025474
0.025476
0.025477
0.025477
0.02548
0.025483
0.025486
0.025486
0.025487
0.025489
0.02549
0.02549
0.025491
0.025493
0.025495
0.025495
0.025496
0.025496
0.025498
0.0255
0.0255
0.025501
0.025503
0.025503
0.025505
0.025507
0.025508
0.02551
0.02551
0.025511
0.025511
0.025514
0.025516
0.025516
0.025517
0.025517
0.025517
0.02552
0.025524
0.025526
0.025527
0.02553
0.02553
0.02553
0.02553
0.025533
0.025533
0.025536
0.02554
0.025543
0.025547
0.025547
0.025547
0.02555
0.02555
0.025551
0.025551
0.025554
0.025557
0.02556
0.02556
0.025567
0.025568
0.025569
0.02557
0.02557
0.025573
0.025574
0.025577
0.025577
0.025577
0.025578
0.025583
0.025583
0.025583
0.025585
0.025585
0.025586
0.025587
0.025587
0.025587
0.025587
0.02559
0.025591
0.025594
0.025595
0.025596
0.025597
0.025597
0.025597
0.0256
0.025603
0.025606
0.025606
0.025606
0.025607
0.025607
0.02561
0.02561
0.025613
0.025614
0.025615
0.025618
0.025618
0.02562
0.02562
0.025621
0.025622
0.025623
0.025625
0.025626
0.025627
0.02563
0.025633
0.025634
0.025634
0.025636
0.025637
0.025637
0.025637
0.02564
0.025647
0.025647
0.025647
0.02565
0.025655
0.025656
0.025657
0.025657
0.02566
0.025662
0.025664
0.025664
0.025665
0.025666
0.025667
0.02567
0.02567
0.02567
0.02567
0.025671
0.025673
0.025673
0.025674
0.025674
0.025676
0.025677
0.025677
0.02568
0.025683
0.025683
0.025684
0.02569
0.025694
0.025694
0.025696
0.025697
0.025703
0.025703
0.025705
0.025707
0.025707
0.025708
0.02571
0.025713
0.025714
0.025717
0.02572
0.02572
0.02572
0.025722
0.025723
0.025723
0.025726
0.025726
0.025726
0.025726
0.025729
0.02573
0.025733
0.025737
0.025737
0.025739
0.025739
0.02574
0.025742
0.025744
0.025747
0.02575
0.02575
0.02575
0.025753
0.025754
0.025754
0.025757
0.025757
0.025757
0.02576
0.025763
0.025764
0.025767
0.02577
0.025772
0.025773
0.025773
0.025774
0.025774
0.025777
0.025781
0.025782
0.025782
0.025783
0.025789
0.02579
0.02579
0.025794
0.025794
0.025797
0.025797
0.025798
0.0258
0.0258
0.025807
0.025807
0.025807
0.02581
0.02581
0.025812
0.025813
0.025814
0.025814
0.025814
0.025818
0.025822
0.025824
0.025824
0.025826
0.02583
0.02583
0.025831
0.025833
0.025834
0.025834
0.025834
0.025837
0.02584
0.025843
0.025844
0.025846
0.025847
0.02585
0.02585
0.025852
0.025852
0.025853
0.025856
0.02586
0.025862
0.025868
0.02587
0.02587
0.025872
0.025873
0.025874
0.025874
0.025876
0.025877
0.025877
0.02588
0.02588
0.02588
0.02588
0.02588
0.025883
0.025883
0.025883
0.025886
0.02589
0.025893
0.025894
0.025894
0.025897
0.025897
0.025898
0.025899
0.025902
0.025903
0.025905
0.02591
0.025911
0.025911
0.025914
0.025914
0.025914
0.025917
0.02592
0.02592
0.02592
0.025923
0.025929
0.02593
0.025933
0.02594
0.02594
0.025941
0.025945
0.02595
0.02595
0.025951
0.025954
0.025956
0.025957
0.02596
0.02596
0.02596
0.02596
0.025963
0.025964
0.025966
0.025967
0.025967
0.025969
0.02597
0.02597
0.025974
0.025976
0.025978
0.025981
0.025981
0.025983
0.025983
0.025983
0.025987
0.02599
0.02599
0.02599
0.02599
0.02599
0.025996
0.025998
0.026
0.026
0.026
0.026003
0.026003
0.026003
0.026006
0.026006
0.026007
0.026009
0.026009
0.02601
0.026016
0.026017
0.026018
0.02602
0.02602
0.026024
0.026028
0.02603
0.026031
0.026036
0.026037
0.02604
0.02604
0.02604
0.026043
0.026043
0.026043
0.026046
0.026047
0.026049
0.026049
0.02605
0.026052
0.026057
0.026062
0.026063
0.026066
0.026067
0.026068
0.026073
0.026074
0.026077
0.026077
0.026077
0.026077
0.026077
0.02608
0.02608
0.02608
0.02608
0.026083
0.026084
0.026087
0.026089
0.02609
0.02609
0.02609
0.026097
0.0261
0.026103
0.026104
0.026105
0.026106
0.026106
0.026107
0.026107
0.026107
0.02611
0.026111
0.026113
0.026114
0.026114
0.026117
0.026117
0.02612
0.02612
0.026123
0.026126
0.026127
0.026127
0.026133
0.026135
0.026136
0.026142
0.026143
0.026145
0.026146
0.026146
0.026147
0.02615
0.02615
0.026151
0.026151
0.026156
0.026157
0.02616
0.02616
0.02616
0.026163
0.026163
0.026167
0.026169
0.02617
0.02617
0.02617
0.026172
0.026173
0.026173
0.026174
0.026176
0.026177
0.026179
0.02618
0.026181
0.026181
0.026181
0.026184
0.026184
0.026184
0.026186
0.026186
0.026188
0.02619
0.026191
0.026193
0.0262
0.026203
0.026206
0.026206
0.026206
0.026212
0.026212
0.026213
0.026213
0.026218
0.026221
0.026223
0.026223
0.026225
0.026227
0.026228
0.026233
0.026234
0.026236
0.02624
0.02624
0.02624
0.026243
0.026243
0.026246
0.026249
0.02625
0.02625
0.026252
0.026254
0.026256
0.026257
0.026258
0.02626
0.026263
0.026263
0.026264
0.026264
0.026264
0.026266
0.026266
0.026266
0.026268
0.026272
0.026274
0.026277
0.026283
0.026284
0.026287
0.026293
0.026297
0.026297
0.026297
0.026297
0.026297
0.026301
0.026304
0.026306
0.026306
0.026307
0.026307
0.026308
0.026308
0.02631
0.02631
0.026311
0.026317
0.026317
0.026317
0.02632
0.02632
0.026323
0.026323
0.026323
0.026327
0.026338
0.026339
0.02634
0.02634
0.02634
0.026341
0.026351
0.026353
0.026357
0.02636
0.026366
0.026367
0.026369
0.02637
0.02637
0.026377
0.02638
0.02638
0.02638
0.026383
0.026384
0.026387
0.02639
0.026391
0.026393
0.026393
0.026394
0.026397
0.026397
0.0264
0.0264
0.0264
0.026403
0.026404
0.026406
0.026406
0.026406
0.026409
0.02641
0.026413
0.026414
0.026416
0.026422
0.026428
0.02643
0.026436
0.026437
0.026437
0.02644
0.026443
0.026443
0.026444
0.026447
0.02645
0.02645
0.026451
0.026456
0.026457
0.026457
0.02646
0.02646
0.02646
0.026462
0.026463
0.026464
0.02647
0.026471
0.026474
0.026477
0.026477
0.026477
0.026477
0.026483
0.026483
0.026483
0.026486
0.026487
0.02649
0.0265
0.026503
0.026503
0.026503
0.02651
0.02651
0.02651
0.02651
0.026513
0.026516
0.026517
0.02652
0.02652
0.026523
0.026523
0.026524
0.026527
0.02653
0.026532
0.02654
0.02654
0.02654
0.026541
0.026543
0.02655
0.026557
0.02656
0.02656
0.02656
0.026563
0.026563
0.026563
0.026567
0.026567
0.026569
0.026573
0.026575
0.026575
0.02658
0.026583
0.026583
0.026585
0.026585
0.026587
0.026587
0.026587
0.02659
0.02659
0.026593
0.026593
0.026594
0.026594
0.026597
0.026597
0.0266
0.0266
0.0266
0.026602
0.026604
0.026606
0.026609
0.02661
0.026616
0.026616
0.026618
0.026623
0.026624
0.026624
0.026624
0.026625
0.026625
0.026627
0.02663
0.02663
0.02663
0.026634
0.026643
0.026643
0.026643
0.026646
0.026661
0.026664
0.026667
0.026667
0.026668
0.026668
0.02667
0.026673
0.026674
0.026675
0.02668
0.02668
0.02668
0.026683
0.026689
0.02669
0.02669
0.02669
0.026693
0.026694
0.026698
0.026698
0.026703
0.026703
0.026705
0.026706
0.026711
0.026717
0.026723
0.02673
0.026734
0.026736
0.026737
0.026741
0.026743
0.026744
0.02675
0.026751
0.026753
0.026757
0.02676
0.026763
0.026764
0.026766
0.026766
0.026766
0.02677
0.02677
0.026772
0.02678
0.02678
0.02678
0.02678
0.026783
0.026784
0.026786
0.026791
0.026793
0.026796
0.026797
0.026806
0.026806
0.026807
0.026807
0.026807
0.02681
0.02681
0.02681
0.02681
0.026819
0.02682
0.026828
0.026831
0.026837
0.026843
0.026843
0.026847
0.02685
0.02685
0.026853
0.026854
0.026854
0.026855
0.026856
0.026856
0.026873
0.026875
0.026876
0.026878
0.02688
0.02688
0.026914
0.026917
0.02692
0.026923
0.026927
0.02693
0.026934
0.026939
0.02694
0.02694
0.026944
0.026944
0.026948
0.02695
0.02695
0.026951
0.026952
0.026956
0.026956
0.026957
0.02696
0.02696
0.026963
0.026969
0.026978
0.026979
0.02698
0.026981
0.02699
0.026997
0.027
0.027
0.027007
0.02701
0.027013
0.027016
0.027016
0.027017
0.027019
0.02702
0.027026
0.027033
0.027034
0.027036
0.027047
0.027047
0.02705
0.027056
0.027059
0.027059
0.027062
0.027065
0.027065
0.027067
0.02707
0.027073
0.02708
0.02708
0.02708
0.027084
0.027086
0.02709
0.027092
0.027093
0.027093
0.027094
0.027097
0.0271
0.0271
0.027103
0.027103
0.027106
0.027107
0.027113
0.027123
0.027129
0.027129
0.027132
0.027133
0.027133
0.027134
0.027137
0.02714
0.027147
0.02716
0.027166
0.027169
0.02717
0.02717
0.027172
0.027173
0.027177
0.027178
0.027181
0.027183
0.027183
0.027184
0.027185
0.027187
0.027189
0.027191
0.027191
0.027193
0.027194
0.0272
0.027207
0.027207
0.027209
0.027209
0.02721
0.027212
0.027213
0.027214
0.027216
0.027217
0.02722
0.027222
0.027223
0.027225
0.027226
0.027228
0.027228
0.02723
0.027243
0.027243
0.027247
0.02725
0.02725
0.027255
0.027256
0.027259
0.02726
0.027263
0.027273
0.027274
0.027276
0.027277
0.02728
0.027284
0.027286
0.027287
0.02729
0.02729
0.027294
0.027296
0.027297
0.0273
0.027301
0.027304
0.027304
0.027304
0.027305
0.02731
0.02731
0.027311
0.027313
0.027314
0.027317
0.027317
0.02732
0.027324
0.027324
0.027327
0.02733
0.02733
0.027333
0.027335
0.027337
0.027337
0.02734
0.02734
0.027344
0.027347
0.02735
0.027354
0.027363
0.027363
0.027366
0.02737
0.027373
0.027375
0.027377
0.02738
0.027383
0.027383
0.02739
0.027394
0.027397
0.0274
0.027403
0.027405
0.027413
0.027414
0.027416
0.02742
0.02742
0.027423
0.027426
0.027427
0.027433
0.027433
0.027434
0.027434
0.027436
0.027437
0.02744
0.027443
0.027443
0.02745
0.027455
0.027457
0.027457
0.027457
0.02746
0.02746
0.027462
0.027467
0.02747
0.027474
0.027474
0.027474
0.027477
0.02748
0.02748
0.027481
0.027483
0.027483
0.027483
0.027486
0.027489
0.027494
0.027495
0.027496
0.027499
0.0275
0.0275
0.027508
0.02751
0.027517
0.027521
0.027523
0.027526
0.027527
0.027529
0.02753
0.02753
0.02753
0.02753
0.027534
0.027537
0.027537
0.027542
0.027544
0.02755
0.02755
0.027551
0.027553
0.027554
0.027557
0.027557
0.027563
0.027564
0.027567
0.027572
0.027573
0.027576
0.027587
0.027587
0.027587
0.02759
0.027596
0.027597
0.027597
0.027603
0.02761
0.027613
0.027616
0.027616
0.027617
0.027618
0.02762
0.02762
0.02762
0.02762
0.027622
0.027623
0.027623
0.027624
0.02764
0.02764
0.02764
0.02764
0.027643
0.027644
0.027645
0.027646
0.027647
0.02765
0.02765
0.02765
0.027653
0.027653
0.02766
0.027664
0.02767
0.027674
0.02768
0.027683
0.027689
0.02769
0.02769
0.02769
0.02769
0.027692
0.027697
0.027704
0.027705
0.027706
0.027707
0.027707
0.027714
0.027717
0.02772
0.02772
0.027726
0.027729
0.027737
0.027737
0.027738
0.02774
0.027742
0.027742
0.027747
0.027747
0.027753
0.027754
0.027756
0.027757
0.02776
0.027763
0.02777
0.027773
0.027774
0.027777
0.027787
0.02779
0.027797
0.0278
0.0278
0.0278
0.027803
0.027804
0.02781
0.027811
0.027814
0.027817
0.027817
0.027817
0.027817
0.027819
0.02782
0.027822
0.027824
0.027826
0.027827
0.027828
0.027832
0.027833
0.027834
0.027837
0.027837
0.027838
0.02784
0.02784
0.027844
0.027845
0.027845
0.027847
0.02785
0.027856
0.02786
0.02786
0.02786
0.027862
0.027862
0.027863
0.027864
0.027865
0.027867
0.027868
0.02787
0.02787
0.02787
0.027876
0.027877
0.027877
0.027882
0.027884
0.027886
0.027887
0.027887
0.027887
0.027892
0.027893
0.0279
0.027901
0.027904
0.02791
0.027913
0.027917
0.02792
0.027924
0.027926
0.02793
0.027937
0.027938
0.02794
0.02794
0.027944
0.027947
0.027954
0.027956
0.027957
0.027957
0.027957
0.02796
0.02796
0.027963
0.027973
0.027977
0.027983
0.027983
0.027987
0.027987
0.02799
0.02799
0.02799
0.027993
0.027994
0.028
0.028003
0.028006
0.028007
0.02801
0.02801
0.02801
0.028013
0.028017
0.02802
0.028023
0.028025
0.028026
0.02803
0.028031
0.028033
0.028036
0.028037
0.028037
0.02804
0.02804
0.028046
0.028047
0.02805
0.028053
0.028055
0.028056
0.028058
0.028058
0.02806
0.028062
0.028063
0.028067
0.028068
0.02807
0.028073
0.028077
0.028084
0.028087
0.02809
0.02809
0.028097
0.0281
0.028103
0.028106
0.028106
0.028107
0.028107
0.028113
0.028113
0.028114
0.028116
0.028117
0.02812
0.028123
0.028123
0.028123
0.028127
0.028133
0.028134
0.028137
0.02814
0.02814
0.028143
0.028146
0.028146
0.028147
0.02815
0.028163
0.028163
0.028164
0.028166
0.02817
0.02817
0.028173
0.028176
0.028185
0.028187
0.028188
0.02819
0.028191
0.028193
0.028197
0.028197
0.0282
0.0282
0.028204
0.028207
0.028215
0.028217
0.028217
0.028219
0.028219
0.028227
0.028228
0.028228
0.028231
0.028233
0.028237
0.02824
0.028246
0.02825
0.028253
0.028254
0.028257
0.02826
0.028262
0.028264
0.028266
0.028271
0.028273
0.028276
0.028277
0.028277
0.028277
0.02828
0.02828
0.028284
0.028293
0.028297
0.028297
0.0283
0.028305
0.028306
0.028307
0.028308
0.028311
0.028316
0.028317
0.028317
0.02832
0.028323
0.028323
0.028326
0.02833
0.02834
0.02834
0.02834
0.02834
0.028345
0.02835
0.028353
0.028358
0.02836
0.02836
0.02836
0.02837
0.02837
0.028373
0.028373
0.028374
0.028374
0.028378
0.028383
0.028384
0.02839
0.02839
0.028396
0.028397
0.0284
0.028406
0.028407
0.028409
0.02841
0.02841
0.02842
0.02842
0.028423
0.028424
0.028424
0.028427
0.02843
0.02843
0.02843
0.028431
0.028434
0.028437
0.02844
0.028443
0.028443
0.028451
0.028453
0.028454
0.028456
0.028457
0.02846
0.028461
0.028463
0.028467
0.028483
0.028483
0.028483
0.028486
0.028493
0.028493
0.028495
0.028495
0.028503
0.028514
0.02852
0.028524
0.028524
0.028526
0.028527
0.02853
0.02853
0.02853
0.02853
0.02854
0.028542
0.028542
0.02855
0.02855
0.02855
0.02855
0.028555
0.028555
0.028556
0.028567
0.028567
0.028567
0.028568
0.02857
0.028574
0.028578
0.028578
0.02858
0.028587
0.02859
0.028594
0.028596
0.028603
0.028607
0.02861
0.028624
0.028627
0.02863
0.02864
0.028643
0.028644
0.028647
0.028649
0.02865
0.02866
0.028664
0.028665
0.02867
0.028674
0.028677
0.028677
0.028687
0.028696
0.028696
0.028697
0.028698
0.028705
0.028707
0.028713
0.028713
0.028714
0.028715
0.028724
0.028747
0.028753
0.028762
0.028763
0.028763
0.028767
0.028772
0.028773
0.028773
0.028777
0.028783
0.028783
0.028784
0.028784
0.028784
0.028787
0.028787
0.0288
0.028803
0.02881
0.02881
0.028814
0.028817
0.02882
0.02882
0.028823
0.028826
0.02883
0.02883
0.02884
0.028843
0.028846
0.02885
0.02885
0.028853
0.028867
0.028867
0.02887
0.02887
0.02887
0.02888
0.028883
0.028883
0.028883
0.02889
0.02889
0.028893
0.028896
0.02892
0.028932
0.028933
0.028937
0.02894
0.028947
0.028948
0.02895
0.02895
0.02896
0.028962
0.028977
0.02898
0.028984
0.028984
0.02899
0.028991
0.028997
0.029
0.029004
0.029005
0.02901
0.029013
0.029013
0.029014
0.029014
0.029016
0.029017
0.029017
0.02902
0.02902
0.029027
0.029033
0.029034
0.029043
0.029043
0.029046
0.029047
0.029047
0.029053
0.029054
0.029056
0.029056
0.029057
0.02906
0.029064
0.029064
0.029066
0.029067
0.02907
0.029073
0.029076
0.02908
0.02908
0.0291
0.029106
0.029106
0.02911
0.02911
0.029113
0.029113
0.029114
0.029117
0.029117
0.029124
0.02913
0.029132
0.029133
0.029141
0.029149
0.029153
0.029156
0.02916
0.029167
0.02917
0.029173
0.029175
0.029187
0.029188
0.029193
0.029194
0.029203
0.029203
0.029206
0.029206
0.02921
0.029213
0.029214
0.029216
0.029217
0.029217
0.029217
0.029226
0.029226
0.029227
0.029234
0.02924
0.029242
0.029244
0.02925
0.02926
0.02926
0.029262
0.02927
0.029274
0.029277
0.02929
0.029293
0.029298
0.029302
0.029306
0.029306
0.029314
0.029315
0.02932
0.029323
0.029323
0.029326
0.029327
0.02933
0.029333
0.029333
0.029333
0.029334
0.029336
0.029337
0.02934
0.029343
0.029347
0.029347
0.02935
0.02935
0.02936
0.029366
0.029367
0.029367
0.029369
0.029383
0.029383
0.029388
0.0294
0.0294
0.0294
0.0294
0.02941
0.02941
0.029418
0.029421
0.02943
0.029433
0.029437
0.02944
0.02944
0.029443
0.029443
0.029444
0.029447
0.02945
0.02945
0.029453
0.029456
0.029457
0.029457
0.02946
0.02946
0.029461
0.029462
0.029471
0.029474
0.02948
0.02948
0.02948
0.029487
0.029487
0.029493
0.029493
0.029497
0.029497
0.0295
0.029501
0.029503
0.029506
0.02952
0.029524
0.029527
0.029527
0.029534
0.029544
0.029554
0.029573
0.029582
0.029585
0.029597
0.029603
0.029613
0.029616
0.02962
0.029624
0.029625
0.029634
0.029637
0.02964
0.029644
0.029644
0.029644
0.029652
0.029657
0.02966
0.02966
0.029663
0.029663
0.029664
0.029667
0.029677
0.029686
0.029694
0.0297
0.029702
0.029708
0.029713
0.02972
0.02972
0.029723
0.029733
0.029734
0.029734
0.02974
0.029742
0.029745
0.029748
0.029753
0.029753
0.029753
0.02976
0.029764
0.029765
0.029772
0.029779
0.029782
0.029783
0.029784
0.02979
0.029793
0.029793
0.029793
0.0298
0.029807
0.029813
0.02982
0.029822
0.02983
0.029834
0.02984
0.02984
0.029844
0.02985
0.02985
0.029852
0.029858
0.029865
0.02987
0.02987
0.029874
0.029874
0.029877
0.029877
0.029887
0.029893
0.029896
0.029897
0.0299
0.029902
0.029905
0.029907
0.029911
0.029913
0.029914
0.029917
0.029917
0.029917
0.029923
0.029943
0.029947
0.02995
0.029956
0.02996
0.029963
0.029963
0.029966
0.029967
0.02997
0.029973
0.029977
0.02998
0.029981
0.029983
0.029984
0.02999
0.029991
0.029994
0.030012
0.030013
0.030027
0.03003
0.030037
0.030043
0.030044
0.03005
0.03005
0.030063
0.030063
0.03007
0.030071
0.03008
0.03008
0.030086
0.03009
0.03009
0.030094
0.030096
0.030097
0.030103
0.030104
0.030133
0.030133
0.03014
0.03014
0.030145
0.030147
0.030147
0.030163
0.030166
0.030167
0.030181
0.030183
0.030188
0.030193
0.030197
0.030205
0.030207
0.030207
0.030227
0.03023
0.030231
0.030234
0.03025
0.030254
0.030256
0.030257
0.030263
0.030269
0.03027
0.030273
0.030274
0.030287
0.0303
0.030304
0.030306
0.030313
0.030327
0.030329
0.030329
0.030334
0.030335
0.030336
0.03034
0.030351
0.030353
0.030357
0.030367
0.030376
0.03038
0.03038
0.030403
0.030407
0.030413
0.030432
0.030432
0.03044
0.03045
0.03047
0.030473
0.030476
0.03049
0.030492
0.030508
0.030517
0.03052
0.03052
0.030531
0.030533
0.030537
0.030547
0.030553
0.030557
0.030563
0.030567
0.030574
0.030577
0.03058
0.030584
0.030586
0.030587
0.03059
0.030591
0.030591
0.030593
0.0306
0.0306
0.030604
0.030609
0.030617
0.030623
0.030625
0.030645
0.030646
0.030647
0.030647
0.030654
0.03066
0.03067
0.030684
0.030689
0.030696
0.030711
0.030714
0.030716
0.030716
0.03072
0.03073
0.030747
0.030763
0.030763
0.030764
0.030764
0.030767
0.030774
0.030777
0.030787
0.03079
0.030797
0.0308
0.030817
0.030817
0.030818
0.030826
0.03084
0.030846
0.030856
0.03087
0.030873
0.03088
0.030889
0.030893
0.030894
0.030898
0.0309
0.030907
0.03092
0.030923
0.030938
0.030943
0.03097
0.030994
0.030994
0.031007
0.03102
0.031022
0.031025
0.031034
0.031037
0.031037
0.03104
0.031046
0.031047
0.031047
0.031047
0.031056
0.031075
0.031077
0.03108
0.03108
0.031082
0.031083
0.031085
0.03109
0.031095
0.031114
0.031141
0.031156
0.031157
0.031157
0.031164
0.031167
0.031167
0.031179
0.031184
0.031191
0.031194
0.031204
0.031207
0.031215
0.03122
0.031266
0.031274
0.031277
0.03128
0.031283
0.031284
0.031286
0.031289
0.03129
0.031313
0.03132
0.03134
0.031363
0.031364
0.031364
0.031366
0.031369
0.031388
0.03139
0.031403
0.03144
0.031446
0.03145
0.03145
0.03146
0.031466
0.031472
0.031474
0.031474
0.031477
0.03148
0.03148
0.031484
0.031498
0.031504
0.03153
0.031534
0.031539
0.03154
0.031544
0.031544
0.031547
0.031547
0.031554
0.031566
0.031567
0.031575
0.031577
0.03158
0.031591
0.031607
0.031622
0.031623
0.031634
0.03164
0.03164
0.031652
0.031656
0.031657
0.031661
0.031666
0.031671
0.031677
0.031693
0.031702
0.03171
0.031713
0.031716
0.031717
0.031733
0.031733
0.031736
0.031745
0.031745
0.031766
0.031779
0.03181
0.031813
0.031813
0.031815
0.031817
0.03182
0.031822
0.031823
0.031828
0.031833
0.031843
0.031853
0.031856
0.031868
0.031883
0.031884
0.031892
0.031904
0.031908
0.03192
0.03192
0.031924
0.031927
0.031927
0.031938
0.031944
0.03195
0.03196
0.03196
0.031967
0.031969
0.031969
0.031997
0.032
0.032
0.032004
0.032009
0.03201
0.032013
0.032013
0.032013
0.032023
0.032025
0.032034
0.032046
0.03205
0.032064
0.032065
0.032066
0.032071
0.032084
0.032103
0.032114
0.032126
0.03214
0.03214
0.032142
0.032145
0.032146
0.03217
0.032178
0.032187
0.032187
0.0322
0.032215
0.032221
0.032223
0.032227
0.03224
0.032244
0.03225
0.032257
0.032265
0.032267
0.032273
0.032276
0.032277
0.032286
0.03229
0.032294
0.0323
0.032336
0.032342
0.032344
0.03235
0.03237
0.032373
0.03238
0.032387
0.032397
0.032403
0.032421
0.032423
0.032427
0.032434
0.032436
0.032442
0.032443
0.032448
0.032453
0.032457
0.03246
0.032464
0.032474
0.032483
0.032492
0.032496
0.032498
0.032503
0.032505
0.032514
0.032523
0.032538
0.032582
0.032583
0.03259
0.032607
0.03261
0.032615
0.03264
0.032653
0.03266
0.032661
0.032684
0.032693
0.032704
0.03272
0.032727
0.032733
0.032739
0.032741
0.032743
0.032744
0.032757
0.032773
0.032783
0.03279
0.03279
0.0328
0.0328
0.032825
0.03284
0.032843
0.03285
0.032853
0.032862
0.032874
0.032877
0.03288
0.032883
0.032894
0.032903
0.03292
0.032923
0.032954
0.032957
0.032966
0.032987
0.032996
0.033004
0.033023
0.033033
0.033048
0.033057
0.033062
0.033063
0.033064
0.033067
0.033076
0.03308
0.033087
0.03309
0.033094
0.033098
0.033106
0.033114
0.03312
0.03313
0.033134
0.03314
0.033157
0.033191
0.033197
0.03321
0.033215
0.033223
0.033227
0.033228
0.033248
0.033258
0.03326
0.03328
0.03329
0.033296
0.033323
0.03333
0.03335
0.033351
0.033354
0.033356
0.03336
0.033366
0.033378
0.033403
0.03341
0.033415
0.033457
0.033496
0.033503
0.033511
0.033514
0.03355
0.033552
0.033553
0.033576
0.033597
0.033614
0.033617
0.03363
0.03365
0.033653
0.033659
0.033697
0.033706
0.033714
0.033723
0.033747
0.033757
0.033815
0.03382
0.033823
0.033828
0.033836
0.033874
0.03388
0.033893
0.033913
0.033927
0.03393
0.033936
0.03394
0.033944
0.033956
0.03396
0.033973
0.033977
0.03398
0.033993
0.034
0.034013
0.034017
0.034047
0.034057
0.034067
0.034076
0.03409
0.034102
0.034103
0.034123
0.03414
0.034143
0.034156
0.034191
0.034196
0.0342
0.034206
0.034237
0.03428
0.03429
0.03429
0.034294
0.034295
0.034334
0.03434
0.03435
0.03435
0.03436
0.03436
0.034372
0.034377
0.034406
0.034407
0.03441
0.034416
0.034436
0.034443
0.034447
0.034454
0.03446
0.03446
0.034493
0.034497
0.034497
0.034497
0.034507
0.034551
0.03456
0.034563
0.03457
0.034572
0.034577
0.0346
0.034614
0.034623
0.03465
0.03465
0.03465
0.03467
0.034695
0.0347
0.03473
0.03473
0.034732
0.034737
0.034737
0.03474
0.034743
0.034773
0.034777
0.034779
0.034788
0.034798
0.034806
0.03481
0.03482
0.03485
0.03485
0.034854
0.034886
0.034904
0.03492
0.034926
0.034927
0.034932
0.03494
0.03495
0.034951
0.03498
0.034987
0.03501
0.035017
0.035023
0.03503
0.035033
0.035054
0.035065
0.03511
0.035114
0.035116
0.035133
0.035144
0.03515
0.035177
0.03522
0.03526
0.035286
0.035292
0.035293
0.035294
0.03531
0.035317
0.035332
0.035343
0.03535
0.03538
0.035393
0.0354
0.0354
0.035413
0.035417
0.035437
0.035437
0.035446
0.035495
0.035507
0.03554
0.03556
0.035594
0.035596
0.035606
0.035609
0.03563
0.035633
0.035633
0.03564
0.035692
0.035705
0.035757
0.035776
0.035781
0.03579
0.035814
0.035843
0.035867
0.035873
0.035895
0.03592
0.035927
0.03595
0.035963
0.035976
0.036037
0.03605
0.036057
0.03608
0.036089
0.036107
0.036116
0.03612
0.036123
0.036132
0.036183
0.036183
0.036185
0.036196
0.036213
0.036267
0.036317
0.036368
0.036397
0.03641
0.036414
0.036414
0.036463
0.03651
0.036513
0.03655
0.036557
0.036634
0.036647
0.036668
0.03668
0.036701
0.036713
0.036724
0.036771
0.03678
0.036815
0.036887
0.036925
0.036928
0.036947
0.036971
0.037012
0.037077
0.03708
0.037114
0.037117
0.037143
0.037145
0.037204
0.037234
0.037236
0.037243
0.037263
0.037284
0.037302
0.037307
0.037341
0.037394
0.037409
0.03747
0.037513
0.037531
0.037536
0.037546
0.037575
0.03764
0.03775
0.037764
0.037774
0.03778
0.037795
0.0378
0.037803
0.037806
0.037813
0.037877
0.03791
0.037963
0.037976
0.038
0.038033
0.038136
0.038176
0.038187
0.038227
0.038227
0.038243
0.038293
0.038386
0.03841
0.038423
0.038428
0.038428
0.03843
0.038455
0.03846
0.038463
0.0385
0.038513
0.038554
0.038575
0.038594
0.03864
0.038673
0.038689
0.03875
0.03875
0.03877
0.03882
0.038845
0.03888
0.038901
0.038902
0.038974
0.038991
0.038997
0.039027
0.039053
0.03907
0.039083
0.039097
0.039106
0.039107
0.039154
0.039161
0.03917
0.039173
0.039222
0.03926
0.03928
0.039298
0.039384
0.039493
0.03954
0.039567
0.039595
0.039597
0.039618
0.039636
0.03972
0.03975
0.039861
0.03992
0.039996
0.040034
0.04004
0.040047
0.040056
0.04012
0.040146
0.04018
0.040197
0.040223
0.04026
0.040263
0.040277
0.040323
0.040333
0.04039
0.040396
0.040397
0.040415
0.040424
0.040434
0.0405
0.040503
0.04052
0.040526
0.04055
0.040588
0.040597
0.04068
0.040705
0.040777
0.040784
0.040786
0.040811
0.040823
0.04087
0.040903
0.040954
0.040969
0.040987
0.040997
0.041054
0.04107
0.041143
0.041263
0.041295
0.041323
0.04134
0.041404
0.041434
0.04148
0.041564
0.041604
0.04162
0.041643
0.041671
0.041757
0.0418
0.041847
0.041865
0.04189
0.041892
0.041903
0.04192
0.042003
0.042009
0.04205
0.042063
0.042086
0.042151
0.042175
0.042207
0.042237
0.04228
0.04228
0.042292
0.0423
0.042303
0.042306
0.042329
0.042333
0.042347
0.042367
0.042537
0.042563
0.042583
0.042596
0.042626
0.04264
0.04267
0.04268
0.042895
0.043024
0.043153
0.043233
0.043236
0.04328
0.043337
0.043346
0.043365
0.0434
0.043474
0.043483
0.043504
0.043513
0.04359
0.04364
0.043663
0.043803
0.043812
0.043847
0.043974
0.044034
0.044035
0.04405
0.044072
0.044093
0.044209
0.04436
0.044367
0.044486
0.04452
0.044675
0.044781
0.044797
0.04481
0.044846
0.044907
0.044933
0.044969
0.045071
0.04516
0.04516
0.045187
0.045194
0.045197
0.045216
0.045219
0.0453
0.045383
0.045495
0.045516
0.04554
0.045597
0.045598
0.045723
0.045775
0.045853
0.04588
0.046197
0.046354
0.046407
0.046486
0.046542
0.046771
0.046798
0.046843
0.046853
0.047078
0.047123
0.04718
0.047242
0.047267
0.047419
0.04742
0.047428
0.047436
0.04747
0.047509
0.047614
0.047767
0.047772
0.047806
0.047844
0.04787
0.047889
0.047892
0.047945
0.04801
0.048299
0.048369
0.048446
0.048503
0.04858
0.048646
0.04885
0.04892
0.048929
0.048994
0.049089
0.049127
0.049143
0.04917
0.049428
0.049487
0.04971
0.049856
0.05017
0.050317
0.05073
0.050955
0.050978
0.05104
0.051146
0.05116
0.051471
0.051813
0.052218
0.052367
0.05242
0.052507
0.052885
0.05292
0.053111
0.053253
0.053406
0.053425
0.05343
0.053713
0.053863
0.053953
0.054051
0.05409
0.05431
0.0545
0.054624
0.054643
0.054684
0.05479
0.054817
0.054977
0.0553
0.055964
0.056
0.056197
0.056415
0.056637
0.056757
0.057083
0.05746
0.057474
0.057547
0.05759
0.057753
0.0579
0.057903
0.057933
0.05797
0.05813
0.058183
0.058316
0.058424
0.05844
0.058576
0.058684
0.059093
0.05971
0.06033
0.060596
0.060773
0.062362
0.062447
0.062793
0.062917
0.06366
0.06368
0.06442
0.064973
0.065106
0.065851
0.066923
0.068461
0.069943
0.072877
0.073009
0.073151
0.074564
0.074964
0.077427
0.077751
0.0781
0.080565
0.085887
0.098618
0.098707
0.098804
0.102554
0.103172
0.103217
0.104708
0.133073
0.150437
0.156493
0.179835
0.200733
0.201981
0.214953
0.216463
0.258016
0.258437
0.292883
0.294364
0.310544
0.32988
0.333363
0.335049
0.338841
0.340103
0.340379
0.342553
0.344812
0.348828
0.37409
0.379407
0.38733
0.388158
0.393635
0.394989
0.397674
0.406824
0.407187
0.4376
0.441157
0.449321
0.45128
0.457118
0.459043
0.467853
0.480052
0.482502
0.483307
0.502896
0.550368
0.555884
0.620153
0.703751
0.715251
0.732134
