0.019389
0.019402
0.019593
0.019606
0.019686
0.019797
0.020084
0.020132
0.020139
0.020322
0.02038
0.020504
0.020594
0.020623
0.020753
0.020753
0.020774
0.020814
0.02082
0.020904
0.02104
0.02112
0.021154
0.021237
0.02127
0.021318
0.021342
0.021366
0.02144
0.021473
0.021538
0.02157
0.021572
0.021586
0.021592
0.02163
0.02164
0.021643
0.021682
0.021735
0.021777
0.021793
0.021803
0.021807
0.02188
0.02193
0.021952
0.021973
0.021995
0.022014
0.022033
0.02204
0.022057
0.022115
0.022139
0.022153
0.022179
0.022191
0.022223
0.02225
0.022258
0.022263
0.022318
0.022327
0.022329
0.022331
0.022365
0.02237
0.022402
0.022412
0.022416
0.022426
0.022455
0.022486
0.02249
0.022492
0.022494
0.022504
0.02251
0.022523
0.022537
0.022562
0.022587
0.022593
0.022593
0.022609
0.022665
0.022668
0.022675
0.022685
0.022697
0.022701
0.022712
0.022712
0.022724
0.022746
0.022751
0.022754
0.022764
0.02277
0.022789
0.022822
0.022827
0.022838
0.02284
0.022848
0.022862
0.022872
0.022878
0.022885
0.022885
0.022885
0.022891
0.022899
0.022913
0.022918
0.022947
0.022965
0.022971
0.022977
0.02299
0.022998
0.023005
0.023007
0.023012
0.023016
0.023024
0.023071
0.023077
0.02308
0.023103
0.023152
0.023208
0.023208
0.02321
0.023216
0.023236
0.023245
0.023266
0.023267
0.023268
0.023268
0.02328
0.023282
0.023292
0.023301
0.023308
0.02332
0.023325
0.023336
0.023341
0.023348
0.023355
0.023386
0.023387
0.023387
0.02339
0.023391
0.023407
0.023432
0.02344
0.023444
0.023448
0.023458
0.02346
0.023462
0.02347
0.023489
0.02349
0.023513
0.023534
0.023539
0.023541
0.023552
0.023556
0.023556
0.023576
0.023588
0.02359
0.023598
0.0236
0.0236
0.0236
0.023623
0.02363
0.023631
0.023636
0.023656
0.023662
0.023676
0.023694
0.023702
0.023708
0.02372
0.023723
0.023734
0.023743
0.023748
0.023754
0.023762
0.02377
0.023788
0.023797
0.023824
0.023827
0.023836
0.023845
0.023851
0.023855
0.023855
0.023857
0.023866
0.023871
0.023884
0.023885
0.023891
0.023915
0.023917
0.023925
0.023925
0.02393
0.02394
0.023942
0.023979
0.023979
0.023994
0.023997
0.024005
0.024007
0.024014
0.024014
0.024016
0.02402
0.024024
0.024042
0.024043
0.024066
0.024068
0.024073
0.024082
0.024083
0.024085
0.024086
0.02409
0.024093
0.024094
0.024101
0.024104
0.02411
0.024123
0.024125
0.024132
0.02414
0.024142
0.024142
0.024143
0.024155
0.024156
0.024157
0.024162
0.024198
0.024205
0.024208
0.02421
0.024218
0.024218
0.024227
0.02423
0.024232
0.024249
0.024253
0.024256
0.024256
0.024265
0.024267
0.024277
0.02428
0.024286
0.024287
0.02429
0.024293
0.024301
0.024303
0.024306
0.02431
0.02431
0.024315
0.02432
0.024325
0.024327
0.024342
0.024344
0.02435
0.024356
0.02436
0.024364
0.024368
0.024379
0.024384
0.024402
0.024403
0.024411
0.024417
0.024418
0.024419
0.02442
0.024422
0.024447
0.02445
0.024468
0.024482
0.024485
0.02449
0.024492
0.024499
0.024499
0.024508
0.02451
0.024518
0.024523
0.024525
0.024529
0.024536
0.024544
0.024552
0.024554
0.024555
0.024568
0.024569
0.0246
0.024603
0.024605
0.024605
0.024605
0.02462
0.02463
0.02463
0.024632
0.024633
0.024635
0.02464
0.02464
0.02464
0.024642
0.024645
0.024645
0.024662
0.024671
0.024678
0.024693
0.024707
0.024707
0.024711
0.024712
0.024716
0.024718
0.02472
0.024724
0.024725
0.02473
0.02473
0.02473
0.02473
0.024743
0.024762
0.024767
0.024768
0.024768
0.02477
0.024774
0.02479
0.024795
0.024797
0.024798
0.0248
0.024802
0.024808
0.024809
0.024813
0.024814
0.024815
0.024818
0.02482
0.02484
0.024847
0.024848
0.024848
0.024852
0.024854
0.024857
0.02488
0.024885
0.02489
0.024895
0.024898
0.024901
0.024903
0.024906
0.024908
0.024913
0.024918
0.02492
0.024922
0.024927
0.024937
0.024941
0.024944
0.024947
0.024948
0.024953
0.024955
0.024963
0.024963
0.024967
0.024968
0.024968
0.024969
0.02497
0.024974
0.024977
0.024985
0.024998
0.02501
0.025019
0.02502
0.025029
0.02503
0.025033
0.025033
0.025035
0.02504
0.025042
0.025043
0.025047
0.025051
0.025054
0.025064
0.025073
0.02508
0.02508
0.02508
0.025085
0.025086
0.025088
0.025089
0.02509
0.025093
0.025093
0.025095
0.025097
0.025102
0.025108
0.02511
0.02512
0.025124
0.025128
0.025144
0.02516
0.025163
0.02517
0.025177
0.025178
0.025185
0.025188
0.025191
0.025193
0.025193
0.025202
0.025203
0.025209
0.025212
0.025218
0.025219
0.02522
0.025226
0.025231
0.025234
0.025235
0.025236
0.02524
0.025242
0.025245
0.025248
0.025248
0.025252
0.025256
0.025257
0.025257
0.025259
0.02526
0.025276
0.025285
0.025286
0.0253
0.025304
0.02531
0.025315
0.025317
0.02532
0.02532
0.025325
0.02533
0.025338
0.02534
0.025341
0.025342
0.025346
0.025349
0.02535
0.025362
0.025362
0.025371
0.025375
0.025375
0.025382
0.025385
0.025396
0.025397
0.025397
0.025397
0.025405
0.025407
0.025408
0.02541
0.025411
0.025415
0.025421
0.025423
0.02543
0.025431
0.025433
0.025436
0.025437
0.025454
0.025454
0.025455
0.025457
0.025464
0.025467
0.025468
0.025473
0.025487
0.025489
0.02549
0.02549
0.025492
0.025494
0.025503
0.025514
0.025514
0.025522
0.025523
0.025526
0.025528
0.025532
0.025538
0.025539
0.025544
0.025546
0.025548
0.025553
0.025553
0.025567
0.025568
0.025568
0.025569
0.02557
0.025574
0.025591
0.025591
0.025598
0.025598
0.0256
0.025605
0.025607
0.025607
0.025616
0.025618
0.025619
0.025638
0.025643
0.025647
0.025651
0.025657
0.025662
0.025663
0.02567
0.025678
0.025678
0.02568
0.02568
0.025683
0.025683
0.025688
0.025694
0.025694
0.025714
0.025716
0.02572
0.02572
0.02572
0.025722
0.025727
0.025727
0.02573
0.02573
0.02573
0.025731
0.025733
0.025734
0.025738
0.025739
0.02574
0.025743
0.025749
0.025751
0.025755
0.025757
0.025758
0.025763
0.025766
0.025768
0.025769
0.025772
0.025774
0.025775
0.025776
0.025776
0.025776
0.025777
0.025778
0.02578
0.02578
0.025782
0.025782
0.025783
0.025786
0.025789
0.02579
0.02579
0.025798
0.025798
0.025803
0.025803
0.025807
0.025812
0.025817
0.025826
0.025828
0.02583
0.025832
0.025833
0.02584
0.025844
0.025861
0.025866
0.025867
0.025869
0.025872
0.025872
0.025874
0.025877
0.025878
0.02588
0.025888
0.025889
0.025892
0.025892
0.025892
0.025894
0.025896
0.025898
0.025898
0.0259
0.025902
0.025906
0.025906
0.02591
0.025915
0.02592
0.025923
0.025923
0.025925
0.025929
0.02593
0.02593
0.025931
0.025932
0.025932
0.025936
0.025936
0.025937
0.025944
0.025953
0.025955
0.025956
0.025958
0.025958
0.025965
0.025967
0.025975
0.025984
0.025986
0.02599
0.025993
0.025994
0.025997
0.025998
0.026
0.026007
0.02601
0.026011
0.026014
0.026019
0.026019
0.026023
0.026024
0.026026
0.026027
0.026035
0.026042
0.026043
0.026045
0.026047
0.026047
0.026049
0.026052
0.026052
0.026053
0.026054
0.026057
0.026057
0.026062
0.026068
0.02607
0.026074
0.02608
0.026087
0.026094
0.026097
0.0261
0.026103
0.026108
0.026108
0.026108
0.02611
0.02611
0.026112
0.026118
0.02612
0.026123
0.02613
0.026131
0.026132
0.026133
0.026135
0.026136
0.026137
0.026138
0.026141
0.026143
0.026144
0.026147
0.026148
0.026148
0.026152
0.026153
0.02616
0.026163
0.026169
0.026173
0.026174
0.026175
0.026179
0.026181
0.026185
0.026185
0.026188
0.02619
0.026191
0.026191
0.026193
0.026194
0.026194
0.026195
0.0262
0.026205
0.026207
0.02621
0.026221
0.026226
0.026227
0.026231
0.026231
0.026231
0.026237
0.026238
0.026244
0.026246
0.026251
0.026254
0.026256
0.026257
0.026257
0.026257
0.026257
0.026259
0.026261
0.026261
0.026265
0.026267
0.026268
0.026273
0.026273
0.026274
0.026275
0.026289
0.026294
0.026301
0.026302
0.02631
0.026311
0.026317
0.026317
0.026317
0.02632
0.026326
0.026327
0.02633
0.026335
0.026337
0.026339
0.02634
0.02634
0.026343
0.026343
0.026343
0.026351
0.026352
0.026356
0.026358
0.02636
0.026369
0.02637
0.026378
0.026379
0.02639
0.026394
0.026396
0.026397
0.026397
0.026402
0.026407
0.026409
0.02641
0.026414
0.026415
0.026423
0.026424
0.026428
0.026429
0.026433
0.026433
0.026434
0.026437
0.026438
0.02644
0.02644
0.02644
0.02644
0.026446
0.026454
0.026455
0.026455
0.026455
0.026456
0.026457
0.02646
0.026462
0.026464
0.026471
0.026472
0.026472
0.026473
0.026476
0.026477
0.026477
0.026477
0.026478
0.02648
0.02648
0.026482
0.026483
0.026484
0.026487
0.02649
0.0265
0.0265
0.026503
0.02651
0.026512
0.026514
0.026515
0.026516
0.026517
0.02652
0.02652
0.026529
0.02654
0.02654
0.026541
0.026547
0.02656
0.026562
0.026563
0.026565
0.026565
0.026567
0.026568
0.026573
0.026573
0.026575
0.026576
0.026581
0.026584
0.026586
0.026591
0.026593
0.026593
0.026593
0.026594
0.026595
0.026598
0.026598
0.026607
0.026608
0.026609
0.026612
0.026612
0.026613
0.026615
0.026618
0.026619
0.02662
0.026623
0.026624
0.026625
0.026631
0.026638
0.02664
0.026642
0.026643
0.026647
0.02665
0.026652
0.026654
0.026658
0.026659
0.02666
0.026661
0.026664
0.026666
0.026668
0.026669
0.026673
0.026674
0.026683
0.026683
0.026685
0.026688
0.026692
0.026692
0.026693
0.026695
0.026699
0.0267
0.026702
0.026703
0.026704
0.026705
0.026705
0.026706
0.026708
0.026709
0.026711
0.026714
0.026717
0.026727
0.026727
0.026732
0.026732
0.026734
0.026734
0.026735
0.026736
0.026738
0.026743
0.026744
0.026746
0.026747
0.026748
0.026748
0.026751
0.026752
0.026758
0.026758
0.02676
0.02676
0.026763
0.026763
0.026765
0.026773
0.026777
0.026777
0.02678
0.02678
0.026784
0.026786
0.026788
0.026788
0.026788
0.026793
0.026795
0.026802
0.026807
0.026807
0.026808
0.026818
0.026819
0.026819
0.026821
0.026821
0.026822
0.026823
0.026824
0.026826
0.026828
0.026835
0.026835
0.026836
0.026837
0.026837
0.026838
0.026844
0.026847
0.026849
0.026849
0.026851
0.026856
0.026861
0.026863
0.026865
0.026866
0.026877
0.02688
0.02688
0.02689
0.026892
0.026892
0.026899
0.0269
0.026901
0.026903
0.026903
0.026908
0.026908
0.02691
0.026911
0.026911
0.026914
0.026915
0.026918
0.026925
0.026925
0.026929
0.02693
0.026932
0.026932
0.026936
0.026939
0.026946
0.02695
0.026951
0.026951
0.026953
0.026957
0.026958
0.02696
0.02696
0.026962
0.026963
0.026963
0.026963
0.026965
0.026967
0.02697
0.026971
0.026974
0.026974
0.026974
0.026979
0.026987
0.026988
0.027
0.027
0.027005
0.027007
0.027012
0.027012
0.027025
0.027028
0.027032
0.027033
0.027033
0.027034
0.027037
0.02704
0.02704
0.027042
0.027043
0.027043
0.027048
0.027052
0.027053
0.027054
0.027054
0.027056
0.027062
0.027065
0.027073
0.027073
0.027074
0.027077
0.02708
0.027082
0.027089
0.027089
0.027089
0.027092
0.027094
0.027094
0.027095
0.027095
0.027099
0.027104
0.027108
0.027108
0.027109
0.02711
0.02711
0.027115
0.027118
0.02712
0.02712
0.027125
0.027125
0.027126
0.027132
0.027139
0.02714
0.027142
0.027143
0.027145
0.027146
0.027148
0.02715
0.027162
0.027163
0.027165
0.027168
0.027169
0.02717
0.027174
0.027177
0.027181
0.027182
0.027182
0.027185
0.027186
0.027186
0.027188
0.027188
0.027188
0.02719
0.027193
0.027193
0.027194
0.027195
0.027195
0.027195
0.027196
0.027197
0.027198
0.0272
0.027202
0.027202
0.027205
0.027214
0.027216
0.027218
0.02722
0.027221
0.027225
0.027226
0.027228
0.027228
0.027231
0.027231
0.027233
0.027234
0.027237
0.02724
0.02724
0.02724
0.02724
0.02725
0.027252
0.027255
0.027256
0.027258
0.027258
0.027262
0.027272
0.02728
0.02728
0.02728
0.02728
0.02728
0.02728
0.027283
0.027287
0.02729
0.02729
0.027292
0.027292
0.027297
0.027299
0.027303
0.027309
0.027312
0.027313
0.027315
0.027316
0.027318
0.02732
0.02732
0.027323
0.027327
0.027329
0.02733
0.027332
0.027332
0.027336
0.027342
0.027342
0.027343
0.027347
0.027349
0.02735
0.027354
0.027357
0.027357
0.027358
0.02736
0.027366
0.02737
0.02737
0.027375
0.027376
0.027377
0.02738
0.027381
0.027389
0.02739
0.027391
0.027396
0.027397
0.0274
0.0274
0.027403
0.027405
0.027411
0.027411
0.027412
0.027419
0.027424
0.027427
0.027428
0.027432
0.027432
0.027433
0.027434
0.027435
0.027437
0.02744
0.027446
0.027447
0.027453
0.02746
0.027462
0.027464
0.027465
0.027466
0.027468
0.027468
0.027472
0.027475
0.027476
0.027476
0.027482
0.027483
0.027483
0.027484
0.027485
0.027487
0.027488
0.027488
0.027494
0.027496
0.027497
0.027505
0.027511
0.027513
0.027515
0.027522
0.027532
0.027532
0.027532
0.027535
0.027536
0.02754
0.027542
0.027543
0.027543
0.027552
0.027552
0.027553
0.027555
0.027555
0.027563
0.027565
0.027566
0.027568
0.027568
0.027569
0.02757
0.027573
0.027578
0.027579
0.027582
0.027582
0.027586
0.027587
0.027589
0.02759
0.0276
0.0276
0.027602
0.027606
0.027609
0.027609
0.027609
0.027611
0.027618
0.02762
0.027631
0.027633
0.027636
0.027637
0.027638
0.027642
0.027642
0.027643
0.027643
0.027643
0.027647
0.02765
0.02765
0.027652
0.027654
0.027657
0.027659
0.02766
0.02766
0.027663
0.027666
0.027667
0.027671
0.027671
0.027672
0.027672
0.027673
0.027673
0.027674
0.027677
0.02768
0.027682
0.027683
0.027683
0.027684
0.027684
0.027687
0.027689
0.027695
0.027699
0.0277
0.027705
0.027705
0.02771
0.027715
0.027718
0.02772
0.02772
0.02772
0.027723
0.027723
0.027723
0.027724
0.027729
0.027729
0.027729
0.027732
0.027732
0.027734
0.027735
0.027743
0.027748
0.027749
0.02775
0.027752
0.027754
0.027755
0.027755
0.027758
0.027763
0.027763
0.027768
0.027769
0.02777
0.027771
0.027773
0.027773
0.027774
0.027776
0.027776
0.027779
0.027779
0.02778
0.027781
0.027783
0.027784
0.027785
0.027785
0.027788
0.027789
0.027795
0.027797
0.027797
0.027798
0.027803
0.027803
0.027805
0.027806
0.027806
0.027806
0.027807
0.027807
0.027809
0.027809
0.027812
0.027812
0.027816
0.027817
0.027818
0.027818
0.027819
0.02782
0.02782
0.02782
0.027821
0.027825
0.027827
0.027828
0.027833
0.027843
0.027854
0.027855
0.027856
0.027857
0.027858
0.02786
0.027866
0.027866
0.027871
0.027884
0.027894
0.027895
0.027904
0.027907
0.027907
0.027908
0.027911
0.027914
0.027922
0.027922
0.027923
0.027923
0.027926
0.027926
0.02793
0.02793
0.02794
0.02794
0.02794
0.02794
0.02794
0.027947
0.027948
0.027948
0.02795
0.027952
0.027952
0.027952
0.027955
0.027957
0.027957
0.02796
0.02796
0.027967
0.02797
0.02797
0.027971
0.027973
0.027974
0.027975
0.02798
0.027982
0.027982
0.027984
0.027991
0.027992
0.027994
0.027996
0.027997
0.028
0.028004
0.028009
0.028011
0.028012
0.028012
0.028015
0.028016
0.028017
0.028025
0.028025
0.028036
0.02804
0.02804
0.02804
0.02804
0.02804
0.028042
0.028043
0.028043
0.028044
0.02805
0.02805
0.028051
0.028052
0.028053
0.028057
0.02806
0.028063
0.028065
0.028065
0.028067
0.028067
0.028067
0.028068
0.028071
0.028072
0.028077
0.02808
0.028082
0.028082
0.028085
0.028088
0.028091
0.028097
0.028105
0.028105
0.028105
0.028106
0.028118
0.028118
0.02812
0.02812
0.028125
0.028125
0.028126
0.028129
0.02813
0.028135
0.028135
0.028137
0.028137
0.028137
0.028138
0.028139
0.02814
0.028142
0.028143
0.028144
0.028146
0.02815
0.028151
0.028151
0.028152
0.028153
0.02816
0.028161
0.028164
0.028176
0.028177
0.02818
0.028183
0.028185
0.028186
0.02819
0.028191
0.028191
0.028194
0.028195
0.028197
0.0282
0.028203
0.028203
0.028205
0.028206
0.028206
0.028207
0.02821
0.028219
0.02822
0.028223
0.028224
0.028224
0.028226
0.028228
0.028229
0.028229
0.028229
0.02823
0.028233
0.028234
0.028234
0.028235
0.028237
0.02824
0.02824
0.02824
0.028246
0.028246
0.028247
0.028248
0.028248
0.028249
0.028252
0.028254
0.028255
0.028255
0.028256
0.028259
0.02826
0.02826
0.028261
0.028264
0.028266
0.028266
0.028267
0.028269
0.028273
0.028275
0.028277
0.028278
0.02828
0.028283
0.028287
0.02829
0.02829
0.028291
0.028291
0.028295
0.028296
0.028296
0.028297
0.028297
0.028298
0.028303
0.028305
0.028307
0.028307
0.028308
0.028308
0.028316
0.028318
0.02832
0.028323
0.028323
0.028326
0.028326
0.028331
0.028331
0.028331
0.028332
0.028332
0.028332
0.028334
0.028336
0.028337
0.028337
0.028337
0.028337
0.028338
0.028343
0.028344
0.028347
0.028351
0.028353
0.028353
0.028354
0.028354
0.028355
0.028356
0.02836
0.028363
0.028366
0.028369
0.02837
0.028372
0.028372
0.028377
0.028379
0.02838
0.028383
0.028387
0.02839
0.02839
0.028391
0.028391
0.028391
0.028393
0.028393
0.028395
0.028395
0.0284
0.0284
0.028406
0.028409
0.028412
0.028412
0.028413
0.028417
0.028419
0.02842
0.028425
0.028425
0.028429
0.028429
0.02843
0.028431
0.028432
0.028432
0.028433
0.028434
0.028435
0.028435
0.028438
0.02844
0.02844
0.02844
0.02844
0.02844
0.02844
0.028441
0.028443
0.028443
0.028444
0.028446
0.028452
0.028452
0.028455
0.028457
0.028459
0.02846
0.028466
0.028466
0.028471
0.028473
0.028477
0.02848
0.028483
0.028483
0.028483
0.028485
0.028487
0.028488
0.028489
0.028492
0.028493
0.028493
0.028494
0.028494
0.028497
0.028502
0.028504
0.028506
0.02851
0.028511
0.028514
0.028515
0.028517
0.028523
0.028523
0.028524
0.028525
0.028526
0.02853
0.028532
0.028532
0.028537
0.028538
0.028542
0.028542
0.028544
0.028548
0.028548
0.02855
0.028551
0.028551
0.028551
0.028551
0.028551
0.028552
0.028555
0.02856
0.028565
0.028567
0.028569
0.02857
0.02857
0.028571
0.028571
0.028573
0.028574
0.028574
0.028576
0.028577
0.028578
0.028578
0.02858
0.028582
0.028583
0.028588
0.028588
0.028588
0.02859
0.028593
0.028594
0.028594
0.0286
0.028602
0.028603
0.028603
0.028606
0.028608
0.028609
0.028609
0.028609
0.028609
0.02861
0.028611
0.028612
0.028614
0.028615
0.028616
0.02862
0.028622
0.028623
0.028624
0.028624
0.028626
0.028628
0.028631
0.028632
0.028635
0.028637
0.028637
0.028637
0.028637
0.02864
0.028649
0.028651
0.028653
0.028655
0.028655
0.028658
0.028659
0.028665
0.028668
0.02867
0.02867
0.02867
0.028672
0.028673
0.028674
0.028674
0.028675
0.028678
0.02868
0.028684
0.028686
0.028686
0.028688
0.028689
0.028692
0.028697
0.028699
0.028699
0.0287
0.0287
0.028702
0.028707
0.028708
0.028708
0.028711
0.028711
0.028711
0.028713
0.028717
0.02872
0.02872
0.028723
0.028723
0.028723
0.028729
0.028732
0.028736
0.028737
0.028738
0.028742
0.028743
0.028745
0.028747
0.028753
0.028757
0.028757
0.028758
0.028758
0.02876
0.028764
0.028771
0.028772
0.028773
0.028775
0.02878
0.028782
0.028785
0.028786
0.028788
0.028788
0.028788
0.028788
0.028788
0.028791
0.028791
0.028791
0.028791
0.028792
0.028793
0.028793
0.028793
0.028794
0.028795
0.028796
0.028797
0.0288
0.0288
0.0288
0.028803
0.028803
0.028804
0.028807
0.028807
0.02881
0.028811
0.028817
0.028822
0.028825
0.028827
0.028828
0.028828
0.028828
0.028829
0.028831
0.028833
0.028836
0.028836
0.028837
0.028838
0.028838
0.028843
0.028844
0.028846
0.028848
0.028849
0.028849
0.028849
0.028856
0.028861
0.028863
0.028867
0.028868
0.028868
0.028871
0.028871
0.028871
0.028877
0.028878
0.028883
0.028884
0.028885
0.028886
0.02889
0.028892
0.028894
0.028894
0.028895
0.028896
0.028899
0.028899
0.0289
0.0289
0.028904
0.028904
0.028905
0.028906
0.028906
0.028907
0.028907
0.028908
0.028908
0.028908
0.028908
0.028911
0.028913
0.028915
0.028917
0.028917
0.028918
0.02892
0.02892
0.028923
0.028923
0.028923
0.028923
0.028924
0.028925
0.028929
0.028931
0.028933
0.028935
0.028936
0.028937
0.028937
0.028938
0.028939
0.028939
0.028941
0.028942
0.028943
0.028945
0.028948
0.02895
0.028953
0.028954
0.028957
0.028958
0.02896
0.02896
0.028962
0.028963
0.028963
0.028963
0.028966
0.028966
0.028968
0.028969
0.02897
0.028971
0.028979
0.028979
0.02898
0.028982
0.028982
0.028984
0.028986
0.028986
0.028991
0.028994
0.028994
0.028997
0.028997
0.028998
0.029
0.029
0.029003
0.029005
0.02901
0.02901
0.029011
0.029011
0.029012
0.029013
0.029015
0.029019
0.029022
0.029024
0.029028
0.02903
0.029031
0.029031
0.029033
0.029042
0.029044
0.029047
0.029049
0.02905
0.029054
0.029055
0.029056
0.029059
0.029059
0.029063
0.029065
0.029066
0.029066
0.02907
0.029073
0.029075
0.029077
0.029077
0.029077
0.029077
0.02908
0.02908
0.029082
0.029083
0.02909
0.029092
0.029092
0.029096
0.029097
0.029097
0.029101
0.029103
0.029105
0.029108
0.029111
0.029111
0.029112
0.029114
0.029116
0.029116
0.029116
0.029117
0.029117
0.02912
0.02912
0.029126
0.029127
0.029128
0.029136
0.029138
0.02914
0.029142
0.029142
0.029142
0.029146
0.029146
0.029151
0.029153
0.029154
0.029157
0.02916
0.02916
0.029162
0.029162
0.029162
0.029167
0.029168
0.029168
0.029171
0.029175
0.029175
0.02918
0.029185
0.029185
0.029185
0.029186
0.029188
0.02919
0.029193
0.029194
0.029197
0.029198
0.0292
0.0292
0.0292
0.029204
0.029205
0.029207
0.029207
0.029209
0.029212
0.029214
0.029215
0.029218
0.029219
0.02922
0.02922
0.029221
0.029223
0.029223
0.029224
0.029225
0.029225
0.029226
0.02923
0.029231
0.029231
0.029234
0.029235
0.029235
0.029237
0.02924
0.02924
0.02924
0.029243
0.029245
0.029247
0.029249
0.029252
0.029252
0.029254
0.029255
0.029258
0.029258
0.029262
0.029263
0.029264
0.029265
0.029266
0.029267
0.029268
0.02927
0.029275
0.029277
0.029278
0.02928
0.02928
0.029283
0.029284
0.029285
0.029289
0.029289
0.029289
0.02929
0.029292
0.029294
0.029297
0.029297
0.029297
0.0293
0.0293
0.029301
0.029302
0.029305
0.029305
0.029307
0.029308
0.029313
0.029314
0.029316
0.029323
0.029323
0.029326
0.029326
0.029328
0.029329
0.029329
0.029329
0.02933
0.029332
0.029334
0.029335
0.029335
0.029338
0.029339
0.029342
0.029342
0.029342
0.029342
0.029348
0.029348
0.02935
0.029353
0.029356
0.02936
0.02936
0.029362
0.029362
0.029363
0.029363
0.029366
0.029369
0.029371
0.029375
0.029376
0.029379
0.02938
0.029385
0.029386
0.029386
0.029388
0.029391
0.029391
0.029393
0.029393
0.029393
0.029394
0.029395
0.0294
0.0294
0.0294
0.0294
0.0294
0.029406
0.029406
0.029407
0.029407
0.029409
0.02941
0.029412
0.029415
0.029416
0.029418
0.029421
0.029424
0.029428
0.029428
0.029433
0.029433
0.029435
0.02944
0.029442
0.029443
0.029444
0.029449
0.029455
0.029456
0.029458
0.029458
0.02946
0.029462
0.029463
0.029468
0.029468
0.029469
0.02947
0.029471
0.029477
0.02948
0.02948
0.029482
0.029482
0.029483
0.029485
0.029494
0.029495
0.029497
0.029497
0.029498
0.029502
0.029505
0.029506
0.029508
0.029508
0.02951
0.02951
0.029511
0.029513
0.029515
0.029517
0.02952
0.02952
0.029523
0.029529
0.02953
0.029531
0.029532
0.029534
0.029536
0.029537
0.02954
0.029541
0.029542
0.029542
0.029543
0.029545
0.029545
0.029545
0.029548
0.029549
0.02955
0.029553
0.029557
0.02956
0.029562
0.029563
0.029563
0.029564
0.029566
0.029567
0.029569
0.029578
0.02958
0.029582
0.029582
0.029586
0.029594
0.029596
0.029596
0.029596
0.029597
0.029598
0.0296
0.0296
0.029603
0.029607
0.029608
0.029609
0.02961
0.029612
0.029612
0.029613
0.029615
0.029616
0.029617
0.029618
0.029618
0.029619
0.02962
0.02962
0.029621
0.029621
0.029622
0.029622
0.029624
0.029625
0.029626
0.029627
0.029629
0.029631
0.029634
0.02964
0.029642
0.029643
0.029643
0.029646
0.029646
0.029647
0.029648
0.029649
0.02965
0.029652
0.029654
0.029655
0.029658
0.029659
0.02966
0.02966
0.029662
0.029663
0.029665
0.029666
0.02967
0.02967
0.029674
0.029677
0.029677
0.02968
0.02968
0.029683
0.029683
0.029684
0.029684
0.029685
0.029686
0.029687
0.029689
0.029689
0.029689
0.029691
0.029692
0.029693
0.029693
0.029697
0.0297
0.0297
0.029701
0.029702
0.029703
0.029703
0.029707
0.02971
0.029713
0.029714
0.029715
0.029715
0.029715
0.029717
0.029717
0.029718
0.02972
0.029721
0.029722
0.029723
0.029726
0.029727
0.029731
0.029732
0.029732
0.029732
0.029732
0.029734
0.029739
0.029741
0.029743
0.029748
0.029748
0.029749
0.029749
0.029749
0.02975
0.029751
0.029752
0.029753
0.029756
0.029757
0.029757
0.02976
0.02976
0.029762
0.029764
0.029764
0.029764
0.029766
0.029769
0.029769
0.029772
0.029772
0.029773
0.029774
0.029775
0.029776
0.029779
0.029779
0.02978
0.029781
0.029782
0.029782
0.029784
0.029785
0.029785
0.029787
0.029788
0.029788
0.029789
0.02979
0.02979
0.029791
0.029793
0.029794
0.029795
0.029797
0.0298
0.029803
0.029803
0.029803
0.029804
0.029806
0.029807
0.029807
0.029809
0.02981
0.029812
0.029821
0.029824
0.029824
0.029825
0.029825
0.029828
0.029828
0.02983
0.029831
0.029831
0.029831
0.029833
0.029837
0.029837
0.02984
0.02984
0.02984
0.029844
0.029845
0.029846
0.029846
0.029846
0.029849
0.029849
0.029849
0.029852
0.029853
0.029854
0.029856
0.029856
0.029858
0.029858
0.029858
0.029862
0.029864
0.029864
0.029864
0.029868
0.02987
0.029871
0.029871
0.029873
0.029875
0.029877
0.02988
0.02988
0.02988
0.029883
0.029886
0.029886
0.029887
0.029887
0.02989
0.029897
0.029897
0.029898
0.029898
0.029898
0.029904
0.029905
0.029907
0.029908
0.029914
0.029914
0.029914
0.02992
0.02992
0.02992
0.029923
0.029925
0.029927
0.029929
0.029929
0.02993
0.029932
0.029932
0.029932
0.029933
0.029934
0.029936
0.029937
0.029938
0.02994
0.02994
0.02994
0.02994
0.02994
0.029941
0.029944
0.029945
0.02995
0.02995
0.029951
0.029952
0.029953
0.029954
0.029956
0.029958
0.029962
0.029963
0.029963
0.029963
0.029965
0.029965
0.029969
0.02997
0.029971
0.029971
0.029972
0.029977
0.029978
0.02998
0.029981
0.029983
0.029984
0.029989
0.029991
0.029991
0.029993
0.029994
0.029994
0.029995
0.029996
0.03
0.03
0.030002
0.030006
0.030006
0.030007
0.030012
0.030012
0.030014
0.030017
0.030017
0.030017
0.030019
0.03002
0.030022
0.030025
0.030028
0.030028
0.03003
0.03003
0.030033
0.030033
0.030034
0.030036
0.030037
0.03004
0.03004
0.030043
0.030046
0.030046
0.030049
0.030049
0.03005
0.030054
0.030055
0.030059
0.030059
0.03006
0.030061
0.030062
0.030062
0.030063
0.030063
0.030065
0.030065
0.030066
0.030066
0.030068
0.030068
0.030073
0.030074
0.030077
0.03008
0.03008
0.03008
0.030082
0.030083
0.030083
0.030086
0.030087
0.03009
0.030092
0.030093
0.030095
0.030096
0.030097
0.030099
0.0301
0.030101
0.030102
0.030106
0.030107
0.030107
0.030108
0.03011
0.030111
0.030111
0.030112
0.030113
0.030114
0.030115
0.030117
0.030117
0.03012
0.03012
0.03012
0.030125
0.030127
0.030129
0.030132
0.030132
0.030136
0.030137
0.030137
0.030139
0.03014
0.030142
0.030144
0.030144
0.030151
0.030154
0.030154
0.030155
0.030156
0.030157
0.03016
0.030162
0.030163
0.030163
0.030165
0.030168
0.030169
0.030175
0.030177
0.030183
0.030184
0.030184
0.030185
0.030186
0.030188
0.030193
0.030194
0.030197
0.0302
0.0302
0.030203
0.030208
0.030209
0.030211
0.030213
0.030214
0.030215
0.030215
0.030218
0.03022
0.030222
0.030224
0.030225
0.030227
0.03023
0.030231
0.030237
0.030238
0.03024
0.030242
0.030242
0.030243
0.030243
0.030244
0.030244
0.030245
0.030246
0.030247
0.03025
0.030255
0.030257
0.03026
0.030261
0.030261
0.030261
0.030262
0.030265
0.030265
0.030266
0.030268
0.03027
0.030271
0.030274
0.030274
0.030276
0.030277
0.030277
0.030277
0.030278
0.03028
0.03028
0.03028
0.030283
0.030283
0.030286
0.030294
0.030295
0.030297
0.030297
0.030298
0.030298
0.030299
0.030303
0.030305
0.030306
0.030307
0.030308
0.03031
0.030312
0.030314
0.030314
0.030317
0.03032
0.03032
0.03032
0.030323
0.030326
0.030326
0.030327
0.030328
0.030329
0.030333
0.030335
0.030337
0.030338
0.030339
0.030339
0.030339
0.03034
0.03034
0.030344
0.030344
0.030347
0.03035
0.03035
0.030353
0.030356
0.030357
0.030357
0.030357
0.03036
0.030362
0.030363
0.030366
0.030367
0.030367
0.03037
0.030374
0.030378
0.030378
0.03038
0.03038
0.030381
0.030383
0.030387
0.030388
0.030388
0.030388
0.030388
0.030388
0.03039
0.03039
0.030391
0.030394
0.030394
0.030394
0.030395
0.030397
0.030397
0.0304
0.0304
0.0304
0.030405
0.030406
0.030406
0.030408
0.030409
0.03041
0.030411
0.030413
0.030413
0.030414
0.030419
0.03042
0.03042
0.030422
0.030423
0.030427
0.030428
0.030433
0.030433
0.030433
0.03044
0.03044
0.030445
0.030446
0.030446
0.030447
0.030449
0.03045
0.030452
0.030453
0.030454
0.030455
0.030455
0.030456
0.030456
0.030456
0.030458
0.030458
0.03046
0.03046
0.030465
0.03047
0.030471
0.030471
0.030471
0.030472
0.030473
0.030474
0.030474
0.030477
0.030477
0.030477
0.03048
0.03048
0.030482
0.030482
0.030483
0.030483
0.030484
0.030485
0.030489
0.03049
0.030495
0.030495
0.030497
0.030505
0.030511
0.030517
0.030517
0.030517
0.03052
0.030525
0.030525
0.030525
0.030529
0.03053
0.030532
0.030532
0.030536
0.030538
0.03054
0.030547
0.03055
0.03055
0.03055
0.030557
0.030557
0.03056
0.03056
0.030563
0.030563
0.030563
0.030563
0.030569
0.03057
0.030573
0.030574
0.030574
0.030575
0.030576
0.030578
0.03058
0.030582
0.030584
0.030589
0.03059
0.030591
0.030591
0.030594
0.030594
0.030596
0.030597
0.030597
0.030597
0.0306
0.0306
0.030603
0.030603
0.030604
0.030606
0.030606
0.030608
0.030609
0.030609
0.030618
0.03062
0.03062
0.030622
0.030622
0.030623
0.030626
0.030628
0.03063
0.030631
0.030632
0.030633
0.030637
0.030637
0.030638
0.03064
0.03064
0.030643
0.030645
0.030649
0.030649
0.03065
0.030652
0.030652
0.030652
0.030653
0.030657
0.030658
0.030658
0.030659
0.03066
0.03066
0.030662
0.030664
0.030665
0.030668
0.03067
0.030671
0.030674
0.030677
0.03068
0.030683
0.030686
0.030687
0.030689
0.03069
0.03069
0.030692
0.030692
0.030694
0.030694
0.030696
0.030697
0.0307
0.0307
0.0307
0.0307
0.030702
0.030704
0.030706
0.030707
0.030707
0.030707
0.030708
0.030708
0.030708
0.030712
0.030713
0.030717
0.03072
0.030723
0.030723
0.030724
0.030726
0.030727
0.030727
0.030727
0.030728
0.030729
0.030731
0.030731
0.030732
0.030733
0.030739
0.030743
0.030743
0.030743
0.030745
0.030748
0.030751
0.030751
0.030751
0.030752
0.030754
0.030754
0.030754
0.030754
0.030758
0.03076
0.03076
0.030763
0.030763
0.030763
0.030767
0.030768
0.03077
0.030773
0.030775
0.030775
0.030775
0.030775
0.030777
0.030777
0.030784
0.030788
0.030788
0.030789
0.03079
0.030791
0.030794
0.030797
0.030797
0.0308
0.0308
0.030802
0.030803
0.030804
0.030808
0.030812
0.030812
0.030813
0.030813
0.030816
0.030817
0.03082
0.03082
0.030822
0.030823
0.030823
0.030824
0.030824
0.030824
0.030826
0.03083
0.030831
0.030833
0.030834
0.030834
0.030837
0.030837
0.03084
0.030843
0.030843
0.030845
0.030847
0.030847
0.030854
0.030854
0.030857
0.030859
0.03086
0.030862
0.030863
0.030863
0.030863
0.030863
0.030868
0.03087
0.030871
0.030871
0.030875
0.030875
0.030875
0.030877
0.030878
0.030878
0.03088
0.03088
0.030886
0.030886
0.030886
0.030887
0.030889
0.03089
0.030893
0.030894
0.030895
0.030896
0.030898
0.030898
0.0309
0.030902
0.030904
0.030906
0.030906
0.030907
0.030908
0.030908
0.030908
0.030908
0.03091
0.03091
0.030912
0.030913
0.030914
0.030914
0.030914
0.030914
0.030915
0.03092
0.03092
0.03092
0.030922
0.030923
0.030923
0.030923
0.030924
0.030924
0.030926
0.030926
0.030927
0.030931
0.030932
0.030932
0.030937
0.030941
0.030943
0.030945
0.030946
0.030947
0.03095
0.03095
0.03095
0.03095
0.030951
0.030951
0.030952
0.030953
0.030953
0.030954
0.030954
0.030954
0.030955
0.030957
0.030958
0.03096
0.03096
0.03096
0.030963
0.030963
0.030969
0.030969
0.030978
0.03098
0.030984
0.030984
0.03099
0.030991
0.030991
0.030997
0.031003
0.031004
0.031004
0.031006
0.031007
0.03101
0.031011
0.031015
0.031018
0.031019
0.031019
0.03102
0.03102
0.031021
0.031022
0.031022
0.031022
0.031023
0.031023
0.031027
0.031027
0.031028
0.031028
0.031029
0.031029
0.031031
0.031033
0.031034
0.031034
0.031037
0.03104
0.031043
0.031043
0.031045
0.031046
0.031046
0.031046
0.031046
0.031047
0.031047
0.031049
0.03105
0.03105
0.031052
0.031053
0.031057
0.031058
0.031061
0.031061
0.031062
0.031062
0.031065
0.031067
0.031068
0.031074
0.031077
0.03108
0.03108
0.031083
0.031083
0.031084
0.031084
0.031086
0.031086
0.031089
0.031092
0.031092
0.031092
0.031094
0.031098
0.031099
0.0311
0.031101
0.031101
0.031102
0.031104
0.031105
0.031106
0.031106
0.031107
0.031108
0.031108
0.031109
0.031109
0.03111
0.031111
0.031111
0.031114
0.031116
0.031117
0.03112
0.03112
0.03112
0.031126
0.031126
0.031129
0.031129
0.03113
0.031132
0.031133
0.031137
0.031139
0.03114
0.03114
0.031142
0.031142
0.031144
0.031144
0.031147
0.031147
0.031147
0.031148
0.031149
0.03115
0.03115
0.031151
0.031153
0.031153
0.031157
0.03116
0.031164
0.031166
0.031168
0.031169
0.031172
0.031174
0.031175
0.031176
0.031176
0.031178
0.03118
0.031182
0.031182
0.031183
0.031186
0.031187
0.031188
0.03119
0.03119
0.03119
0.031191
0.031192
0.031193
0.031196
0.031197
0.0312
0.0312
0.031203
0.031203
0.031204
0.031207
0.031207
0.03121
0.03121
0.031213
0.031213
0.031213
0.031213
0.031216
0.031216
0.03122
0.031222
0.031222
0.031223
0.031225
0.031225
0.031228
0.031228
0.031228
0.03123
0.03123
0.031231
0.031231
0.031231
0.031232
0.031233
0.031238
0.03124
0.031243
0.031245
0.031246
0.031246
0.031246
0.031248
0.031249
0.03125
0.031251
0.031254
0.031255
0.03126
0.03126
0.03126
0.031262
0.031263
0.031264
0.031268
0.031274
0.031274
0.031277
0.03128
0.03128
0.03128
0.031285
0.031286
0.031286
0.031286
0.031287
0.031289
0.03129
0.031292
0.031293
0.031296
0.031302
0.031305
0.031306
0.03131
0.03131
0.03131
0.03131
0.031314
0.031314
0.031316
0.031317
0.031324
0.031327
0.031327
0.031329
0.031329
0.03133
0.03133
0.031333
0.031335
0.031336
0.031337
0.03134
0.03134
0.031342
0.031342
0.031342
0.031343
0.031344
0.031344
0.031344
0.031344
0.031351
0.031352
0.031356
0.031357
0.03136
0.03136
0.03136
0.03136
0.031362
0.031368
0.031369
0.031369
0.031371
0.031375
0.031375
0.031376
0.031378
0.031378
0.03138
0.031384
0.031386
0.031386
0.031387
0.031388
0.031388
0.031388
0.031389
0.03139
0.031392
0.031393
0.031397
0.031397
0.031398
0.0314
0.0314
0.0314
0.031403
0.031404
0.031404
0.031404
0.031406
0.031407
0.031408
0.031412
0.031422
0.031426
0.031427
0.031427
0.031428
0.031431
0.031431
0.031436
0.031436
0.03144
0.03144
0.03144
0.03144
0.03144
0.031446
0.031447
0.03145
0.031452
0.031453
0.031453
0.031453
0.03146
0.031461
0.031462
0.031463
0.031463
0.031468
0.031469
0.03147
0.03147
0.031472
0.031474
0.03148
0.031484
0.031485
0.03149
0.03149
0.031495
0.031496
0.031497
0.031497
0.031499
0.0315
0.0315
0.0315
0.0315
0.031505
0.031506
0.03151
0.031511
0.031513
0.031514
0.031517
0.031517
0.03152
0.03152
0.031522
0.031523
0.031524
0.031527
0.031529
0.03153
0.03153
0.031532
0.031532
0.031534
0.031534
0.031535
0.031536
0.031537
0.031537
0.031537
0.031538
0.031542
0.031544
0.031545
0.031545
0.031546
0.031546
0.031547
0.031547
0.031547
0.031547
0.03155
0.031554
0.031554
0.031554
0.031557
0.031557
0.031563
0.031565
0.031566
0.031566
0.031567
0.031567
0.03157
0.031574
0.031574
0.031578
0.031583
0.031585
0.031586
0.031588
0.031588
0.03159
0.03159
0.03159
0.031592
0.031592
0.031592
0.031595
0.031597
0.031597
0.031597
0.0316
0.0316
0.0316
0.031603
0.031605
0.031606
0.031607
0.031607
0.031607
0.031609
0.031609
0.03161
0.03161
0.031611
0.031612
0.031613
0.031617
0.03162
0.031622
0.031622
0.031625
0.031626
0.031628
0.031631
0.031635
0.031637
0.03164
0.03164
0.031642
0.031643
0.031643
0.031643
0.031643
0.031645
0.031646
0.031646
0.031646
0.031646
0.031647
0.031647
0.031649
0.031649
0.03165
0.031653
0.031654
0.031654
0.031654
0.031658
0.031659
0.031661
0.031662
0.031663
0.031663
0.031663
0.031664
0.031666
0.031667
0.03167
0.03167
0.031671
0.031671
0.031671
0.031673
0.031677
0.031677
0.031678
0.031678
0.03168
0.03168
0.031681
0.031683
0.031683
0.031687
0.031687
0.031687
0.031689
0.031691
0.031692
0.031692
0.031693
0.0317
0.031703
0.031703
0.031704
0.031705
0.031706
0.031708
0.031709
0.031713
0.031714
0.031716
0.031717
0.031717
0.031718
0.03172
0.03172
0.031727
0.031729
0.03173
0.031739
0.03174
0.031741
0.031743
0.031745
0.031746
0.031746
0.031748
0.031754
0.031755
0.031756
0.031757
0.03176
0.03176
0.031763
0.031763
0.031774
0.031774
0.031775
0.031777
0.031777
0.031778
0.031779
0.03178
0.03178
0.031783
0.031785
0.031785
0.031787
0.031788
0.03179
0.03179
0.031791
0.031793
0.031793
0.031794
0.031797
0.0318
0.031803
0.031805
0.031807
0.031807
0.031811
0.031812
0.031812
0.031816
0.031816
0.031818
0.03182
0.03182
0.031822
0.031823
0.031825
0.031825
0.031827
0.03183
0.03183
0.03183
0.031834
0.031834
0.031834
0.031836
0.031837
0.031837
0.031843
0.031843
0.031845
0.031846
0.031847
0.031847
0.031849
0.03185
0.031852
0.031854
0.031855
0.031856
0.031856
0.03186
0.03186
0.03186
0.031861
0.031868
0.031874
0.031874
0.031877
0.03188
0.03188
0.03188
0.031886
0.031887
0.031887
0.031889
0.031889
0.031898
0.031899
0.0319
0.0319
0.031903
0.031905
0.03191
0.03191
0.031911
0.031912
0.031914
0.031914
0.031914
0.031917
0.03192
0.031923
0.031923
0.031924
0.031926
0.031935
0.031935
0.031939
0.031942
0.031947
0.03195
0.031957
0.031957
0.031957
0.031963
0.031967
0.03197
0.031971
0.031975
0.031976
0.031977
0.031978
0.03198
0.031983
0.031984
0.031986
0.031988
0.03199
0.03199
0.031994
0.031996
0.031996
0.031997
0.031997
0.032
0.032
0.032002
0.032003
0.032007
0.032017
0.032017
0.032017
0.032018
0.032021
0.032023
0.032024
0.032025
0.032025
0.032026
0.032027
0.032029
0.03203
0.032031
0.032031
0.032031
0.032034
0.032034
0.032035
0.032037
0.032038
0.03204
0.03204
0.032046
0.032046
0.032046
0.032046
0.03205
0.032053
0.032055
0.032055
0.032056
0.032057
0.032059
0.03206
0.032061
0.032064
0.032066
0.032067
0.032067
0.032068
0.03207
0.03207
0.03207
0.032073
0.032076
0.032077
0.032077
0.032077
0.032083
0.032086
0.032086
0.032087
0.032087
0.032088
0.032089
0.03209
0.03209
0.032092
0.032093
0.032094
0.032095
0.032096
0.032096
0.032096
0.032098
0.032098
0.0321
0.032103
0.032104
0.032104
0.032107
0.032108
0.032109
0.03211
0.03211
0.03211
0.03211
0.032113
0.032115
0.032116
0.03212
0.032123
0.032126
0.032126
0.032128
0.03213
0.032132
0.032132
0.032133
0.032133
0.032134
0.032136
0.032137
0.03214
0.032143
0.032147
0.032152
0.032155
0.032157
0.032157
0.03216
0.03216
0.03216
0.032163
0.032163
0.032163
0.032163
0.032163
0.032164
0.032164
0.032165
0.032167
0.03217
0.03217
0.032172
0.032173
0.032176
0.032177
0.032177
0.032177
0.032179
0.032181
0.032181
0.032182
0.032184
0.032184
0.032185
0.032187
0.032191
0.032193
0.032194
0.032194
0.032197
0.032197
0.032197
0.032197
0.032197
0.0322
0.032204
0.032206
0.032207
0.032209
0.03221
0.032212
0.032213
0.032213
0.032213
0.032214
0.032214
0.032215
0.032215
0.032217
0.03222
0.032223
0.032224
0.032225
0.032227
0.032227
0.03223
0.03223
0.03223
0.032232
0.032233
0.032233
0.032234
0.032237
0.032237
0.032237
0.032243
0.032243
0.032247
0.032249
0.032249
0.03225
0.032253
0.032256
0.032257
0.032257
0.032258
0.032258
0.032258
0.032259
0.03226
0.032261
0.032262
0.032263
0.032265
0.032267
0.032267
0.032271
0.032273
0.032273
0.032273
0.032274
0.032277
0.032277
0.032277
0.032277
0.03228
0.03228
0.03228
0.03228
0.032282
0.032284
0.032285
0.032286
0.032286
0.032286
0.032296
0.032297
0.032298
0.032299
0.0323
0.0323
0.032301
0.032302
0.032303
0.032304
0.032305
0.032305
0.032307
0.032307
0.03231
0.032311
0.032313
0.032313
0.032316
0.032317
0.032317
0.032317
0.032317
0.032317
0.032318
0.03232
0.03232
0.03232
0.032324
0.032325
0.032326
0.032326
0.032326
0.032326
0.032327
0.03233
0.03233
0.032333
0.032334
0.032335
0.032335
0.032336
0.032337
0.032337
0.03234
0.032344
0.032344
0.032346
0.032346
0.032346
0.032347
0.032347
0.032351
0.032353
0.032353
0.032357
0.032357
0.03236
0.03236
0.032367
0.032367
0.03237
0.03237
0.032373
0.032374
0.032381
0.032384
0.032387
0.032387
0.032388
0.032388
0.032391
0.032393
0.032393
0.032393
0.032394
0.032394
0.032396
0.032397
0.032397
0.0324
0.032403
0.032404
0.032405
0.032406
0.032406
0.032406
0.032407
0.032409
0.03241
0.032413
0.032416
0.032416
0.032417
0.032417
0.03242
0.032422
0.032423
0.032427
0.03243
0.03243
0.03243
0.03243
0.032431
0.032434
0.032434
0.032436
0.032437
0.032437
0.032438
0.03244
0.03244
0.032443
0.032444
0.032446
0.03245
0.03245
0.03245
0.03245
0.032453
0.032454
0.032456
0.032456
0.032463
0.032463
0.032464
0.032466
0.032466
0.032466
0.032468
0.032469
0.03247
0.032471
0.032471
0.032473
0.032473
0.032473
0.032474
0.032477
0.032477
0.032477
0.03248
0.032483
0.032483
0.032483
0.032485
0.032486
0.032486
0.032487
0.032488
0.03249
0.03249
0.032493
0.032495
0.032496
0.032499
0.0325
0.032501
0.032501
0.032504
0.032505
0.032506
0.032506
0.032507
0.032508
0.032514
0.032514
0.032514
0.032514
0.032516
0.032517
0.032517
0.03252
0.032523
0.032523
0.032523
0.032524
0.032527
0.032529
0.032529
0.03253
0.032532
0.032533
0.032535
0.032537
0.032537
0.032537
0.03254
0.03254
0.032542
0.032542
0.032545
0.032547
0.03255
0.03255
0.032554
0.032554
0.032554
0.032558
0.03256
0.03256
0.03256
0.03256
0.03256
0.03256
0.032563
0.032566
0.032566
0.032567
0.032569
0.03257
0.03257
0.032573
0.032573
0.032574
0.032575
0.032579
0.032582
0.032585
0.032587
0.032588
0.032589
0.03259
0.032591
0.032591
0.032594
0.032597
0.032597
0.0326
0.0326
0.0326
0.0326
0.032601
0.032602
0.032603
0.032605
0.032606
0.032607
0.032607
0.032609
0.032609
0.032609
0.03261
0.032613
0.032613
0.032615
0.032617
0.032617
0.03262
0.03262
0.032623
0.032626
0.032627
0.032627
0.032628
0.032628
0.03263
0.03263
0.032631
0.032631
0.032633
0.032633
0.032633
0.032634
0.032636
0.032637
0.032637
0.032637
0.03264
0.032642
0.032642
0.032643
0.03265
0.03265
0.032654
0.032656
0.032657
0.032657
0.032659
0.032661
0.032663
0.032665
0.032669
0.03267
0.03267
0.03267
0.03267
0.032675
0.03268
0.03268
0.032682
0.032683
0.032683
0.032684
0.032686
0.032686
0.032687
0.032687
0.03269
0.032692
0.032697
0.032697
0.032697
0.032699
0.032699
0.032701
0.032701
0.032703
0.032704
0.032705
0.032709
0.032711
0.032712
0.032713
0.032713
0.032716
0.032717
0.03272
0.03272
0.032725
0.032726
0.032729
0.03273
0.032732
0.032732
0.032733
0.032733
0.032735
0.032735
0.032738
0.03274
0.03274
0.032742
0.032744
0.032744
0.032744
0.032744
0.032746
0.03275
0.03275
0.032751
0.032753
0.032753
0.032754
0.032754
0.03276
0.03276
0.03276
0.032763
0.032763
0.032763
0.032766
0.032767
0.032769
0.032769
0.032775
0.032777
0.03278
0.032781
0.032783
0.032785
0.032785
0.032791
0.032794
0.032795
0.032796
0.0328
0.0328
0.0328
0.0328
0.032802
0.032803
0.032807
0.032807
0.032809
0.03281
0.032811
0.032814
0.032814
0.032817
0.032818
0.032822
0.032824
0.032824
0.032826
0.032831
0.032833
0.032833
0.032834
0.032837
0.032837
0.032838
0.03284
0.03284
0.03284
0.03284
0.032843
0.032843
0.032843
0.032844
0.032846
0.032846
0.032847
0.032847
0.032848
0.03285
0.03285
0.03285
0.032853
0.032853
0.032854
0.032855
0.032855
0.032856
0.032856
0.03286
0.03286
0.03286
0.032863
0.032865
0.032866
0.03287
0.03287
0.032871
0.032873
0.032873
0.032876
0.03288
0.03288
0.032883
0.032883
0.032886
0.032887
0.032888
0.032889
0.032891
0.032892
0.032893
0.032894
0.032895
0.032897
0.0329
0.032904
0.032904
0.032904
0.032904
0.032908
0.03291
0.032913
0.032914
0.032917
0.03292
0.03292
0.03292
0.032923
0.032927
0.032928
0.03293
0.03293
0.03293
0.032931
0.032932
0.032933
0.032933
0.032944
0.032945
0.032946
0.032946
0.032947
0.03295
0.032951
0.032952
0.032954
0.032956
0.032956
0.032956
0.032958
0.03296
0.03296
0.03296
0.03296
0.032963
0.032963
0.032964
0.032967
0.032967
0.032967
0.032969
0.032969
0.032972
0.032973
0.032974
0.032975
0.032975
0.032977
0.03298
0.03298
0.03298
0.032981
0.032981
0.032982
0.032986
0.032986
0.03299
0.03299
0.032991
0.032993
0.032993
0.032994
0.032995
0.033
0.033
0.033003
0.033006
0.033007
0.03301
0.033013
0.033015
0.03302
0.03302
0.03302
0.033021
0.033023
0.033023
0.033025
0.033031
0.033032
0.033033
0.033034
0.033037
0.033037
0.03304
0.03304
0.033043
0.033043
0.033045
0.033046
0.033046
0.033046
0.033046
0.033047
0.033049
0.03305
0.033051
0.033052
0.033053
0.033054
0.033056
0.033058
0.033059
0.03306
0.033061
0.033062
0.033062
0.033066
0.033066
0.033067
0.033068
0.033071
0.033071
0.033073
0.033073
0.033074
0.033074
0.033076
0.033077
0.033077
0.033077
0.03308
0.03308
0.03308
0.033083
0.033086
0.03309
0.03309
0.03309
0.03309
0.033091
0.033093
0.033093
0.033093
0.033098
0.0331
0.0331
0.033101
0.033102
0.033103
0.033103
0.033104
0.033107
0.033114
0.03312
0.03312
0.033123
0.033127
0.03313
0.033132
0.033132
0.033135
0.033136
0.033138
0.033139
0.033141
0.033147
0.033148
0.03315
0.033151
0.033153
0.033155
0.033156
0.033157
0.033157
0.033157
0.033157
0.033166
0.033166
0.033167
0.03317
0.03317
0.03317
0.033172
0.033173
0.033176
0.03318
0.033181
0.033184
0.033185
0.033186
0.033187
0.033188
0.03319
0.033194
0.033194
0.033195
0.033197
0.0332
0.0332
0.0332
0.033204
0.033205
0.033209
0.033212
0.033222
0.033224
0.033231
0.033231
0.033232
0.033233
0.033237
0.03324
0.03324
0.03324
0.033243
0.033243
0.033243
0.033246
0.033249
0.033249
0.03325
0.03325
0.033253
0.033257
0.033257
0.033259
0.03326
0.03326
0.033263
0.033264
0.033265
0.03327
0.033271
0.033274
0.03328
0.03328
0.033283
0.033283
0.033283
0.033286
0.033286
0.033292
0.033293
0.033293
0.033298
0.0333
0.0333
0.0333
0.0333
0.033303
0.033303
0.033304
0.033304
0.033304
0.033305
0.033307
0.033307
0.03331
0.033313
0.033313
0.033314
0.033314
0.03332
0.033326
0.033326
0.033327
0.033327
0.03333
0.03333
0.03333
0.033332
0.033333
0.033336
0.033338
0.03334
0.03334
0.033342
0.033344
0.033348
0.03335
0.033354
0.033354
0.033354
0.033354
0.033357
0.033357
0.03336
0.033363
0.033363
0.033364
0.033366
0.033367
0.033369
0.033373
0.033373
0.033374
0.033374
0.033375
0.03338
0.033386
0.033386
0.033387
0.033387
0.033388
0.033393
0.033394
0.033394
0.033394
0.033397
0.033403
0.033403
0.033404
0.033405
0.033406
0.033407
0.033407
0.03341
0.033412
0.033415
0.033417
0.03342
0.033423
0.033424
0.033425
0.033425
0.033427
0.033428
0.033431
0.033433
0.033434
0.033434
0.033437
0.03344
0.03344
0.033443
0.033447
0.033448
0.033449
0.03345
0.033452
0.033452
0.033461
0.033463
0.033463
0.033463
0.033467
0.03347
0.03347
0.03347
0.033472
0.03349
0.03349
0.03349
0.033493
0.033495
0.033495
0.033497
0.033497
0.033498
0.033499
0.0335
0.033501
0.033503
0.033503
0.033503
0.033511
0.033513
0.033513
0.03352
0.033521
0.033523
0.033525
0.033527
0.033528
0.033529
0.033536
0.033543
0.033543
0.033544
0.033544
0.033544
0.033546
0.033548
0.033553
0.033556
0.033557
0.03356
0.033563
0.033564
0.033564
0.033567
0.03357
0.03357
0.03357
0.033572
0.033573
0.033573
0.033573
0.033573
0.033575
0.033576
0.033577
0.033578
0.03358
0.03358
0.033583
0.033586
0.03359
0.03359
0.033591
0.033591
0.033593
0.033594
0.033594
0.033597
0.033597
0.033597
0.033597
0.033597
0.033603
0.033603
0.033603
0.033606
0.033606
0.033606
0.033606
0.033609
0.03361
0.033612
0.033613
0.033617
0.033619
0.03362
0.033627
0.033628
0.03363
0.03363
0.033631
0.033634
0.033634
0.03364
0.03364
0.03364
0.033643
0.033646
0.033655
0.033658
0.033658
0.03366
0.03366
0.033662
0.033664
0.033665
0.033667
0.033668
0.03367
0.033671
0.033671
0.033673
0.03368
0.033681
0.033683
0.033683
0.033683
0.033684
0.033686
0.03369
0.03369
0.03369
0.033692
0.033692
0.033695
0.033695
0.033695
0.033697
0.033699
0.033699
0.0337
0.033703
0.033703
0.033708
0.033713
0.033713
0.033717
0.03372
0.033723
0.033723
0.033723
0.033724
0.033726
0.033726
0.033726
0.033727
0.033735
0.033735
0.033736
0.033736
0.033737
0.03374
0.033743
0.033745
0.033746
0.03375
0.033754
0.033756
0.033757
0.033757
0.033757
0.03376
0.033763
0.033766
0.033766
0.033767
0.033767
0.03377
0.03377
0.033772
0.033772
0.033772
0.033772
0.033773
0.033775
0.033776
0.033777
0.033777
0.03378
0.03378
0.033781
0.033782
0.033786
0.033786
0.033786
0.033787
0.033788
0.033788
0.033788
0.033788
0.03379
0.03379
0.033791
0.033793
0.033795
0.0338
0.033803
0.033806
0.033807
0.03381
0.033812
0.033813
0.033814
0.033815
0.033816
0.033817
0.033822
0.033824
0.033824
0.033824
0.033825
0.033826
0.033827
0.033827
0.033828
0.033828
0.033831
0.033833
0.033833
0.033833
0.033834
0.033835
0.033836
0.033837
0.033837
0.03384
0.033842
0.033843
0.033843
0.033844
0.033846
0.033846
0.033847
0.033847
0.033849
0.033852
0.033858
0.033859
0.033863
0.033864
0.033864
0.033868
0.033869
0.03387
0.03387
0.033872
0.033873
0.033874
0.033883
0.033883
0.033884
0.033884
0.033886
0.033886
0.03389
0.033892
0.033893
0.033895
0.033896
0.033897
0.033897
0.033898
0.0339
0.033904
0.033904
0.033905
0.033908
0.03391
0.03391
0.033914
0.033914
0.033916
0.033916
0.033917
0.03392
0.03392
0.033922
0.033923
0.033924
0.033927
0.033927
0.033928
0.03393
0.03393
0.033933
0.033942
0.033947
0.033948
0.033954
0.033954
0.03396
0.03396
0.03396
0.033963
0.033966
0.033976
0.033978
0.03398
0.03398
0.033981
0.033982
0.033982
0.033982
0.033987
0.033988
0.033988
0.03399
0.03399
0.033993
0.033993
0.033997
0.034
0.034
0.034
0.034
0.034003
0.034004
0.034007
0.034009
0.03401
0.03401
0.034012
0.034015
0.034016
0.034017
0.034017
0.034017
0.03402
0.03402
0.034025
0.034025
0.034027
0.034027
0.034028
0.03403
0.034033
0.034037
0.03404
0.03404
0.03404
0.034046
0.034046
0.034047
0.03405
0.034053
0.034057
0.034057
0.034058
0.034059
0.03406
0.034062
0.034063
0.034068
0.03407
0.03407
0.034074
0.034076
0.034077
0.034077
0.034077
0.034083
0.034087
0.034087
0.03409
0.03409
0.034091
0.034092
0.034093
0.034093
0.034094
0.034097
0.034098
0.034099
0.034103
0.034106
0.034107
0.034107
0.034107
0.034107
0.03411
0.034113
0.034114
0.034114
0.034117
0.03412
0.034123
0.034123
0.034123
0.034124
0.034126
0.034129
0.034132
0.034133
0.03414
0.034143
0.034143
0.034146
0.034147
0.034148
0.034152
0.034154
0.034157
0.034157
0.034157
0.03416
0.034163
0.034163
0.03417
0.034175
0.034175
0.034175
0.034177
0.034179
0.03418
0.034181
0.034184
0.034186
0.034188
0.03419
0.034191
0.034192
0.034194
0.034195
0.034197
0.034197
0.0342
0.0342
0.034203
0.034204
0.034205
0.03421
0.034212
0.034213
0.034215
0.034216
0.034217
0.034217
0.034218
0.034218
0.034221
0.034223
0.034224
0.034224
0.034228
0.034228
0.034229
0.034231
0.034233
0.034236
0.034237
0.03424
0.034243
0.034243
0.034243
0.034245
0.034246
0.034246
0.034247
0.03425
0.034257
0.03426
0.03426
0.034263
0.034265
0.034267
0.034268
0.03427
0.034273
0.034274
0.034274
0.034277
0.034277
0.03428
0.03428
0.034282
0.034283
0.034283
0.034283
0.034286
0.034286
0.03429
0.034296
0.034297
0.034297
0.034298
0.034298
0.034299
0.0343
0.0343
0.034307
0.034308
0.034308
0.03431
0.03431
0.034313
0.034314
0.034317
0.034323
0.034324
0.034324
0.034327
0.034327
0.034332
0.034332
0.034338
0.03434
0.034345
0.034348
0.034353
0.034357
0.034357
0.03436
0.034363
0.034363
0.034364
0.034369
0.03437
0.034372
0.034373
0.034374
0.034376
0.034378
0.03438
0.03438
0.034383
0.034383
0.034385
0.034385
0.034388
0.034391
0.034391
0.034391
0.034397
0.034403
0.034403
0.034405
0.034409
0.034412
0.034412
0.034413
0.034413
0.034414
0.034414
0.034417
0.034417
0.034419
0.03442
0.03442
0.034421
0.034423
0.034423
0.034425
0.034425
0.034426
0.034428
0.034428
0.03443
0.034433
0.034434
0.034436
0.034437
0.03444
0.034443
0.034443
0.034446
0.034446
0.034447
0.034449
0.03445
0.034451
0.034452
0.034456
0.034456
0.034457
0.034457
0.03446
0.03446
0.03446
0.03446
0.034463
0.034463
0.034464
0.034464
0.034467
0.034468
0.03447
0.03447
0.03447
0.034474
0.034477
0.034477
0.034477
0.03448
0.03448
0.03448
0.034485
0.034487
0.034487
0.034487
0.034494
0.034494
0.034495
0.034495
0.034496
0.0345
0.0345
0.034503
0.034504
0.034507
0.034508
0.03451
0.034514
0.034516
0.034517
0.034517
0.03452
0.03452
0.034523
0.034526
0.034526
0.034534
0.034535
0.03454
0.034541
0.034542
0.034543
0.034546
0.034547
0.03455
0.03455
0.034551
0.034551
0.034556
0.034557
0.03456
0.03456
0.03456
0.03456
0.034563
0.034563
0.034563
0.034563
0.034563
0.034564
0.034566
0.034567
0.034567
0.034567
0.034568
0.03457
0.034573
0.034573
0.034574
0.034575
0.034576
0.034578
0.03458
0.034582
0.034582
0.034582
0.034583
0.034584
0.034584
0.034585
0.034586
0.034586
0.034586
0.034588
0.034588
0.034589
0.03459
0.034594
0.034597
0.034597
0.034597
0.0346
0.034603
0.034606
0.034606
0.034613
0.034613
0.034615
0.034615
0.034617
0.034618
0.034619
0.03462
0.034624
0.034624
0.034626
0.034627
0.034627
0.034633
0.034636
0.034637
0.034637
0.034637
0.03464
0.03464
0.034643
0.034643
0.034643
0.034646
0.034649
0.034652
0.034653
0.034655
0.034664
0.034666
0.034668
0.03467
0.03467
0.03467
0.034671
0.034673
0.03468
0.034683
0.034686
0.034686
0.034686
0.034695
0.034697
0.034699
0.0347
0.034705
0.034707
0.03471
0.034711
0.034713
0.034714
0.034714
0.034717
0.03472
0.034727
0.034737
0.034737
0.034741
0.034741
0.034742
0.034743
0.034744
0.034744
0.03475
0.034751
0.034754
0.034754
0.034757
0.03476
0.03476
0.034764
0.034764
0.034766
0.034766
0.034769
0.03477
0.034773
0.034773
0.034776
0.034777
0.034778
0.034778
0.034783
0.034784
0.034786
0.03479
0.034794
0.034796
0.0348
0.0348
0.0348
0.0348
0.0348
0.034803
0.034803
0.034807
0.034807
0.034807
0.034812
0.034813
0.034814
0.034816
0.034817
0.034817
0.034824
0.034826
0.034827
0.034828
0.034828
0.03483
0.03483
0.034831
0.034831
0.034831
0.034834
0.034834
0.034837
0.034837
0.034838
0.03484
0.03484
0.03484
0.034846
0.034849
0.03485
0.03485
0.034852
0.034853
0.034855
0.034857
0.034859
0.034859
0.03486
0.034862
0.034863
0.034863
0.034871
0.034873
0.034874
0.034874
0.034877
0.034877
0.034878
0.034883
0.034889
0.03489
0.034892
0.034894
0.034894
0.034895
0.034896
0.034899
0.0349
0.034903
0.034906
0.034913
0.034914
0.034917
0.034917
0.03492
0.034926
0.034927
0.034927
0.03493
0.034932
0.034933
0.034935
0.034937
0.034938
0.034939
0.03494
0.034943
0.034946
0.03495
0.03496
0.03496
0.03496
0.034963
0.034964
0.034964
0.034966
0.034968
0.034973
0.034976
0.034977
0.034977
0.03498
0.03498
0.034983
0.034983
0.034983
0.034983
0.034984
0.034985
0.034987
0.034987
0.034988
0.034993
0.034993
0.034994
0.034997
0.034997
0.035
0.035
0.035003
0.035004
0.035007
0.035009
0.035013
0.035014
0.035019
0.03502
0.03502
0.03502
0.035024
0.035026
0.035028
0.03503
0.035031
0.035031
0.035036
0.03504
0.03504
0.03504
0.035043
0.035053
0.035054
0.035055
0.035056
0.035057
0.035057
0.03506
0.03506
0.035063
0.035063
0.035064
0.035066
0.035068
0.03507
0.035073
0.035074
0.035075
0.035076
0.035077
0.035077
0.035077
0.03508
0.03508
0.035083
0.035084
0.035085
0.035093
0.035093
0.035094
0.035096
0.035105
0.035106
0.035107
0.035108
0.035112
0.035113
0.035113
0.035113
0.035114
0.035116
0.03512
0.03512
0.03512
0.03512
0.035123
0.035123
0.035126
0.035133
0.035139
0.035143
0.035143
0.035147
0.035148
0.035148
0.035154
0.035157
0.03516
0.03516
0.035169
0.03517
0.035173
0.035174
0.03518
0.035182
0.035183
0.035183
0.035183
0.035184
0.035187
0.035188
0.03519
0.035193
0.035193
0.035193
0.035194
0.0352
0.0352
0.0352
0.035204
0.035206
0.035208
0.03521
0.035213
0.035213
0.035214
0.035215
0.035217
0.03522
0.035223
0.035224
0.035225
0.035228
0.03523
0.035231
0.035232
0.035234
0.035234
0.03524
0.03524
0.03524
0.035243
0.035243
0.035244
0.035246
0.035249
0.035249
0.03525
0.035253
0.035256
0.035257
0.035258
0.035259
0.03526
0.03527
0.035271
0.035274
0.035277
0.035277
0.035278
0.03528
0.03528
0.035282
0.035283
0.035284
0.035289
0.03529
0.035296
0.035297
0.035298
0.035298
0.035304
0.035307
0.03531
0.035313
0.035314
0.035317
0.035317
0.035317
0.03532
0.03532
0.035324
0.035327
0.03533
0.035333
0.03534
0.035341
0.035342
0.035343
0.035345
0.035348
0.03535
0.035351
0.035353
0.035353
0.035356
0.035357
0.035357
0.035358
0.035366
0.035369
0.03537
0.035372
0.035373
0.035373
0.035374
0.035376
0.035376
0.035376
0.035377
0.035378
0.035378
0.03538
0.035381
0.035382
0.035383
0.035384
0.035386
0.035387
0.035387
0.03539
0.03539
0.035393
0.035394
0.035394
0.0354
0.0354
0.0354
0.0354
0.035403
0.035406
0.035409
0.035416
0.035419
0.03542
0.035422
0.035423
0.035423
0.035424
0.03543
0.035434
0.035438
0.03544
0.03544
0.035443
0.035443
0.035444
0.035446
0.035446
0.035447
0.03545
0.03545
0.035454
0.035456
0.035457
0.035461
0.035463
0.03547
0.03547
0.035477
0.035477
0.035483
0.035483
0.035483
0.035487
0.035489
0.03549
0.035493
0.035493
0.035494
0.035496
0.035496
0.035499
0.0355
0.03551
0.035513
0.035513
0.03552
0.03552
0.035523
0.035523
0.035523
0.035527
0.03553
0.035532
0.035534
0.035536
0.03554
0.03554
0.035542
0.035542
0.035544
0.035546
0.035546
0.035547
0.035547
0.03555
0.035554
0.035554
0.035557
0.03556
0.03556
0.035562
0.035566
0.035567
0.035567
0.03557
0.03557
0.035572
0.035574
0.035574
0.035575
0.035575
0.035576
0.03558
0.035581
0.035584
0.035584
0.035593
0.035594
0.035597
0.035597
0.0356
0.035603
0.035603
0.035603
0.035608
0.03561
0.03561
0.035613
0.035613
0.035614
0.035616
0.03562
0.03562
0.035621
0.035622
0.035623
0.035624
0.035624
0.035624
0.03563
0.03563
0.035631
0.035633
0.035637
0.03564
0.03564
0.03564
0.035643
0.035644
0.035647
0.03565
0.035653
0.035657
0.035657
0.035659
0.03566
0.035662
0.035663
0.035664
0.035667
0.035668
0.03567
0.03568
0.035683
0.035684
0.035689
0.035691
0.035693
0.035696
0.0357
0.035701
0.035704
0.035706
0.035716
0.035717
0.035717
0.035717
0.035718
0.03572
0.035723
0.035727
0.035727
0.03573
0.035732
0.035732
0.035732
0.035733
0.035735
0.035737
0.035738
0.035743
0.035744
0.03575
0.035752
0.035753
0.035767
0.035767
0.035774
0.035777
0.035777
0.035778
0.035781
0.035782
0.035783
0.035783
0.035784
0.035787
0.035787
0.035787
0.035788
0.03579
0.03579
0.03579
0.035792
0.035793
0.035794
0.035797
0.035797
0.035797
0.0358
0.035803
0.035807
0.035807
0.035814
0.035815
0.035816
0.03582
0.035822
0.035823
0.035823
0.035823
0.035827
0.035827
0.03583
0.035833
0.035833
0.03584
0.035843
0.035843
0.035845
0.035847
0.035847
0.035851
0.035853
0.035853
0.035854
0.035855
0.035857
0.03586
0.03586
0.035863
0.035864
0.035867
0.035867
0.035867
0.03587
0.03587
0.03587
0.03587
0.035873
0.035882
0.035883
0.035887
0.035889
0.03589
0.035892
0.035893
0.035895
0.035897
0.035897
0.0359
0.0359
0.035901
0.035905
0.03591
0.035914
0.035916
0.035917
0.035917
0.035917
0.03592
0.035924
0.035927
0.03593
0.035933
0.035933
0.03594
0.035941
0.035947
0.03595
0.035953
0.035953
0.035957
0.035957
0.03596
0.03596
0.03596
0.03596
0.035966
0.035966
0.03597
0.035973
0.035974
0.035974
0.035976
0.035976
0.03598
0.035985
0.035987
0.035991
0.035992
0.035994
0.035997
0.035997
0.035997
0.035997
0.036
0.036
0.036003
0.036004
0.036007
0.03601
0.03601
0.03601
0.03601
0.036016
0.036018
0.03602
0.036022
0.036031
0.036031
0.036037
0.036038
0.036043
0.036043
0.036043
0.036046
0.036047
0.03605
0.036053
0.036053
0.036054
0.036055
0.036056
0.036059
0.03606
0.03606
0.03606
0.036064
0.036067
0.03607
0.03607
0.036073
0.036076
0.036077
0.036077
0.036077
0.036078
0.036086
0.036087
0.036092
0.036095
0.036096
0.036096
0.036096
0.036098
0.036103
0.036103
0.036104
0.03611
0.036113
0.036117
0.036117
0.03612
0.03612
0.036123
0.03613
0.03613
0.036132
0.036133
0.036133
0.036133
0.036135
0.03614
0.036143
0.036144
0.036145
0.036146
0.036147
0.036147
0.036147
0.03615
0.03615
0.036151
0.036153
0.036157
0.03616
0.03616
0.036163
0.036163
0.036167
0.03617
0.03617
0.036172
0.036174
0.036184
0.036185
0.036186
0.036186
0.036188
0.03619
0.03619
0.036191
0.036193
0.036193
0.036194
0.036197
0.036197
0.036197
0.0362
0.036201
0.036203
0.03621
0.03621
0.036211
0.036213
0.036213
0.036213
0.036213
0.036214
0.036218
0.036222
0.036223
0.036224
0.036225
0.036236
0.036237
0.03624
0.03624
0.03624
0.036244
0.036246
0.036247
0.036247
0.036249
0.036249
0.03625
0.036257
0.036257
0.036259
0.036261
0.036262
0.036267
0.036272
0.036273
0.036273
0.036277
0.036287
0.036292
0.036293
0.036294
0.036295
0.036297
0.036303
0.036307
0.03631
0.03631
0.036313
0.036313
0.036316
0.036316
0.036323
0.036326
0.036326
0.036326
0.036327
0.036327
0.036327
0.03633
0.036332
0.036333
0.036333
0.036334
0.03634
0.036348
0.03635
0.03636
0.03636
0.036363
0.036366
0.036367
0.036369
0.036369
0.036373
0.036374
0.036377
0.036377
0.03638
0.036384
0.03639
0.036391
0.036393
0.036394
0.0364
0.0364
0.036404
0.036406
0.036407
0.03641
0.036413
0.036414
0.036415
0.036418
0.03642
0.03642
0.036424
0.036425
0.036427
0.036427
0.036427
0.036427
0.03643
0.036431
0.036437
0.036437
0.03644
0.03644
0.036447
0.036447
0.036449
0.036449
0.036453
0.036453
0.036455
0.036455
0.036458
0.03646
0.036463
0.036463
0.036467
0.03647
0.036473
0.036474
0.036474
0.036477
0.036477
0.036483
0.036492
0.036493
0.036493
0.036496
0.036497
0.036497
0.036497
0.03651
0.03651
0.036514
0.036514
0.036523
0.036523
0.036526
0.036527
0.036529
0.036529
0.03653
0.036533
0.036538
0.03654
0.036544
0.036546
0.036548
0.03655
0.036554
0.036554
0.036557
0.03656
0.03656
0.036563
0.036564
0.036565
0.036566
0.036567
0.036569
0.03657
0.03657
0.03657
0.036574
0.036575
0.036576
0.036576
0.036576
0.036576
0.036577
0.036579
0.03658
0.03658
0.036584
0.036593
0.036594
0.036597
0.036597
0.036603
0.036609
0.03661
0.036612
0.036613
0.03663
0.03663
0.036633
0.036633
0.036633
0.036634
0.036636
0.036637
0.03664
0.03664
0.036642
0.036646
0.036648
0.036653
0.036655
0.036655
0.036657
0.036657
0.036658
0.036664
0.036664
0.036665
0.036667
0.036668
0.036671
0.036674
0.036675
0.036677
0.036678
0.036686
0.03669
0.036692
0.036693
0.036693
0.036697
0.0367
0.0367
0.036703
0.036704
0.036705
0.036707
0.036707
0.036711
0.036717
0.03672
0.036723
0.036723
0.036723
0.036724
0.036728
0.036733
0.036737
0.036738
0.03674
0.036747
0.036747
0.03675
0.036753
0.036754
0.036756
0.036757
0.036766
0.036767
0.036769
0.03677
0.03677
0.03677
0.03677
0.036773
0.036776
0.036776
0.036777
0.036777
0.036777
0.03678
0.03678
0.03678
0.03678
0.03678
0.036782
0.036783
0.036784
0.036787
0.036793
0.036793
0.036794
0.036794
0.036797
0.036797
0.036804
0.036806
0.036807
0.036807
0.03681
0.036816
0.03682
0.036821
0.036824
0.036824
0.036826
0.036827
0.036827
0.036827
0.03683
0.036834
0.036835
0.03684
0.03684
0.03684
0.036843
0.036844
0.036847
0.036849
0.036857
0.036863
0.036864
0.036864
0.036864
0.036865
0.036866
0.03687
0.036874
0.036874
0.03688
0.03688
0.036888
0.03689
0.03689
0.036895
0.036897
0.036897
0.036898
0.0369
0.0369
0.036906
0.036907
0.036907
0.036913
0.036923
0.036929
0.036929
0.03694
0.036946
0.03695
0.03695
0.03695
0.036951
0.036953
0.036953
0.036954
0.036957
0.03696
0.036962
0.036964
0.036964
0.036967
0.03697
0.036974
0.036976
0.036977
0.036981
0.036985
0.036988
0.03699
0.036992
0.036997
0.036997
0.036998
0.037
0.037
0.037005
0.037009
0.037013
0.037014
0.037015
0.037016
0.03702
0.037024
0.037027
0.037027
0.037033
0.037034
0.037034
0.03704
0.037043
0.037044
0.037053
0.037054
0.037056
0.037057
0.03706
0.037061
0.037062
0.037064
0.037068
0.03707
0.037072
0.037073
0.037076
0.03708
0.037086
0.037087
0.03709
0.03709
0.037096
0.037097
0.037108
0.03711
0.037124
0.037124
0.037124
0.037127
0.037128
0.037129
0.037147
0.03715
0.03716
0.03716
0.03716
0.037166
0.037167
0.03717
0.037172
0.037174
0.037176
0.03718
0.037183
0.037183
0.037187
0.037188
0.037191
0.037197
0.037203
0.037206
0.03721
0.03721
0.037223
0.037224
0.037224
0.037225
0.03723
0.03723
0.03723
0.037236
0.037237
0.03724
0.03724
0.03724
0.037241
0.037243
0.037243
0.037243
0.037243
0.037244
0.037246
0.037249
0.037254
0.037256
0.03726
0.037264
0.037264
0.037269
0.037274
0.037274
0.03728
0.037283
0.037283
0.037287
0.037289
0.03729
0.037293
0.037293
0.037297
0.037298
0.037301
0.037306
0.037307
0.037311
0.037313
0.037315
0.03732
0.037323
0.037327
0.03733
0.037337
0.037337
0.037338
0.03734
0.037344
0.037348
0.03735
0.037351
0.037356
0.037357
0.037363
0.037363
0.037363
0.037367
0.037368
0.03737
0.037373
0.037374
0.037377
0.03738
0.037385
0.037386
0.037388
0.03739
0.037394
0.037397
0.037397
0.037402
0.037403
0.037408
0.037409
0.037413
0.037413
0.037417
0.03742
0.03742
0.037421
0.037423
0.037424
0.037432
0.037436
0.03744
0.037447
0.03745
0.03745
0.037454
0.037459
0.03746
0.037464
0.037471
0.037472
0.037473
0.037475
0.037477
0.03748
0.03748
0.037483
0.037486
0.037486
0.037493
0.037503
0.037503
0.037507
0.037507
0.03751
0.037513
0.03752
0.03752
0.03752
0.037524
0.037524
0.037527
0.037529
0.03753
0.037532
0.037537
0.03754
0.03754
0.037547
0.037548
0.037557
0.03756
0.03756
0.037567
0.03757
0.037573
0.037576
0.037577
0.03758
0.037583
0.03759
0.03759
0.037593
0.0376
0.0376
0.037605
0.037612
0.037614
0.037614
0.03762
0.037621
0.037622
0.037624
0.037624
0.037624
0.037627
0.03764
0.037643
0.037643
0.037644
0.037649
0.03765
0.037655
0.037659
0.03766
0.037664
0.037664
0.037667
0.03767
0.037673
0.037673
0.037677
0.037677
0.037677
0.03768
0.037683
0.037686
0.037687
0.03769
0.037692
0.037693
0.037701
0.037705
0.037707
0.037707
0.037708
0.037711
0.037711
0.037713
0.037713
0.037718
0.03772
0.037723
0.037724
0.037727
0.03773
0.037733
0.037737
0.037745
0.037747
0.037751
0.03776
0.03776
0.03776
0.037763
0.037763
0.037766
0.037767
0.03777
0.03777
0.037772
0.037772
0.037774
0.037777
0.037777
0.037788
0.037788
0.03779
0.037791
0.037793
0.037793
0.037797
0.037797
0.037797
0.0378
0.037803
0.037813
0.037817
0.037818
0.037825
0.037826
0.037826
0.03783
0.03783
0.03783
0.03783
0.037832
0.037833
0.037836
0.037836
0.037837
0.03784
0.037843
0.037845
0.03785
0.037854
0.037854
0.037859
0.037861
0.037861
0.037862
0.037865
0.037869
0.03787
0.037871
0.037876
0.037877
0.037878
0.03788
0.037887
0.03789
0.037897
0.037898
0.037906
0.037907
0.037907
0.037907
0.03791
0.03791
0.037913
0.037913
0.037914
0.03792
0.03792
0.03792
0.03792
0.037922
0.037923
0.037926
0.03793
0.037933
0.037937
0.037941
0.037943
0.03795
0.03795
0.037956
0.03796
0.037963
0.037963
0.037964
0.037969
0.037972
0.037973
0.037978
0.037978
0.03798
0.03798
0.037985
0.037987
0.03799
0.037991
0.037993
0.037993
0.038
0.03801
0.03801
0.038019
0.03802
0.038031
0.038034
0.038036
0.038037
0.038043
0.03805
0.038051
0.038054
0.038055
0.038056
0.038062
0.038064
0.038068
0.03807
0.038071
0.038077
0.038083
0.038092
0.038098
0.038101
0.03811
0.03811
0.03811
0.038111
0.038113
0.03812
0.038126
0.038127
0.03813
0.038133
0.038134
0.038134
0.038138
0.038139
0.03814
0.03814
0.038144
0.038146
0.038146
0.038147
0.03815
0.038153
0.038153
0.038154
0.038157
0.038157
0.03816
0.03816
0.038167
0.03817
0.03817
0.03817
0.038172
0.03818
0.038183
0.038187
0.03819
0.0382
0.038203
0.038206
0.038206
0.038206
0.03821
0.03821
0.038212
0.038213
0.038216
0.03822
0.038234
0.038243
0.038246
0.038255
0.038255
0.038267
0.038271
0.038277
0.03828
0.038287
0.038291
0.038294
0.038295
0.038301
0.038303
0.038304
0.038304
0.038305
0.038307
0.038307
0.038308
0.03831
0.038314
0.03832
0.03832
0.038329
0.03833
0.038332
0.03834
0.038342
0.038345
0.038349
0.03836
0.03836
0.038363
0.038369
0.038373
0.038377
0.038377
0.038383
0.03839
0.038394
0.038403
0.038403
0.038415
0.03842
0.03842
0.03842
0.038425
0.038427
0.03843
0.038437
0.03844
0.03844
0.038442
0.038442
0.038445
0.038447
0.038447
0.03845
0.03845
0.038454
0.03846
0.03846
0.03846
0.038464
0.038474
0.038476
0.038476
0.038477
0.03848
0.038483
0.038483
0.038485
0.038489
0.038492
0.038493
0.038496
0.038503
0.038504
0.038506
0.038511
0.038517
0.038517
0.038517
0.03852
0.038524
0.038529
0.03853
0.03853
0.038537
0.038539
0.038539
0.03854
0.03854
0.038543
0.038543
0.038544
0.038557
0.038563
0.038573
0.038577
0.03858
0.038581
0.038583
0.038584
0.038584
0.03859
0.038597
0.0386
0.038615
0.038616
0.038617
0.038623
0.038628
0.038631
0.03864
0.03864
0.038649
0.038655
0.038655
0.038656
0.038659
0.03866
0.038663
0.038663
0.038667
0.038676
0.038677
0.03868
0.038683
0.038688
0.038689
0.03869
0.03869
0.03869
0.038691
0.038693
0.038696
0.038697
0.0387
0.038704
0.038704
0.038715
0.038733
0.038742
0.038746
0.038753
0.038756
0.03876
0.03876
0.038761
0.038769
0.038773
0.038773
0.038777
0.03878
0.038783
0.038786
0.038787
0.03879
0.038794
0.038795
0.0388
0.038806
0.038809
0.03881
0.03881
0.03881
0.038813
0.038814
0.038815
0.038815
0.038822
0.038824
0.038824
0.038825
0.038827
0.038827
0.038833
0.038843
0.038851
0.038855
0.038857
0.038857
0.038864
0.038867
0.038868
0.038873
0.038873
0.038877
0.038877
0.038877
0.03888
0.03888
0.038881
0.038891
0.038894
0.038894
0.0389
0.038901
0.038909
0.038912
0.038913
0.038915
0.038917
0.03892
0.038923
0.038933
0.038936
0.038939
0.038943
0.038946
0.03895
0.038954
0.038956
0.038956
0.038957
0.038962
0.038963
0.03897
0.03897
0.038973
0.038974
0.038974
0.038975
0.038977
0.038981
0.038984
0.038984
0.038991
0.038992
0.038993
0.038994
0.038996
0.039
0.039009
0.03901
0.03901
0.03901
0.039015
0.039016
0.03902
0.039027
0.039032
0.03904
0.03904
0.03904
0.039046
0.039052
0.039053
0.03906
0.039061
0.039064
0.039064
0.03907
0.03907
0.039073
0.039073
0.039073
0.039077
0.03908
0.039083
0.039087
0.039087
0.03909
0.03909
0.039097
0.0391
0.03911
0.03912
0.039123
0.039123
0.039124
0.039126
0.039127
0.03913
0.03913
0.039132
0.039133
0.039134
0.03914
0.039147
0.039147
0.039147
0.03915
0.039153
0.039156
0.039157
0.039157
0.039166
0.03917
0.039172
0.039176
0.03918
0.039193
0.039194
0.039194
0.039196
0.039197
0.039197
0.0392
0.039204
0.039209
0.039212
0.039212
0.039213
0.039215
0.039216
0.03922
0.03922
0.039223
0.039223
0.039227
0.03923
0.039237
0.03924
0.03924
0.039243
0.039244
0.03925
0.039254
0.039261
0.039264
0.039273
0.039277
0.03928
0.03928
0.039281
0.039283
0.039283
0.039287
0.03929
0.039293
0.039293
0.039294
0.039296
0.0393
0.039304
0.039304
0.039307
0.03931
0.039311
0.039311
0.039314
0.039317
0.03932
0.039327
0.03933
0.039337
0.039346
0.039348
0.03935
0.039352
0.039357
0.03936
0.03936
0.039363
0.039364
0.039364
0.03937
0.039371
0.039373
0.03938
0.039387
0.03939
0.03939
0.039396
0.0394
0.0394
0.039403
0.039405
0.03941
0.03942
0.039424
0.039427
0.039427
0.03943
0.039431
0.039433
0.039434
0.039437
0.03944
0.039443
0.039447
0.039457
0.039458
0.039467
0.039468
0.03947
0.039471
0.03948
0.039483
0.039483
0.039485
0.039492
0.039492
0.039497
0.03951
0.03951
0.03951
0.039514
0.039514
0.039518
0.039527
0.03953
0.039533
0.039536
0.039538
0.039549
0.039553
0.039554
0.039557
0.039558
0.039565
0.039566
0.039572
0.039573
0.039574
0.039578
0.039585
0.039588
0.03959
0.039591
0.039594
0.039597
0.0396
0.0396
0.039604
0.03961
0.039623
0.039626
0.039627
0.039633
0.039637
0.039637
0.039646
0.03965
0.039654
0.039656
0.039659
0.039663
0.039663
0.039668
0.039671
0.03968
0.039695
0.039699
0.039703
0.039713
0.039713
0.039716
0.039717
0.039717
0.039726
0.039727
0.039732
0.039735
0.039735
0.039748
0.03976
0.03976
0.039767
0.03978
0.039782
0.039784
0.039793
0.039795
0.039807
0.039808
0.039813
0.039815
0.039817
0.039817
0.03982
0.03982
0.03982
0.039833
0.039834
0.039837
0.039843
0.039844
0.039846
0.039846
0.039852
0.039853
0.039857
0.03987
0.039874
0.03988
0.039884
0.039886
0.03989
0.039891
0.039899
0.039902
0.03991
0.03991
0.03991
0.039912
0.039913
0.03992
0.03992
0.03992
0.039924
0.039928
0.03993
0.03993
0.039933
0.039946
0.039946
0.039953
0.039954
0.039957
0.039964
0.039965
0.03997
0.03997
0.039974
0.039976
0.039977
0.039982
0.039984
0.03999
0.03999
0.040004
0.040006
0.040015
0.040017
0.040019
0.040023
0.04004
0.04004
0.040049
0.04005
0.04005
0.040052
0.040056
0.040066
0.040068
0.040077
0.040077
0.04008
0.040087
0.040089
0.04009
0.04009
0.040092
0.040093
0.040094
0.040094
0.04011
0.040117
0.04012
0.040123
0.040127
0.040129
0.040133
0.040134
0.040137
0.040144
0.040144
0.040151
0.040152
0.040157
0.040169
0.040175
0.040177
0.04018
0.04018
0.040182
0.040184
0.040186
0.040187
0.04019
0.04019
0.040193
0.040194
0.040196
0.040197
0.040197
0.0402
0.040206
0.040207
0.040209
0.040212
0.040215
0.04022
0.040223
0.040223
0.04024
0.040247
0.040251
0.040258
0.040261
0.040264
0.040266
0.040272
0.040277
0.040277
0.0403
0.0403
0.040314
0.040324
0.04033
0.040333
0.040334
0.04034
0.04034
0.040343
0.040343
0.040346
0.040347
0.040351
0.040363
0.040366
0.040374
0.040378
0.040387
0.04039
0.040393
0.040411
0.04042
0.040432
0.04044
0.040443
0.040444
0.040447
0.040451
0.040454
0.040454
0.040457
0.040459
0.040469
0.04047
0.04047
0.04048
0.040485
0.04049
0.040494
0.040513
0.040517
0.040518
0.04052
0.04052
0.040523
0.04053
0.04053
0.040542
0.040554
0.040557
0.040563
0.040563
0.040566
0.040575
0.040577
0.040577
0.04058
0.040583
0.040583
0.040583
0.040588
0.040588
0.040592
0.040597
0.040597
0.0406
0.0406
0.040603
0.040604
0.04061
0.04061
0.040616
0.040625
0.040644
0.040649
0.04065
0.040651
0.04066
0.040661
0.040662
0.040667
0.04067
0.040671
0.04068
0.040684
0.040687
0.04069
0.0407
0.040701
0.040703
0.040705
0.040711
0.040714
0.040716
0.040717
0.04072
0.040727
0.040732
0.040737
0.040746
0.040747
0.040751
0.040756
0.04076
0.040764
0.040764
0.040766
0.040767
0.040776
0.040781
0.040784
0.040787
0.040791
0.040803
0.040815
0.040817
0.040834
0.040836
0.04084
0.040847
0.040849
0.04085
0.040857
0.040863
0.040865
0.040865
0.040866
0.04087
0.040871
0.040874
0.040877
0.040877
0.040882
0.040883
0.040883
0.040902
0.040902
0.040905
0.040907
0.04092
0.04092
0.04093
0.04094
0.040948
0.04095
0.040954
0.040957
0.040958
0.04096
0.040964
0.040966
0.04097
0.040976
0.040983
0.040984
0.040988
0.04099
0.040991
0.041007
0.041015
0.041017
0.041023
0.041028
0.04103
0.041033
0.04104
0.041046
0.041055
0.041058
0.04106
0.04106
0.04106
0.041068
0.04107
0.041076
0.041077
0.041083
0.04109
0.041093
0.041093
0.041096
0.041097
0.041097
0.04111
0.041114
0.04113
0.041132
0.041133
0.041139
0.041143
0.041146
0.041154
0.041157
0.04116
0.041164
0.041169
0.041174
0.041175
0.041176
0.04119
0.041191
0.041193
0.041197
0.0412
0.0412
0.041206
0.041207
0.041207
0.041219
0.04123
0.041234
0.041234
0.041243
0.041246
0.041255
0.041264
0.041266
0.04127
0.041273
0.041275
0.04128
0.041284
0.041286
0.0413
0.041305
0.041313
0.041314
0.041317
0.041347
0.041348
0.04136
0.041366
0.041367
0.041369
0.041375
0.041385
0.041385
0.04139
0.041393
0.041394
0.041407
0.041409
0.041413
0.041414
0.041415
0.041425
0.041428
0.04143
0.041431
0.041433
0.041447
0.041447
0.041454
0.041455
0.041456
0.041456
0.04146
0.04146
0.041463
0.041473
0.041474
0.041477
0.041477
0.04148
0.041483
0.041492
0.041493
0.041494
0.041503
0.041504
0.041513
0.041514
0.041516
0.04152
0.04152
0.041527
0.04154
0.041545
0.04155
0.04156
0.041573
0.041573
0.041574
0.041575
0.041583
0.04159
0.0416
0.041603
0.041613
0.04162
0.041622
0.041624
0.041625
0.041632
0.041634
0.041636
0.04166
0.041663
0.041673
0.041677
0.041678
0.04168
0.041687
0.041687
0.041703
0.041704
0.04172
0.041723
0.041724
0.041743
0.041744
0.041753
0.041764
0.04177
0.041781
0.041783
0.041789
0.0418
0.041801
0.041807
0.041809
0.04181
0.041815
0.04183
0.04183
0.041831
0.041834
0.041837
0.041838
0.041844
0.041855
0.041856
0.041858
0.041874
0.041874
0.041876
0.041877
0.04188
0.041883
0.041885
0.041886
0.041888
0.041889
0.041894
0.041895
0.041895
0.041896
0.041904
0.041906
0.04191
0.041914
0.041923
0.041928
0.04193
0.041937
0.04195
0.041956
0.041957
0.04196
0.041967
0.041969
0.041972
0.041973
0.041984
0.041985
0.041985
0.041996
0.042016
0.04202
0.04202
0.04204
0.042044
0.042056
0.042058
0.042062
0.042067
0.042067
0.042073
0.042076
0.042077
0.042097
0.042099
0.04211
0.042114
0.04212
0.042134
0.042141
0.042142
0.042143
0.042158
0.042163
0.042186
0.042188
0.042193
0.042194
0.042203
0.042206
0.042207
0.042216
0.042217
0.042234
0.042237
0.042237
0.042244
0.042247
0.042249
0.042252
0.042253
0.042256
0.042259
0.04226
0.042265
0.042267
0.04227
0.042275
0.042276
0.042292
0.042296
0.042296
0.042297
0.0423
0.0423
0.0423
0.042302
0.04231
0.04232
0.042321
0.042337
0.042338
0.042339
0.042343
0.042344
0.042346
0.042355
0.04236
0.042366
0.04237
0.042373
0.042375
0.042381
0.042397
0.042401
0.042403
0.042413
0.042416
0.042427
0.042443
0.042453
0.042457
0.042463
0.042463
0.042466
0.042467
0.042477
0.042488
0.04249
0.042492
0.042494
0.0425
0.042507
0.042513
0.04252
0.042526
0.042529
0.04253
0.042535
0.042545
0.042547
0.04255
0.04255
0.042557
0.042564
0.042569
0.04257
0.04258
0.042594
0.042603
0.042612
0.042613
0.042613
0.042623
0.04264
0.042647
0.042655
0.042663
0.042665
0.042666
0.042674
0.042674
0.04268
0.0427
0.042702
0.042705
0.04272
0.042726
0.042737
0.042743
0.04275
0.042754
0.042756
0.042757
0.042768
0.04277
0.04277
0.042786
0.042791
0.042791
0.042797
0.042797
0.042804
0.042807
0.042813
0.042826
0.042836
0.042836
0.042837
0.042839
0.042843
0.042851
0.04286
0.042861
0.042864
0.042866
0.042867
0.042877
0.042887
0.042896
0.042897
0.042903
0.042905
0.042917
0.04293
0.042941
0.042941
0.042942
0.042944
0.042957
0.042957
0.04296
0.04296
0.042974
0.042985
0.042986
0.042987
0.04299
0.042994
0.042997
0.043003
0.043007
0.043009
0.043015
0.043022
0.043037
0.043054
0.043055
0.043057
0.043061
0.043097
0.043107
0.04311
0.04311
0.043111
0.043114
0.043116
0.043117
0.043117
0.04312
0.04313
0.04313
0.04314
0.04314
0.04315
0.043151
0.04316
0.043163
0.043169
0.043187
0.043194
0.0432
0.043207
0.043219
0.04322
0.04322
0.04322
0.04323
0.043237
0.043243
0.043246
0.043255
0.043257
0.04326
0.04327
0.043271
0.043277
0.043283
0.043293
0.043295
0.0433
0.043304
0.043317
0.043317
0.043319
0.043327
0.043332
0.043334
0.04334
0.043342
0.043348
0.043357
0.043363
0.043363
0.043376
0.043377
0.043391
0.0434
0.043407
0.043407
0.043413
0.043425
0.043431
0.043444
0.043452
0.043455
0.043465
0.043474
0.043475
0.04348
0.04348
0.043488
0.043497
0.043503
0.043505
0.043507
0.04351
0.04352
0.043538
0.043543
0.043544
0.043547
0.043548
0.04356
0.04356
0.04356
0.04356
0.043563
0.043566
0.04357
0.043571
0.043571
0.043579
0.043582
0.043582
0.043587
0.04359
0.0436
0.043607
0.04361
0.043617
0.043619
0.043628
0.04363
0.043633
0.043634
0.043643
0.043643
0.043646
0.043657
0.04366
0.043662
0.043695
0.043708
0.043708
0.043708
0.043734
0.043734
0.04374
0.04374
0.043743
0.043747
0.043754
0.043754
0.04376
0.043766
0.04377
0.04377
0.043778
0.04378
0.043781
0.043784
0.04381
0.043815
0.043817
0.043822
0.043824
0.043827
0.043833
0.043833
0.04384
0.04384
0.043846
0.043846
0.043847
0.043866
0.04388
0.043883
0.04389
0.043904
0.043907
0.04391
0.043913
0.043915
0.043926
0.043937
0.043943
0.043946
0.043946
0.043947
0.04397
0.043974
0.043974
0.043974
0.043977
0.043993
0.043993
0.044005
0.044006
0.044012
0.044016
0.044018
0.04402
0.044034
0.04404
0.044047
0.04405
0.044054
0.044064
0.044068
0.044068
0.044068
0.044071
0.044077
0.044092
0.044092
0.044098
0.0441
0.044105
0.044105
0.044117
0.04412
0.044124
0.044134
0.044143
0.044147
0.04416
0.044167
0.044177
0.04419
0.044193
0.044203
0.044207
0.044209
0.044216
0.044225
0.044225
0.04423
0.044234
0.044243
0.044244
0.044276
0.044277
0.044293
0.04432
0.04432
0.044326
0.044337
0.044342
0.044347
0.044354
0.044406
0.04441
0.044412
0.044413
0.044413
0.044423
0.044426
0.044428
0.044443
0.044453
0.044457
0.044463
0.044465
0.044466
0.044484
0.044487
0.044487
0.04449
0.044493
0.044498
0.044499
0.044499
0.044507
0.044514
0.044524
0.044532
0.044537
0.044564
0.044578
0.044579
0.044584
0.04459
0.044613
0.04462
0.044627
0.04463
0.044631
0.04466
0.044663
0.044667
0.044676
0.044683
0.044686
0.044702
0.044702
0.044726
0.044727
0.044727
0.044733
0.044739
0.044747
0.044748
0.04476
0.04476
0.044763
0.044763
0.044767
0.04477
0.044787
0.044794
0.044797
0.044816
0.044822
0.044824
0.04484
0.044843
0.044847
0.044857
0.044864
0.044865
0.044867
0.044867
0.044871
0.044894
0.0449
0.0449
0.044905
0.04491
0.04492
0.044922
0.044923
0.044923
0.044953
0.044954
0.044982
0.045013
0.045027
0.045035
0.04504
0.045065
0.045077
0.045088
0.045093
0.045093
0.045094
0.045097
0.045123
0.045123
0.04514
0.04515
0.045169
0.04517
0.045173
0.045174
0.045175
0.045176
0.045184
0.04519
0.04519
0.045216
0.045243
0.045247
0.045252
0.045256
0.04527
0.04528
0.045286
0.045297
0.045301
0.045301
0.045307
0.04531
0.045311
0.04532
0.045324
0.045329
0.045351
0.045354
0.045375
0.045376
0.045378
0.04539
0.045409
0.045417
0.045423
0.045431
0.045437
0.045437
0.045442
0.045443
0.045449
0.045453
0.045456
0.045474
0.045493
0.045503
0.04551
0.045537
0.045542
0.045573
0.045574
0.045583
0.04559
0.045594
0.0456
0.045604
0.04561
0.045622
0.045625
0.04563
0.045634
0.045634
0.045637
0.045643
0.045654
0.045656
0.045665
0.045677
0.04568
0.045683
0.045683
0.045684
0.045688
0.045697
0.0457
0.045701
0.045703
0.04572
0.04572
0.045736
0.045737
0.04574
0.045766
0.04577
0.045773
0.04579
0.045797
0.0458
0.045804
0.045813
0.045813
0.045813
0.045814
0.045837
0.045837
0.04584
0.045847
0.04585
0.045854
0.045857
0.045864
0.045882
0.045886
0.045887
0.045888
0.045905
0.045927
0.045944
0.045953
0.045954
0.045957
0.045964
0.045982
0.045984
0.046003
0.046009
0.04601
0.046017
0.04602
0.04604
0.046043
0.046051
0.046056
0.046058
0.046063
0.04609
0.04609
0.046103
0.046107
0.046108
0.046132
0.046146
0.04616
0.04616
0.04619
0.046193
0.046196
0.046197
0.046203
0.046208
0.046214
0.046217
0.046226
0.04624
0.046243
0.046246
0.046251
0.046252
0.046257
0.046263
0.04627
0.04627
0.046286
0.04629
0.046308
0.04631
0.04631
0.046311
0.046311
0.046314
0.04632
0.04632
0.046326
0.046327
0.046343
0.046344
0.046383
0.046403
0.046437
0.04646
0.046487
0.0465
0.046513
0.046527
0.046529
0.04653
0.046533
0.046533
0.046537
0.046542
0.046593
0.046606
0.046609
0.04661
0.04661
0.046617
0.046623
0.046625
0.046626
0.046627
0.046633
0.04664
0.046643
0.046646
0.046649
0.046656
0.046664
0.046676
0.046677
0.046693
0.046714
0.046714
0.04672
0.046724
0.046725
0.046734
0.046753
0.046756
0.04676
0.046763
0.046772
0.046794
0.046806
0.046819
0.04684
0.04684
0.046862
0.046867
0.046871
0.04688
0.04688
0.046893
0.04691
0.04691
0.04691
0.04692
0.046921
0.046924
0.046927
0.04694
0.046944
0.046953
0.046957
0.046963
0.046971
0.046986
0.046987
0.047
0.047015
0.04703
0.047031
0.047033
0.047044
0.04705
0.047053
0.047054
0.047055
0.04706
0.047083
0.047093
0.047098
0.047109
0.04713
0.047137
0.04714
0.047142
0.047155
0.047157
0.04716
0.04716
0.047178
0.047186
0.047197
0.047206
0.047223
0.047224
0.04724
0.047253
0.047257
0.04727
0.04727
0.04728
0.047296
0.0473
0.047308
0.047317
0.047323
0.04733
0.04734
0.04734
0.047345
0.047346
0.047347
0.04736
0.04736
0.047363
0.047363
0.047364
0.04737
0.047391
0.047414
0.047416
0.047423
0.047436
0.047443
0.04746
0.047466
0.047467
0.04747
0.047473
0.047495
0.047505
0.047505
0.04751
0.047532
0.047547
0.047548
0.04756
0.047578
0.04759
0.047593
0.047613
0.047613
0.047624
0.047634
0.04765
0.047674
0.047686
0.047693
0.0477
0.0477
0.047703
0.047703
0.047716
0.04772
0.047737
0.047746
0.047767
0.047773
0.047774
0.047791
0.047806
0.047807
0.04781
0.047813
0.047817
0.047823
0.047834
0.04784
0.047847
0.04785
0.047861
0.047873
0.047873
0.047874
0.047883
0.04789
0.047904
0.047904
0.047905
0.047923
0.047923
0.047927
0.047943
0.047947
0.04796
0.047962
0.047984
0.047986
0.047994
0.047997
0.048004
0.048022
0.048025
0.048033
0.04804
0.04807
0.048077
0.048089
0.048094
0.048105
0.048144
0.048157
0.048163
0.048163
0.048164
0.048177
0.048177
0.048181
0.0482
0.0482
0.04821
0.048243
0.04825
0.048261
0.048262
0.048265
0.04828
0.048283
0.048283
0.04829
0.048297
0.04831
0.048314
0.04833
0.048333
0.04836
0.048368
0.04839
0.048403
0.048417
0.048443
0.048461
0.048463
0.048463
0.04848
0.04849
0.048497
0.0485
0.048507
0.048508
0.048544
0.048548
0.04856
0.048563
0.048567
0.04857
0.048572
0.048584
0.048593
0.048601
0.048634
0.048636
0.048651
0.04866
0.04868
0.048687
0.048703
0.04871
0.048713
0.048724
0.048727
0.04873
0.048751
0.048756
0.048757
0.048794
0.048804
0.048824
0.048834
0.048836
0.048843
0.048855
0.048865
0.048874
0.048877
0.048893
0.048894
0.0489
0.0489
0.04891
0.04893
0.04895
0.048953
0.048957
0.04896
0.048973
0.048993
0.049026
0.049046
0.049047
0.04905
0.049083
0.049089
0.04911
0.049117
0.049147
0.049154
0.049154
0.04916
0.04917
0.049172
0.049172
0.049176
0.049182
0.049233
0.049244
0.049244
0.049254
0.049262
0.049263
0.049274
0.049283
0.04931
0.049313
0.049336
0.049354
0.049357
0.049357
0.049371
0.04938
0.049391
0.049393
0.049394
0.04941
0.049434
0.04944
0.049447
0.049464
0.049473
0.049474
0.04952
0.049528
0.049547
0.049577
0.049597
0.049606
0.04961
0.049613
0.049622
0.049634
0.049636
0.049643
0.049649
0.049653
0.049654
0.049657
0.049667
0.049683
0.049693
0.049703
0.049723
0.049734
0.049747
0.049774
0.049778
0.049801
0.049807
0.049816
0.049833
0.04984
0.04986
0.049863
0.049895
0.049937
0.04996
0.04998
0.049987
0.049987
0.049997
0.05
0.05001
0.050013
0.050013
0.050013
0.05002
0.05004
0.050074
0.05008
0.050096
0.050173
0.050177
0.050186
0.050213
0.050214
0.050229
0.05023
0.050234
0.05024
0.050266
0.050329
0.050342
0.050377
0.05038
0.050407
0.05045
0.050464
0.050483
0.05049
0.050493
0.050494
0.050494
0.05051
0.050515
0.050542
0.05056
0.05058
0.05061
0.050615
0.050618
0.05064
0.050647
0.05065
0.050665
0.050677
0.05071
0.050717
0.050733
0.050741
0.05075
0.050754
0.050757
0.050783
0.050787
0.050787
0.050798
0.050818
0.050825
0.050877
0.050996
0.051003
0.05101
0.051017
0.051049
0.051095
0.051097
0.051114
0.051124
0.051127
0.051156
0.051161
0.051166
0.051176
0.051193
0.051236
0.051237
0.05124
0.051256
0.051266
0.051327
0.051334
0.051357
0.051363
0.05138
0.051403
0.051433
0.05149
0.051499
0.051527
0.051533
0.05155
0.051553
0.051591
0.051613
0.05164
0.051654
0.05167
0.051686
0.051693
0.0517
0.051717
0.051734
0.051747
0.051767
0.051777
0.051787
0.051806
0.051823
0.051866
0.051896
0.05192
0.051924
0.051963
0.051963
0.051983
0.052023
0.052024
0.052067
0.05207
0.052073
0.05209
0.052097
0.052104
0.052134
0.052153
0.052169
0.052181
0.052205
0.052211
0.052225
0.05223
0.052243
0.052263
0.05227
0.052276
0.052286
0.052289
0.052292
0.0523
0.052313
0.05234
0.052377
0.052392
0.052476
0.052483
0.052484
0.052564
0.052576
0.052587
0.052636
0.05268
0.052697
0.052704
0.052711
0.052714
0.052746
0.052766
0.052794
0.0528
0.052804
0.05282
0.052828
0.052852
0.05288
0.052931
0.05295
0.05295
0.052957
0.053
0.053016
0.053043
0.053063
0.053067
0.053077
0.053078
0.053093
0.053114
0.053123
0.05313
0.05318
0.05319
0.053194
0.053196
0.053255
0.0533
0.05332
0.053366
0.053383
0.053433
0.053507
0.053556
0.05357
0.0536
0.053627
0.053644
0.053677
0.053681
0.053693
0.053747
0.053751
0.053764
0.05377
0.053804
0.05383
0.053834
0.053874
0.053891
0.053897
0.053897
0.053903
0.053927
0.054017
0.05402
0.054033
0.054045
0.054055
0.054063
0.05408
0.054114
0.054163
0.054212
0.054214
0.05425
0.054253
0.05435
0.054369
0.054377
0.054434
0.054437
0.054476
0.054477
0.054483
0.054489
0.054563
0.054597
0.054606
0.054689
0.0547
0.054716
0.054753
0.054776
0.054778
0.054823
0.054847
0.05492
0.054937
0.054948
0.05498
0.054987
0.055013
0.055111
0.05512
0.055139
0.05518
0.05519
0.05521
0.055231
0.055242
0.055258
0.05531
0.055326
0.055372
0.055394
0.055427
0.055464
0.055471
0.05548
0.055504
0.055527
0.05561
0.055613
0.055656
0.055665
0.055693
0.055812
0.055833
0.055907
0.055924
0.055924
0.056
0.056023
0.056093
0.056209
0.056249
0.05629
0.056308
0.05636
0.05646
0.056492
0.0565
0.056504
0.056533
0.056587
0.056594
0.05669
0.056717
0.05672
0.056776
0.0569
0.056913
0.056916
0.056923
0.056972
0.057065
0.057126
0.057147
0.057148
0.057166
0.057172
0.057193
0.057293
0.057294
0.0573
0.057313
0.057317
0.057326
0.057337
0.057396
0.057464
0.057494
0.057536
0.057544
0.057554
0.0576
0.057647
0.057724
0.05774
0.057891
0.058093
0.05827
0.058314
0.058397
0.058475
0.058476
0.058511
0.058584
0.0586
0.05865
0.058692
0.058714
0.058746
0.05876
0.05876
0.058876
0.058896
0.058943
0.058952
0.058993
0.059054
0.059083
0.059133
0.05918
0.0592
0.059241
0.059314
0.059373
0.05941
0.059452
0.059511
0.059524
0.059535
0.059545
0.059724
0.059957
0.060014
0.060017
0.060023
0.06021
0.060216
0.060225
0.060378
0.0604
0.060423
0.06048
0.06054
0.060758
0.06101
0.061028
0.061141
0.061166
0.06139
0.061425
0.061477
0.061513
0.061557
0.061577
0.06168
0.061729
0.061745
0.061853
0.061894
0.061926
0.062046
0.062047
0.062054
0.06213
0.062143
0.06216
0.06233
0.062467
0.0628
0.06292
0.062927
0.06298
0.063023
0.063254
0.063261
0.06335
0.063434
0.063744
0.06379
0.063854
0.06392
0.063963
0.063972
0.064
0.064003
0.064123
0.064187
0.064733
0.064908
0.06504
0.065088
0.065088
0.065094
0.065132
0.065265
0.06528
0.065327
0.065406
0.065503
0.065585
0.06559
0.065647
0.065671
0.065697
0.0657
0.06581
0.066013
0.066334
0.06636
0.066449
0.066833
0.067625
0.06774
0.067937
0.067943
0.068004
0.068433
0.068475
0.068486
0.068627
0.06886
0.069085
0.069127
0.06928
0.069416
0.069423
0.069563
0.069663
0.069668
0.07036
0.070501
0.07051
0.070867
0.071307
0.071704
0.07172
0.07176
0.0719
0.072195
0.072585
0.073844
0.074074
0.074224
0.07428
0.07448
0.074947
0.075576
0.076395
0.07658
0.076926
0.077003
0.077141
0.077178
0.077717
0.077894
0.078234
0.078425
0.078464
0.078475
0.078517
0.07861
0.078711
0.07888
0.079173
0.079198
0.07947
0.0796
0.079609
0.07966
0.080638
0.080693
0.080782
0.081025
0.081293
0.081513
0.084296
0.08437
0.085554
0.085746
0.085806
0.08596
0.086227
0.087014
0.087047
0.087067
0.087431
0.087676
0.08782
0.08869
0.088897
0.089096
0.08917
0.089455
0.090492
0.090829
0.09098
0.091113
0.091479
0.092022
0.09232
0.092353
0.09305
0.093169
0.093226
0.093327
0.09387
0.094354
0.094632
0.095959
0.096127
0.096334
0.096544
0.097625
0.09766
0.098305
0.09968
0.099788
0.100548
0.10084
0.101524
0.102031
0.10321
0.103489
0.104182
0.104449
0.104909
0.105503
0.105618
0.105973
0.105974
0.106274
0.106933
0.10696
0.109313
0.10948
0.109506
0.109712
0.110607
0.11078
0.110947
0.111868
0.11266
0.112951
0.114497
0.11588
0.117846
0.118646
0.118944
0.119234
0.120024
0.121783
0.122375
0.127475
0.12898
0.129134
0.129707
0.12977
0.130236
0.130803
0.135763
0.138285
0.142203
0.143867
0.147076
0.163951
0.177483
0.181783
0.191372
0.211237
0.216003
0.22171
0.23586
0.23617
0.236527
0.244891
0.252487
0.253709
0.255788
0.256443
0.25705
0.258152
0.260395
0.263166
0.263207
0.263964
0.266538
0.27101
0.272687
0.282976
0.28391
0.287153
0.290865
0.291754
0.293666
0.294243
0.298431
0.302233
0.307149
0.308188
0.309819
0.317665
0.318493
0.32153
0.325584
0.331137
0.332181
0.333446
0.342967
0.343923
0.34665
0.350358
0.3526
0.353449
0.360398
0.36254
0.364378
0.36594
0.366203
0.36785
0.370095
0.371674
0.375867
0.383173
0.389504
0.393815
0.397185
0.403286
0.404094
0.404791
0.410219
0.414952
0.419268
0.424609
0.425258
0.42641
0.435004
0.435004
0.450004
0.453184
0.455414
0.457841
0.461421
0.46249
0.463638
0.467152
0.472721
0.475231
0.509384
0.529541
0.532905
0.539161
0.550231
0.653512
0.684831
1.020345
