0.064767
0.065617
0.065704
0.06604
0.06676
0.067278
0.067774
0.06808
0.069038
0.069207
0.06936
0.06973
0.069847
0.07003
0.070331
0.07035
0.07069
0.070775
0.070816
0.070906
0.070907
0.07096
0.071256
0.071379
0.071648
0.071763
0.071861
0.071899
0.0719
0.071907
0.072025
0.072026
0.072033
0.072068
0.072085
0.072116
0.072191
0.072191
0.072464
0.072605
0.072746
0.072939
0.072942
0.072986
0.073021
0.073143
0.073186
0.073187
0.073372
0.073545
0.073569
0.073638
0.07366
0.073695
0.07372
0.073914
0.07425
0.074305
0.074348
0.074398
0.074433
0.074452
0.074463
0.074546
0.074558
0.074727
0.074876
0.074946
0.074968
0.074982
0.074991
0.075023
0.075074
0.075094
0.075184
0.075285
0.075325
0.075352
0.075362
0.075416
0.075433
0.075435
0.075438
0.075562
0.075609
0.075618
0.075678
0.075699
0.0757
0.075826
0.075918
0.075963
0.076106
0.07617
0.076186
0.076191
0.076245
0.076354
0.076387
0.076391
0.076464
0.07648
0.076494
0.076496
0.076537
0.076584
0.076605
0.076609
0.076635
0.076643
0.076715
0.076748
0.076767
0.076815
0.076829
0.07684
0.076884
0.077026
0.077122
0.077156
0.077184
0.077195
0.077297
0.077318
0.077417
0.077431
0.077452
0.077462
0.077536
0.077586
0.07759
0.077633
0.077668
0.077672
0.077677
0.077678
0.077737
0.077867
0.077892
0.077962
0.077972
0.07799
0.078012
0.078063
0.07808
0.078186
0.078195
0.078196
0.078203
0.078205
0.078206
0.078216
0.07824
0.07832
0.078388
0.078408
0.078419
0.07844
0.078502
0.078506
0.078553
0.078563
0.078583
0.078644
0.078713
0.078722
0.078792
0.078814
0.078843
0.078874
0.078971
0.079006
0.079018
0.079042
0.079121
0.079123
0.079134
0.079213
0.079228
0.079231
0.079276
0.079278
0.079318
0.079348
0.079381
0.079415
0.079429
0.079443
0.079449
0.079468
0.079499
0.079517
0.079534
0.079547
0.079555
0.079581
0.079647
0.079652
0.07968
0.079723
0.079723
0.079768
0.07984
0.079845
0.079871
0.079878
0.079904
0.07992
0.079991
0.079995
0.08001
0.080015
0.080077
0.080144
0.080198
0.0802
0.080234
0.080238
0.080261
0.080264
0.08028
0.080283
0.080357
0.080403
0.080406
0.080423
0.080434
0.080442
0.080461
0.080506
0.08052
0.080569
0.080612
0.08067
0.080694
0.080723
0.080731
0.080747
0.08079
0.080855
0.080923
0.080923
0.080927
0.080962
0.080966
0.080966
0.081023
0.081024
0.081028
0.08104
0.081046
0.081048
0.08105
0.081052
0.081092
0.081128
0.081132
0.081178
0.081185
0.081206
0.081212
0.08132
0.081352
0.081363
0.08139
0.081427
0.081431
0.081445
0.081447
0.081465
0.081465
0.081498
0.081513
0.081541
0.081544
0.081548
0.081557
0.081575
0.081582
0.081603
0.081607
0.0817
0.081748
0.0818
0.081828
0.081843
0.081893
0.0819
0.081917
0.081918
0.081918
0.08192
0.081932
0.081949
0.081978
0.082
0.082022
0.082024
0.082036
0.08204
0.082056
0.082077
0.08208
0.082144
0.082144
0.082146
0.082193
0.082215
0.082225
0.082225
0.082231
0.082243
0.082252
0.082252
0.082257
0.082311
0.082323
0.082337
0.082337
0.082338
0.082348
0.082351
0.082355
0.082363
0.082363
0.082412
0.08246
0.082484
0.082499
0.082499
0.0825
0.082509
0.082514
0.082536
0.08254
0.082551
0.082581
0.082583
0.082584
0.08268
0.082758
0.082804
0.082835
0.082894
0.082921
0.08296
0.082967
0.083009
0.083017
0.083026
0.083047
0.083068
0.08307
0.083109
0.083109
0.08311
0.083127
0.083145
0.083181
0.083184
0.083238
0.083249
0.083254
0.083266
0.083267
0.083268
0.083274
0.08328
0.083345
0.083351
0.083355
0.08336
0.083365
0.083367
0.08338
0.083381
0.083386
0.083403
0.083413
0.083443
0.083447
0.083448
0.083452
0.083501
0.083506
0.083508
0.083534
0.083542
0.083546
0.083551
0.08356
0.08356
0.083568
0.083581
0.083606
0.083622
0.083634
0.083689
0.083699
0.083732
0.083735
0.083736
0.08375
0.083757
0.083765
0.083785
0.083824
0.083843
0.083849
0.083854
0.083861
0.083862
0.083862
0.08387
0.083877
0.083877
0.083887
0.083887
0.083896
0.083947
0.083947
0.083948
0.083951
0.083957
0.083963
0.083982
0.083982
0.083988
0.083993
0.084046
0.084056
0.084058
0.08406
0.084067
0.084073
0.084102
0.084104
0.084139
0.084162
0.084174
0.0842
0.084221
0.084229
0.084274
0.084311
0.084325
0.084329
0.08434
0.084408
0.084434
0.084463
0.084468
0.084474
0.084484
0.084498
0.084508
0.084535
0.084543
0.084545
0.084547
0.084551
0.084557
0.084571
0.084575
0.08459
0.084591
0.084619
0.084707
0.084711
0.084714
0.084735
0.084758
0.084785
0.084795
0.0848
0.084834
0.084834
0.084933
0.084955
0.08496
0.084997
0.084997
0.085032
0.085078
0.08509
0.085091
0.085098
0.085135
0.085136
0.08516
0.085213
0.085214
0.08525
0.085266
0.085274
0.085298
0.085323
0.085327
0.08533
0.085334
0.085335
0.085369
0.085385
0.085421
0.085431
0.085443
0.085468
0.085477
0.085501
0.085525
0.085528
0.085531
0.085536
0.085547
0.085555
0.085563
0.085581
0.085583
0.085609
0.085633
0.085633
0.085637
0.08564
0.085647
0.085655
0.085656
0.085671
0.085723
0.085731
0.085734
0.08574
0.085743
0.085754
0.085773
0.085803
0.085822
0.085824
0.085828
0.085863
0.085888
0.085898
0.085912
0.085924
0.085928
0.08593
0.085935
0.085947
0.08598
0.085983
0.085985
0.086007
0.086017
0.086017
0.086022
0.0861
0.086102
0.086105
0.086128
0.086129
0.086133
0.086149
0.086151
0.086155
0.086157
0.086166
0.086166
0.08617
0.08617
0.086173
0.08618
0.086225
0.08625
0.086257
0.086275
0.086278
0.086293
0.0863
0.086302
0.086311
0.086312
0.086313
0.08632
0.086323
0.086323
0.086339
0.086344
0.086366
0.08637
0.086387
0.08644
0.086443
0.086448
0.086448
0.086449
0.086463
0.086485
0.086487
0.0865
0.086525
0.086526
0.086529
0.086563
0.086569
0.086584
0.08659
0.0866
0.086603
0.086612
0.08664
0.086642
0.086643
0.08666
0.08668
0.0867
0.086709
0.086714
0.086722
0.08673
0.086747
0.08682
0.086842
0.086846
0.086857
0.086861
0.086868
0.086868
0.086896
0.086898
0.086916
0.086917
0.08692
0.086923
0.08693
0.086935
0.086948
0.086956
0.086957
0.086973
0.086976
0.086985
0.087003
0.087003
0.087013
0.087016
0.087022
0.087023
0.087032
0.087043
0.087054
0.087063
0.08707
0.087072
0.087077
0.087094
0.087101
0.087124
0.087129
0.087134
0.087137
0.087144
0.087147
0.08715
0.087154
0.087163
0.08717
0.087176
0.087177
0.087185
0.0872
0.087206
0.08721
0.087219
0.087228
0.08723
0.08723
0.087237
0.087252
0.087257
0.087272
0.087277
0.08728
0.087286
0.087292
0.087298
0.087301
0.08732
0.087327
0.087328
0.087332
0.087353
0.087354
0.087361
0.087375
0.08739
0.087393
0.087394
0.087397
0.0874
0.087403
0.087421
0.087453
0.087469
0.087471
0.087471
0.087473
0.087484
0.087494
0.087494
0.087505
0.087513
0.087517
0.08752
0.087526
0.087547
0.08757
0.087601
0.087603
0.08761
0.087612
0.087614
0.087625
0.08763
0.087649
0.087653
0.087655
0.087659
0.087661
0.08767
0.087674
0.0877
0.087704
0.08771
0.087713
0.087726
0.087727
0.087738
0.087742
0.087772
0.087787
0.087791
0.087795
0.0878
0.08783
0.087831
0.087837
0.087849
0.087855
0.087861
0.087862
0.087868
0.087871
0.087883
0.087886
0.0879
0.087911
0.087924
0.087924
0.087931
0.087937
0.08794
0.087945
0.087953
0.08796
0.087966
0.08797
0.087972
0.087974
0.087974
0.087975
0.087981
0.087983
0.087987
0.087988
0.088001
0.088003
0.088004
0.088035
0.08804
0.088055
0.08806
0.088064
0.08807
0.088073
0.088077
0.088086
0.088087
0.088087
0.088095
0.088106
0.088117
0.08812
0.088127
0.088135
0.088138
0.088142
0.088147
0.088154
0.088163
0.088173
0.088192
0.088193
0.088203
0.088209
0.088213
0.088218
0.088224
0.088225
0.088226
0.088227
0.088234
0.088236
0.08824
0.088253
0.088256
0.088263
0.08827
0.088274
0.088289
0.08829
0.088294
0.0883
0.088313
0.088313
0.088314
0.088325
0.088337
0.088343
0.088344
0.08835
0.088357
0.08836
0.08836
0.088365
0.088384
0.0884
0.088437
0.08844
0.088446
0.088452
0.08846
0.088495
0.088497
0.088497
0.088518
0.08852
0.08852
0.088526
0.088527
0.088552
0.088554
0.088557
0.088574
0.088575
0.088597
0.088603
0.08861
0.088617
0.088627
0.08863
0.088665
0.088672
0.088684
0.088686
0.08869
0.088694
0.088696
0.088699
0.088713
0.08872
0.088728
0.088736
0.088737
0.088754
0.08876
0.088773
0.088777
0.088778
0.088783
0.088792
0.088798
0.088803
0.088803
0.088807
0.088807
0.088816
0.088817
0.088831
0.088831
0.088832
0.088833
0.088837
0.088844
0.088849
0.08885
0.088851
0.088852
0.088864
0.088887
0.088893
0.088897
0.088899
0.0889
0.0889
0.088917
0.088929
0.088929
0.088932
0.088948
0.08895
0.08897
0.088984
0.088992
0.088997
0.08901
0.089018
0.089083
0.089107
0.089107
0.08911
0.08912
0.089127
0.089138
0.089145
0.089146
0.089153
0.089155
0.089167
0.089176
0.089177
0.08918
0.0892
0.089202
0.089204
0.089227
0.089234
0.089246
0.089249
0.089263
0.089268
0.08927
0.08928
0.089283
0.08929
0.089297
0.089306
0.089308
0.089316
0.089317
0.089324
0.08933
0.089345
0.089358
0.089363
0.089367
0.08937
0.089387
0.089403
0.089405
0.089406
0.089416
0.089418
0.089431
0.089434
0.08944
0.089455
0.08946
0.089475
0.089483
0.089483
0.089496
0.089504
0.089508
0.089517
0.089518
0.089535
0.089543
0.089545
0.08956
0.08956
0.089583
0.089585
0.089593
0.08962
0.089632
0.089633
0.089634
0.08964
0.08965
0.089652
0.089653
0.089657
0.089658
0.089663
0.089687
0.089692
0.089704
0.089714
0.089727
0.089727
0.089736
0.089737
0.089742
0.089745
0.089753
0.08976
0.089763
0.089787
0.089797
0.089797
0.089797
0.089806
0.089813
0.089818
0.089822
0.089827
0.089827
0.089827
0.089847
0.08986
0.089864
0.089867
0.089876
0.089883
0.089893
0.089894
0.089907
0.089908
0.089917
0.089917
0.089926
0.089931
0.089933
0.089933
0.089934
0.089938
0.089943
0.089953
0.089954
0.089973
0.089981
0.089984
0.089984
0.090007
0.090014
0.090017
0.09003
0.09003
0.090034
0.090037
0.090049
0.090056
0.090063
0.090072
0.090073
0.090077
0.09008
0.090083
0.090097
0.090103
0.090106
0.090106
0.090111
0.090115
0.09012
0.090122
0.090142
0.090144
0.09015
0.090151
0.090154
0.09018
0.0902
0.090205
0.090206
0.09022
0.09022
0.090237
0.090253
0.090268
0.09028
0.09029
0.09029
0.090293
0.0903
0.090317
0.09032
0.090327
0.090332
0.090333
0.090345
0.090345
0.090348
0.090348
0.090351
0.090351
0.09036
0.090367
0.090374
0.090386
0.090394
0.090397
0.090397
0.0904
0.090406
0.09043
0.090431
0.090436
0.090436
0.09045
0.090453
0.090467
0.09048
0.090484
0.090501
0.090517
0.090527
0.090538
0.090554
0.090554
0.090568
0.090593
0.090596
0.090597
0.090612
0.090613
0.090613
0.090615
0.090618
0.09062
0.090641
0.090647
0.090653
0.09066
0.09066
0.090664
0.090693
0.090696
0.090707
0.09071
0.090714
0.090727
0.090737
0.09075
0.090756
0.090757
0.09076
0.090766
0.09079
0.090797
0.090797
0.0908
0.090804
0.090805
0.09081
0.090811
0.090817
0.090818
0.090834
0.09084
0.090846
0.09086
0.09086
0.090867
0.090873
0.090877
0.090886
0.090911
0.090914
0.09092
0.090924
0.090932
0.090932
0.090937
0.090943
0.090943
0.090948
0.090962
0.090966
0.090966
0.090973
0.090978
0.090993
0.091
0.091003
0.091006
0.09101
0.091012
0.091013
0.091017
0.09102
0.091022
0.091023
0.091027
0.09103
0.09103
0.091035
0.091037
0.09104
0.091041
0.091044
0.091047
0.091053
0.09106
0.09107
0.091076
0.09108
0.09108
0.09108
0.091087
0.091087
0.091092
0.091117
0.091117
0.09112
0.091123
0.091136
0.091151
0.091157
0.091157
0.091179
0.09118
0.091183
0.091197
0.091197
0.091203
0.091206
0.091213
0.091217
0.091219
0.091226
0.091226
0.091232
0.091237
0.091246
0.091254
0.09126
0.091263
0.091277
0.091286
0.09129
0.091296
0.091298
0.091307
0.09131
0.091316
0.091324
0.091327
0.09134
0.091343
0.09135
0.091354
0.091357
0.091372
0.091377
0.091386
0.091387
0.091391
0.091393
0.091393
0.091397
0.0914
0.091403
0.091406
0.09142
0.091423
0.09143
0.091445
0.091452
0.091452
0.091468
0.091471
0.091477
0.091496
0.091501
0.091505
0.091508
0.09152
0.091523
0.091523
0.091534
0.091536
0.09154
0.091551
0.091555
0.091566
0.091596
0.091597
0.091603
0.091604
0.091612
0.091617
0.091628
0.091637
0.09164
0.091641
0.091643
0.091649
0.091653
0.091659
0.091664
0.091665
0.091677
0.091677
0.091687
0.091694
0.091703
0.091704
0.091705
0.091723
0.091726
0.091743
0.091753
0.091754
0.091758
0.09176
0.091763
0.091765
0.091767
0.091787
0.091794
0.091794
0.091797
0.0918
0.091803
0.091806
0.091817
0.09182
0.09182
0.091822
0.091824
0.091842
0.091843
0.091843
0.091847
0.091849
0.09185
0.091855
0.091857
0.091858
0.091863
0.09187
0.091875
0.091877
0.091884
0.091887
0.091892
0.091896
0.091897
0.091897
0.0919
0.09191
0.09191
0.091911
0.091929
0.091937
0.091943
0.091944
0.091947
0.091982
0.091982
0.091987
0.091994
0.091997
0.092009
0.092009
0.092026
0.09204
0.092047
0.092056
0.092058
0.092062
0.09207
0.092074
0.092083
0.092086
0.092088
0.092095
0.092113
0.092117
0.092117
0.092123
0.092123
0.09213
0.092133
0.092137
0.092138
0.09214
0.09214
0.092145
0.092145
0.09215
0.092157
0.09217
0.092174
0.092179
0.092185
0.092191
0.092195
0.0922
0.092207
0.092214
0.092234
0.092237
0.09224
0.092244
0.092246
0.09225
0.092256
0.092259
0.092273
0.092273
0.09228
0.092287
0.092287
0.0923
0.092307
0.09231
0.092311
0.092317
0.09233
0.09234
0.09235
0.092386
0.09239
0.092391
0.092403
0.092404
0.09241
0.09242
0.092421
0.092431
0.092443
0.09246
0.09246
0.092464
0.092471
0.092477
0.092483
0.092487
0.09249
0.092492
0.092494
0.092502
0.092514
0.09252
0.092523
0.092539
0.092543
0.092544
0.092545
0.092547
0.092547
0.092548
0.09255
0.09255
0.092553
0.09256
0.09257
0.092577
0.09258
0.092581
0.092585
0.092593
0.092594
0.092617
0.092622
0.092624
0.092643
0.092653
0.092656
0.09266
0.092665
0.09267
0.09267
0.092672
0.092684
0.092686
0.092701
0.092706
0.092708
0.092717
0.092727
0.09273
0.092732
0.092733
0.092736
0.092751
0.09276
0.09276
0.092772
0.092793
0.092797
0.0928
0.0928
0.092803
0.092806
0.092807
0.092808
0.092809
0.092813
0.092813
0.092817
0.092829
0.092837
0.09284
0.092843
0.092849
0.092849
0.09285
0.09286
0.092862
0.092867
0.092873
0.09288
0.092887
0.092894
0.0929
0.0929
0.092902
0.092911
0.09292
0.09292
0.092923
0.092925
0.092929
0.09293
0.092947
0.09295
0.092957
0.09296
0.092967
0.092973
0.092973
0.092977
0.09298
0.092994
0.092997
0.092997
0.093004
0.093006
0.093019
0.09302
0.093023
0.09303
0.093033
0.093034
0.093043
0.093043
0.093046
0.093056
0.093067
0.09308
0.09309
0.09309
0.0931
0.093104
0.093117
0.093117
0.09312
0.093124
0.093125
0.093127
0.093128
0.093134
0.093137
0.09314
0.093144
0.09315
0.093154
0.093156
0.09316
0.093163
0.093167
0.093175
0.093184
0.093189
0.093197
0.093207
0.093208
0.09322
0.093223
0.09323
0.093234
0.09324
0.093243
0.093247
0.093247
0.09325
0.093256
0.093268
0.093271
0.093287
0.093289
0.093289
0.09329
0.093297
0.093311
0.093317
0.09332
0.09333
0.093337
0.093338
0.09334
0.09336
0.093364
0.093364
0.093373
0.093377
0.093383
0.093384
0.093387
0.093393
0.093393
0.093409
0.09341
0.09341
0.09342
0.093423
0.093438
0.093443
0.093447
0.093448
0.093454
0.093457
0.09346
0.093472
0.093474
0.093476
0.093478
0.093483
0.093489
0.093489
0.09349
0.09349
0.09349
0.093495
0.0935
0.093505
0.093513
0.093517
0.093517
0.093524
0.093524
0.093527
0.09353
0.093535
0.09354
0.093547
0.093556
0.093557
0.09356
0.09356
0.093563
0.093563
0.09357
0.09357
0.093573
0.09359
0.093593
0.093594
0.093601
0.093603
0.093617
0.09362
0.09362
0.093627
0.093634
0.093637
0.093643
0.093643
0.093644
0.09365
0.093662
0.093671
0.09368
0.093687
0.093694
0.093697
0.093697
0.093706
0.093706
0.093708
0.09371
0.093717
0.093723
0.093727
0.093727
0.093727
0.093733
0.09374
0.09374
0.093743
0.093748
0.09375
0.093753
0.093753
0.093756
0.093757
0.093776
0.093783
0.093785
0.093787
0.09379
0.093794
0.093794
0.093797
0.093802
0.093806
0.093807
0.093807
0.09381
0.093813
0.093817
0.093824
0.09383
0.093831
0.093833
0.09384
0.093843
0.093846
0.093847
0.09385
0.09385
0.093857
0.093858
0.093867
0.09387
0.093874
0.093889
0.09389
0.093893
0.093896
0.09391
0.093911
0.093917
0.093921
0.093924
0.093927
0.093945
0.093947
0.093948
0.093957
0.09396
0.09396
0.093966
0.09397
0.09397
0.09398
0.09398
0.093989
0.09399
0.09399
0.093993
0.093993
0.093997
0.094006
0.094006
0.09401
0.094014
0.094017
0.094022
0.094026
0.09403
0.094034
0.094043
0.094047
0.094056
0.094057
0.094073
0.094077
0.094077
0.09408
0.094087
0.0941
0.094104
0.094104
0.094104
0.094113
0.09412
0.094137
0.094141
0.094142
0.094147
0.094157
0.094158
0.09416
0.094163
0.094163
0.094164
0.094167
0.094169
0.09417
0.094172
0.094173
0.094184
0.094197
0.0942
0.094206
0.094207
0.094217
0.094222
0.094224
0.094241
0.094254
0.094258
0.094274
0.09428
0.094283
0.094286
0.094286
0.094287
0.094289
0.094292
0.094295
0.094297
0.0943
0.094306
0.094307
0.094313
0.094314
0.094317
0.09432
0.09432
0.09432
0.094331
0.094334
0.09434
0.094343
0.094353
0.094357
0.094357
0.094357
0.094357
0.094366
0.094366
0.094372
0.094373
0.094377
0.094381
0.094391
0.0944
0.094403
0.094408
0.094413
0.094424
0.094428
0.094431
0.094434
0.094438
0.094443
0.094446
0.09445
0.09445
0.094454
0.094456
0.094467
0.094468
0.09448
0.094489
0.094493
0.094493
0.0945
0.094501
0.094504
0.094507
0.094508
0.09451
0.094517
0.09452
0.094525
0.094528
0.094534
0.094542
0.094544
0.094557
0.09456
0.094569
0.094583
0.094587
0.094594
0.094597
0.0946
0.0946
0.094603
0.09461
0.09461
0.094612
0.094612
0.094616
0.094617
0.094619
0.094623
0.094627
0.094633
0.094634
0.094634
0.094637
0.094646
0.094647
0.09465
0.094654
0.094656
0.094657
0.09466
0.094677
0.09468
0.09468
0.094683
0.094686
0.094687
0.094693
0.094693
0.094694
0.094694
0.094699
0.0947
0.094704
0.094706
0.094711
0.094714
0.094714
0.094717
0.094717
0.09472
0.09472
0.094724
0.094737
0.094738
0.09474
0.09474
0.09474
0.094741
0.094749
0.09475
0.09475
0.094754
0.094763
0.09477
0.09477
0.094774
0.094775
0.094776
0.094783
0.094784
0.094787
0.094791
0.094813
0.094824
0.09483
0.094843
0.09485
0.094853
0.09486
0.09486
0.094861
0.094862
0.094865
0.094865
0.094866
0.094867
0.09487
0.094872
0.09488
0.094883
0.09489
0.094892
0.094898
0.094907
0.094907
0.09491
0.094914
0.09492
0.09492
0.094927
0.094937
0.09494
0.094954
0.094957
0.09496
0.094963
0.094966
0.094966
0.094972
0.094973
0.094984
0.09499
0.09499
0.095
0.095004
0.095006
0.095012
0.095015
0.095019
0.095021
0.095025
0.095027
0.09503
0.095031
0.09504
0.095044
0.095044
0.095046
0.095049
0.095052
0.095053
0.095055
0.095055
0.095059
0.095065
0.095067
0.09508
0.095084
0.095087
0.095087
0.09509
0.09509
0.09509
0.095092
0.095095
0.095095
0.095097
0.095098
0.09511
0.095114
0.095114
0.095117
0.09512
0.095124
0.095126
0.095135
0.09514
0.095141
0.095142
0.095146
0.095149
0.095154
0.095163
0.095166
0.09517
0.09517
0.095173
0.095175
0.095181
0.095184
0.095187
0.095187
0.095188
0.095193
0.095197
0.095197
0.0952
0.095213
0.09522
0.095225
0.095227
0.095228
0.095233
0.095233
0.095237
0.095237
0.09524
0.09524
0.095247
0.095255
0.095258
0.09526
0.095267
0.09527
0.095273
0.095277
0.09528
0.09528
0.095286
0.095297
0.095307
0.09531
0.095317
0.095326
0.095336
0.095337
0.095337
0.095337
0.095338
0.095344
0.095344
0.095354
0.095356
0.095363
0.095363
0.095364
0.095367
0.095371
0.095377
0.095385
0.095387
0.09539
0.095394
0.095397
0.095406
0.095407
0.095411
0.095413
0.095415
0.095416
0.095417
0.095427
0.095431
0.095433
0.095443
0.095446
0.095446
0.095447
0.095447
0.095455
0.09546
0.09546
0.095462
0.09547
0.095471
0.095471
0.095474
0.095476
0.095483
0.095487
0.09549
0.095498
0.095502
0.095504
0.095507
0.095524
0.095526
0.095527
0.095529
0.095531
0.095536
0.095537
0.09554
0.09554
0.095544
0.095547
0.095547
0.09555
0.09555
0.095554
0.095563
0.095566
0.09557
0.09557
0.09557
0.095574
0.095579
0.095582
0.095582
0.09559
0.095593
0.0956
0.095603
0.09561
0.095612
0.095614
0.095615
0.095615
0.09562
0.095626
0.095627
0.095627
0.095627
0.095631
0.095644
0.09565
0.095652
0.095654
0.095654
0.095656
0.095664
0.095666
0.095667
0.09567
0.095671
0.095674
0.095683
0.095686
0.09569
0.09569
0.095691
0.095698
0.0957
0.095703
0.095707
0.095714
0.095714
0.095717
0.095729
0.095729
0.095734
0.095741
0.095755
0.095756
0.095757
0.09576
0.09576
0.09576
0.095764
0.095773
0.095777
0.095783
0.095784
0.095794
0.0958
0.095807
0.095807
0.095809
0.095809
0.09581
0.095814
0.095815
0.095817
0.095818
0.095823
0.09583
0.09583
0.095844
0.095847
0.095853
0.095857
0.095858
0.095863
0.095867
0.095871
0.09588
0.09588
0.095883
0.095883
0.095886
0.095889
0.095894
0.095895
0.095899
0.095916
0.095917
0.09592
0.095921
0.095923
0.095926
0.09593
0.095933
0.095933
0.095942
0.095944
0.095945
0.095954
0.095972
0.095977
0.095986
0.09599
0.09599
0.095994
0.095997
0.096
0.096006
0.096007
0.096013
0.096017
0.096027
0.09603
0.096033
0.096035
0.096037
0.096043
0.096043
0.096047
0.096057
0.096057
0.096063
0.096064
0.09607
0.096073
0.096076
0.096077
0.096083
0.096085
0.09609
0.096092
0.096096
0.096098
0.0961
0.096101
0.096101
0.096113
0.096114
0.096117
0.096124
0.09613
0.096136
0.096136
0.096139
0.096153
0.096155
0.096157
0.096163
0.096167
0.096173
0.096174
0.096176
0.096183
0.096184
0.096193
0.096203
0.096207
0.096209
0.096209
0.09622
0.096223
0.096224
0.096224
0.096226
0.096234
0.096235
0.096237
0.096237
0.09624
0.096246
0.09625
0.096252
0.096253
0.096256
0.096265
0.096265
0.096273
0.096277
0.096281
0.096284
0.096286
0.09629
0.096295
0.096295
0.096305
0.096313
0.096317
0.09632
0.09632
0.096323
0.096332
0.096332
0.096337
0.096339
0.096339
0.09634
0.096343
0.096344
0.096353
0.096354
0.096357
0.09636
0.096366
0.09637
0.096373
0.096373
0.096374
0.096374
0.096377
0.09638
0.096385
0.096387
0.09639
0.096394
0.0964
0.096403
0.096407
0.096407
0.096407
0.09642
0.09643
0.096433
0.096436
0.09645
0.09645
0.096453
0.096462
0.096464
0.096468
0.096477
0.096477
0.09648
0.096484
0.096498
0.0965
0.0965
0.0965
0.096503
0.096503
0.096514
0.096517
0.096523
0.096527
0.096528
0.096531
0.096533
0.09656
0.09656
0.09657
0.096576
0.096577
0.096585
0.096593
0.096593
0.096593
0.0966
0.096601
0.096606
0.096606
0.096607
0.096607
0.096609
0.09661
0.096617
0.09663
0.096631
0.096633
0.096633
0.096634
0.096634
0.09664
0.096646
0.096652
0.096661
0.096663
0.096664
0.096667
0.09667
0.096676
0.096677
0.096677
0.096677
0.09668
0.096681
0.096702
0.096703
0.096704
0.096706
0.09671
0.09671
0.096711
0.096717
0.096717
0.096721
0.096727
0.096734
0.096736
0.096737
0.096737
0.096737
0.096743
0.096746
0.09675
0.096766
0.096767
0.096773
0.096777
0.096777
0.096783
0.096794
0.0968
0.096813
0.096817
0.09682
0.096823
0.096825
0.09683
0.09683
0.096833
0.096833
0.096833
0.096837
0.09684
0.096853
0.096859
0.096862
0.09687
0.096871
0.096877
0.09688
0.09689
0.096896
0.096897
0.0969
0.09691
0.096911
0.096913
0.096917
0.096923
0.096923
0.096926
0.09693
0.096937
0.096941
0.096943
0.096944
0.096945
0.096948
0.09695
0.096963
0.09697
0.096977
0.096979
0.096997
0.097007
0.09701
0.097013
0.097014
0.09702
0.097021
0.097021
0.097025
0.097027
0.09703
0.097033
0.097033
0.09704
0.09704
0.097041
0.097043
0.097047
0.097057
0.097057
0.097057
0.097063
0.097073
0.097076
0.097077
0.09708
0.097083
0.0971
0.09711
0.09711
0.097123
0.097123
0.097127
0.09713
0.097133
0.097137
0.09714
0.09714
0.097145
0.097147
0.09715
0.09716
0.097163
0.097174
0.097174
0.097177
0.097177
0.09718
0.097184
0.097185
0.09719
0.097194
0.0972
0.097207
0.097213
0.097219
0.097219
0.09722
0.097224
0.097226
0.097226
0.097231
0.097236
0.09724
0.097246
0.097253
0.097255
0.097256
0.097257
0.097257
0.09726
0.09726
0.09726
0.097264
0.097267
0.097277
0.097283
0.097286
0.097288
0.097301
0.097301
0.097303
0.097307
0.09731
0.09731
0.097311
0.097313
0.09732
0.09732
0.097325
0.097327
0.097334
0.09734
0.097342
0.097347
0.09735
0.097354
0.097354
0.09737
0.097371
0.097373
0.097377
0.09738
0.09738
0.097384
0.097388
0.097394
0.097397
0.09741
0.09742
0.097423
0.097426
0.097427
0.09743
0.097434
0.09744
0.09745
0.097453
0.097456
0.097457
0.097462
0.097463
0.09747
0.09747
0.09747
0.097477
0.09748
0.097484
0.097487
0.09749
0.097497
0.0975
0.097506
0.097507
0.097507
0.09751
0.097511
0.097514
0.097516
0.097517
0.097517
0.09752
0.097523
0.09754
0.097541
0.09755
0.097557
0.097557
0.09756
0.09756
0.097563
0.097566
0.09757
0.09757
0.097576
0.09758
0.097583
0.097586
0.097586
0.097586
0.097587
0.09759
0.097597
0.0976
0.097603
0.097607
0.097613
0.097617
0.09762
0.097623
0.097623
0.097633
0.097643
0.097647
0.097647
0.09765
0.09765
0.097653
0.09766
0.097663
0.097667
0.09767
0.09767
0.097678
0.09768
0.097683
0.097684
0.09769
0.097704
0.097704
0.097713
0.097716
0.09772
0.097729
0.097742
0.097743
0.097746
0.09775
0.09775
0.097751
0.097756
0.097756
0.097757
0.097763
0.09777
0.097773
0.097778
0.097779
0.097783
0.097787
0.09779
0.09779
0.097791
0.097793
0.097793
0.097793
0.097793
0.097794
0.097794
0.097794
0.097804
0.097804
0.097812
0.097816
0.09783
0.097834
0.097843
0.097844
0.097844
0.097847
0.097847
0.097859
0.09786
0.09786
0.097876
0.097887
0.097887
0.097895
0.097899
0.097903
0.09791
0.09791
0.097917
0.097923
0.097927
0.097936
0.097937
0.09794
0.097942
0.09795
0.097953
0.097954
0.097957
0.09796
0.09796
0.097963
0.097973
0.097977
0.097977
0.09798
0.097981
0.097983
0.097984
0.097984
0.097996
0.098
0.098001
0.098006
0.098006
0.098007
0.098017
0.098019
0.09802
0.098026
0.098034
0.098037
0.098037
0.09804
0.09804
0.09804
0.098043
0.098043
0.098044
0.098047
0.098047
0.09805
0.098054
0.09806
0.098063
0.098064
0.098073
0.098077
0.098083
0.098083
0.09809
0.09809
0.09809
0.098091
0.098093
0.098099
0.098103
0.098103
0.098104
0.098105
0.098108
0.09811
0.098116
0.09812
0.098123
0.098124
0.098127
0.098134
0.098136
0.098137
0.098137
0.09814
0.09814
0.098143
0.098147
0.098147
0.09815
0.09815
0.098153
0.098153
0.098156
0.09817
0.09817
0.098171
0.098173
0.098183
0.098187
0.098197
0.098197
0.098204
0.098204
0.098207
0.098213
0.098216
0.09822
0.09822
0.098221
0.098224
0.098227
0.098227
0.09823
0.098243
0.098243
0.098244
0.098247
0.098253
0.098261
0.098263
0.098274
0.098276
0.09828
0.098283
0.098286
0.098286
0.09829
0.098293
0.098301
0.098303
0.098303
0.098305
0.098311
0.098311
0.098311
0.098314
0.098316
0.09832
0.098324
0.098326
0.098329
0.098333
0.098333
0.098334
0.098347
0.09835
0.09835
0.098353
0.098357
0.098357
0.098357
0.098364
0.09837
0.098377
0.098377
0.098383
0.098384
0.098385
0.098386
0.098397
0.098397
0.0984
0.098403
0.09841
0.098413
0.09842
0.098423
0.098425
0.098426
0.098427
0.098434
0.098436
0.098437
0.098442
0.098447
0.098449
0.09845
0.09845
0.098453
0.098456
0.098458
0.09846
0.09846
0.098462
0.098473
0.098477
0.098477
0.09848
0.098486
0.098499
0.098504
0.098517
0.098517
0.098517
0.098518
0.09852
0.09852
0.098521
0.098524
0.09853
0.098533
0.098534
0.09854
0.09854
0.098543
0.098547
0.09855
0.09855
0.098551
0.09857
0.09857
0.098573
0.098576
0.098577
0.09858
0.098583
0.098584
0.098585
0.098586
0.098594
0.0986
0.098601
0.098603
0.098604
0.098606
0.098607
0.098609
0.09861
0.098612
0.098613
0.098613
0.098613
0.098614
0.098617
0.098618
0.098623
0.098633
0.09864
0.098641
0.09865
0.098652
0.098653
0.09866
0.098663
0.098663
0.098664
0.098664
0.098667
0.098668
0.09867
0.09867
0.098681
0.098683
0.098684
0.098687
0.098689
0.098689
0.09869
0.09869
0.098696
0.098697
0.098703
0.098711
0.098713
0.098721
0.098721
0.098723
0.098723
0.098724
0.098728
0.09873
0.098733
0.098734
0.098747
0.098747
0.098747
0.09876
0.098763
0.098767
0.098773
0.098773
0.098777
0.098777
0.09879
0.098791
0.098791
0.098792
0.098793
0.098794
0.098797
0.098797
0.098797
0.098797
0.0988
0.0988
0.098804
0.098814
0.09882
0.098821
0.098823
0.098827
0.098828
0.098834
0.098837
0.098843
0.098846
0.098846
0.098853
0.098856
0.098863
0.098867
0.098874
0.098877
0.09888
0.098883
0.098883
0.098887
0.098887
0.098887
0.098888
0.09889
0.09889
0.098896
0.098897
0.098898
0.098899
0.098905
0.098911
0.098917
0.098923
0.098924
0.098926
0.098927
0.098927
0.098927
0.098933
0.098944
0.09895
0.098957
0.098957
0.09896
0.09897
0.098972
0.098977
0.098979
0.098983
0.098986
0.098996
0.099
0.099003
0.099007
0.09901
0.099012
0.099012
0.099013
0.099017
0.099025
0.099027
0.099028
0.09903
0.09903
0.099036
0.099043
0.099044
0.099046
0.099049
0.099049
0.099054
0.099057
0.099057
0.099063
0.099064
0.099064
0.09907
0.099074
0.099074
0.09908
0.09908
0.099086
0.099087
0.099089
0.09909
0.09909
0.09909
0.099093
0.099105
0.099108
0.09911
0.09911
0.099113
0.099114
0.099114
0.09912
0.09912
0.099121
0.099123
0.09913
0.099133
0.099136
0.099137
0.099147
0.09915
0.099163
0.09918
0.099184
0.099187
0.099187
0.099194
0.099197
0.0992
0.099206
0.099214
0.099223
0.099227
0.09923
0.09924
0.09924
0.099243
0.099247
0.099257
0.099257
0.099262
0.099264
0.099267
0.099271
0.099277
0.099277
0.09928
0.099283
0.099286
0.099286
0.09929
0.099297
0.099308
0.09931
0.099314
0.099316
0.09932
0.099322
0.099323
0.099323
0.099327
0.099327
0.099334
0.099337
0.099338
0.099344
0.099348
0.09935
0.09936
0.099363
0.099366
0.099367
0.099373
0.09938
0.099384
0.099388
0.09939
0.099391
0.099396
0.099397
0.099397
0.0994
0.0994
0.099404
0.099406
0.099409
0.099413
0.09942
0.099423
0.099427
0.099427
0.09943
0.09943
0.099437
0.099441
0.099443
0.099447
0.09945
0.09945
0.099453
0.099456
0.099457
0.099457
0.099458
0.09946
0.09946
0.09946
0.099468
0.09947
0.099477
0.09948
0.099487
0.099487
0.099493
0.099499
0.099504
0.099508
0.099513
0.099514
0.099517
0.09952
0.099523
0.099527
0.099527
0.09953
0.099531
0.099537
0.099538
0.099541
0.099545
0.099551
0.099557
0.099563
0.099564
0.099567
0.099567
0.099572
0.099573
0.099576
0.099579
0.09958
0.099583
0.099584
0.099587
0.09959
0.099591
0.099603
0.099603
0.099607
0.09961
0.09961
0.099631
0.099634
0.099636
0.099637
0.099637
0.099638
0.099643
0.099643
0.099646
0.099649
0.099652
0.099653
0.099655
0.099657
0.099657
0.09966
0.099663
0.099664
0.099667
0.099667
0.099673
0.099673
0.099676
0.099677
0.099677
0.09968
0.09968
0.099683
0.099686
0.099689
0.099689
0.09969
0.099693
0.0997
0.099717
0.099717
0.09972
0.09972
0.09973
0.099734
0.099739
0.099739
0.09974
0.099743
0.099747
0.09975
0.099753
0.09976
0.09976
0.099763
0.099763
0.099767
0.099777
0.099777
0.099783
0.099784
0.099786
0.09979
0.0998
0.099807
0.099817
0.099818
0.099824
0.099827
0.09983
0.099836
0.09984
0.09985
0.099854
0.099856
0.099858
0.09986
0.099863
0.099863
0.099865
0.099865
0.099873
0.099874
0.099876
0.099876
0.099883
0.099884
0.099895
0.099898
0.099898
0.0999
0.0999
0.099904
0.099906
0.09991
0.09991
0.099911
0.099912
0.099914
0.099917
0.099918
0.099921
0.099924
0.099927
0.09993
0.099933
0.099937
0.099937
0.09994
0.09994
0.099942
0.09995
0.09995
0.09996
0.099963
0.099964
0.099967
0.09997
0.09997
0.09997
0.099976
0.099978
0.09998
0.099983
0.099986
0.09999
0.09999
0.099993
0.099997
0.099997
0.100004
0.100006
0.100014
0.100014
0.100017
0.100028
0.100034
0.100037
0.100047
0.100058
0.100064
0.100064
0.100068
0.10007
0.100074
0.100077
0.100083
0.100086
0.100086
0.100088
0.10009
0.100093
0.100094
0.100096
0.100101
0.100108
0.100114
0.100116
0.10012
0.10012
0.100127
0.100134
0.10014
0.10014
0.10014
0.100153
0.100154
0.100157
0.10016
0.10016
0.100166
0.100177
0.10018
0.100183
0.100184
0.100187
0.100194
0.100194
0.1002
0.1002
0.100204
0.10021
0.100213
0.100213
0.100214
0.100217
0.100221
0.100227
0.100228
0.10023
0.100231
0.100234
0.100234
0.100237
0.10024
0.100243
0.100256
0.10026
0.100267
0.100267
0.10027
0.100271
0.100274
0.100276
0.100277
0.100283
0.100289
0.10029
0.10029
0.100297
0.100307
0.10031
0.100313
0.100314
0.100314
0.100316
0.100316
0.100333
0.100337
0.10034
0.100344
0.100351
0.100354
0.10036
0.100364
0.100365
0.10037
0.10037
0.100374
0.10038
0.10038
0.100381
0.100384
0.100386
0.100387
0.100394
0.100397
0.100401
0.100403
0.100403
0.100406
0.10041
0.100413
0.10042
0.10042
0.100424
0.100427
0.100427
0.100428
0.100437
0.100443
0.100446
0.100446
0.100449
0.100452
0.100454
0.100455
0.100457
0.10046
0.100463
0.100467
0.100467
0.10047
0.10047
0.100473
0.100477
0.100477
0.10048
0.10048
0.100483
0.100484
0.100487
0.100493
0.1005
0.100507
0.100507
0.10051
0.10051
0.100511
0.100513
0.100514
0.100517
0.10052
0.100523
0.100527
0.100533
0.10054
0.100541
0.100547
0.10055
0.100551
0.100551
0.100554
0.100557
0.10056
0.100563
0.100564
0.10057
0.10057
0.100574
0.100577
0.10058
0.100583
0.100584
0.100587
0.100587
0.10059
0.100594
0.100594
0.100597
0.100597
0.100607
0.100609
0.10061
0.10061
0.10061
0.100616
0.100617
0.100625
0.100627
0.100627
0.10063
0.100646
0.100656
0.100657
0.100657
0.100657
0.100663
0.100667
0.10067
0.10067
0.100673
0.10069
0.100693
0.100693
0.100694
0.1007
0.100704
0.100706
0.10071
0.10071
0.100714
0.100717
0.100717
0.10072
0.10073
0.100736
0.100738
0.100741
0.100746
0.100747
0.100748
0.10075
0.100751
0.100753
0.100756
0.100757
0.100763
0.100766
0.100767
0.100767
0.100767
0.100767
0.100772
0.100773
0.100773
0.100776
0.100777
0.100783
0.100784
0.100787
0.10079
0.100793
0.100794
0.100797
0.1008
0.100803
0.100806
0.100806
0.100807
0.100816
0.100823
0.100825
0.100827
0.100827
0.100837
0.10084
0.10084
0.10084
0.10084
0.100843
0.10085
0.100854
0.10086
0.100863
0.100864
0.100864
0.100868
0.10087
0.10087
0.100877
0.100886
0.100893
0.1009
0.100916
0.100917
0.100917
0.10092
0.10092
0.10092
0.100923
0.100924
0.100927
0.10093
0.10093
0.100937
0.100937
0.100943
0.100943
0.100944
0.100944
0.100947
0.100947
0.100951
0.100957
0.100957
0.10096
0.100963
0.100963
0.100964
0.100966
0.100967
0.100973
0.100976
0.100976
0.100977
0.100977
0.10098
0.100984
0.100994
0.100994
0.100996
0.100997
0.100997
0.10101
0.101017
0.101019
0.10102
0.101021
0.101023
0.101027
0.101033
0.101034
0.10104
0.101043
0.101043
0.101046
0.10105
0.10105
0.101053
0.101053
0.101054
0.101057
0.101057
0.101057
0.101057
0.10106
0.101064
0.101067
0.10107
0.101073
0.101076
0.101077
0.10108
0.101081
0.101096
0.101096
0.101104
0.101107
0.101113
0.101114
0.101117
0.10112
0.101123
0.101127
0.101127
0.101131
0.101133
0.101133
0.10114
0.101147
0.10115
0.101153
0.101153
0.101157
0.101157
0.101157
0.10116
0.10116
0.101163
0.101163
0.101167
0.10117
0.10117
0.10117
0.101173
0.101174
0.101176
0.101177
0.101183
0.10119
0.101191
0.101196
0.101197
0.1012
0.101203
0.101207
0.10121
0.101213
0.101213
0.101213
0.10122
0.101222
0.101222
0.101224
0.101227
0.101227
0.101227
0.10123
0.101237
0.101237
0.101243
0.101246
0.101247
0.101249
0.101257
0.101261
0.101267
0.101267
0.101268
0.10127
0.101274
0.101274
0.101277
0.101277
0.101277
0.101287
0.101293
0.101294
0.101298
0.101299
0.101307
0.10132
0.10132
0.10132
0.101323
0.101323
0.101323
0.101326
0.10133
0.101333
0.101334
0.101334
0.101335
0.101337
0.101337
0.10135
0.10135
0.101353
0.101354
0.101364
0.101367
0.101373
0.101373
0.10138
0.10139
0.10139
0.101393
0.101394
0.101397
0.101397
0.101397
0.1014
0.101403
0.101414
0.101416
0.10142
0.10142
0.10142
0.10142
0.101427
0.101427
0.101427
0.101428
0.101434
0.10144
0.101444
0.101446
0.101449
0.10145
0.101453
0.101453
0.101457
0.101458
0.101463
0.101464
0.101467
0.101467
0.10147
0.10147
0.10147
0.10147
0.101474
0.101477
0.101483
0.10149
0.101491
0.101495
0.1015
0.1015
0.101503
0.101504
0.101506
0.101506
0.101511
0.101514
0.101514
0.101516
0.101517
0.101517
0.101523
0.10153
0.101533
0.101536
0.101537
0.101537
0.10154
0.101546
0.101546
0.101547
0.101548
0.10155
0.10155
0.10155
0.101557
0.101557
0.10156
0.10156
0.10156
0.101564
0.10157
0.10157
0.101574
0.10158
0.10158
0.10158
0.10158
0.101587
0.101587
0.10159
0.101594
0.101597
0.101597
0.101597
0.1016
0.1016
0.101604
0.101604
0.101619
0.101624
0.101633
0.10164
0.10164
0.10164
0.101643
0.101644
0.101649
0.101651
0.101653
0.101653
0.101654
0.101657
0.101657
0.101657
0.10166
0.10166
0.10167
0.101673
0.101673
0.101674
0.101676
0.101677
0.10168
0.101683
0.101684
0.101697
0.101707
0.10171
0.101713
0.101713
0.101713
0.101717
0.101717
0.101717
0.101723
0.101727
0.101727
0.10173
0.10173
0.101732
0.101732
0.101733
0.101735
0.101737
0.101738
0.10174
0.10175
0.10176
0.10176
0.10176
0.101766
0.101767
0.101777
0.10178
0.10178
0.10179
0.101796
0.1018
0.101803
0.101804
0.101806
0.101806
0.10181
0.10181
0.101813
0.101813
0.101818
0.10182
0.10182
0.101826
0.101826
0.10183
0.101833
0.101834
0.101843
0.101846
0.101846
0.10185
0.10185
0.101854
0.10186
0.101864
0.101868
0.10187
0.10187
0.101874
0.10188
0.10188
0.101883
0.101884
0.101884
0.101886
0.101893
0.101897
0.101897
0.101906
0.10191
0.101913
0.101914
0.10192
0.101923
0.101923
0.10193
0.101933
0.101935
0.101937
0.101937
0.101943
0.101946
0.101947
0.101947
0.101948
0.101948
0.10195
0.10195
0.10195
0.101952
0.101954
0.101956
0.101956
0.101957
0.10196
0.101967
0.101973
0.101973
0.101974
0.101974
0.10198
0.101985
0.101987
0.101987
0.10199
0.101997
0.102
0.102003
0.102003
0.102006
0.102007
0.102007
0.102009
0.10201
0.102016
0.102016
0.10202
0.102021
0.102026
0.102027
0.10203
0.10203
0.102031
0.102034
0.102037
0.10205
0.102053
0.102053
0.102056
0.102057
0.102059
0.10206
0.102063
0.102065
0.10207
0.102077
0.10208
0.10208
0.10208
0.10209
0.10209
0.102092
0.102093
0.102096
0.102097
0.102098
0.1021
0.1021
0.102103
0.10211
0.102113
0.102114
0.102114
0.102117
0.10212
0.102124
0.102125
0.102127
0.102129
0.10213
0.102133
0.102136
0.102137
0.102142
0.102143
0.102144
0.102147
0.102147
0.10215
0.102151
0.102157
0.10216
0.102167
0.102167
0.102168
0.10217
0.102177
0.102177
0.10218
0.102184
0.102185
0.102186
0.102188
0.10219
0.10219
0.102193
0.102194
0.102194
0.102194
0.102197
0.102207
0.102213
0.102213
0.102217
0.102234
0.102236
0.102236
0.102237
0.102237
0.10224
0.102243
0.102243
0.102244
0.102249
0.102253
0.102254
0.102257
0.10226
0.102266
0.102267
0.102267
0.102273
0.102273
0.102274
0.102283
0.102286
0.102287
0.102293
0.102298
0.1023
0.102303
0.102306
0.102317
0.102317
0.10232
0.10232
0.102327
0.10233
0.102332
0.102333
0.102334
0.102337
0.10234
0.10234
0.102347
0.102353
0.102353
0.102353
0.102356
0.10236
0.10236
0.10237
0.102373
0.102373
0.102374
0.102377
0.10238
0.102386
0.102387
0.102393
0.102394
0.102396
0.1024
0.102403
0.102404
0.102404
0.102405
0.102407
0.10241
0.10241
0.102413
0.102417
0.10242
0.102423
0.102425
0.102427
0.102428
0.102433
0.102433
0.102434
0.102437
0.102443
0.102446
0.10245
0.10245
0.102452
0.102453
0.102454
0.102463
0.102464
0.10247
0.102473
0.102483
0.102483
0.102483
0.102484
0.10249
0.102497
0.1025
0.1025
0.102507
0.102507
0.102508
0.10251
0.102513
0.102514
0.102517
0.102517
0.102517
0.102523
0.102527
0.102527
0.10253
0.102531
0.102544
0.102547
0.10255
0.10255
0.102553
0.102554
0.102556
0.102557
0.102557
0.102557
0.10256
0.102567
0.102567
0.102567
0.10257
0.102573
0.102573
0.10258
0.102581
0.102587
0.10259
0.102593
0.102594
0.102603
0.102604
0.102606
0.102607
0.10261
0.102611
0.102613
0.10262
0.102623
0.102623
0.102624
0.102624
0.102627
0.10263
0.102633
0.102633
0.102636
0.102637
0.102653
0.102653
0.102654
0.102654
0.102656
0.10266
0.10266
0.102664
0.102666
0.102667
0.102667
0.102671
0.102677
0.10268
0.102696
0.1027
0.102703
0.102707
0.10271
0.10271
0.102717
0.102717
0.102721
0.102721
0.102721
0.102727
0.102728
0.10273
0.102744
0.102747
0.102747
0.102747
0.102753
0.102754
0.102763
0.10277
0.10277
0.102772
0.102776
0.102777
0.102779
0.102787
0.102794
0.102797
0.1028
0.102817
0.102817
0.102827
0.102827
0.10283
0.10283
0.102834
0.102837
0.10284
0.10284
0.102843
0.102846
0.102853
0.102854
0.10286
0.10286
0.102861
0.102862
0.102864
0.102864
0.102866
0.102867
0.102867
0.102867
0.102869
0.10287
0.102871
0.102877
0.102877
0.102883
0.102887
0.10289
0.10289
0.102891
0.102893
0.102893
0.102894
0.1029
0.102904
0.102905
0.102907
0.102908
0.10292
0.102923
0.102927
0.10293
0.102941
0.102943
0.10295
0.102954
0.102954
0.102954
0.102957
0.102957
0.102967
0.102973
0.102976
0.102976
0.102977
0.102977
0.10298
0.10298
0.10298
0.102981
0.102982
0.102982
0.102983
0.102987
0.102988
0.102996
0.102997
0.103
0.103003
0.103004
0.103007
0.103007
0.103007
0.10301
0.10301
0.103011
0.103013
0.103013
0.103016
0.103017
0.10302
0.10302
0.103023
0.10303
0.103033
0.103033
0.103033
0.103034
0.103034
0.103036
0.10304
0.10304
0.10304
0.103044
0.103054
0.103054
0.103057
0.103057
0.103059
0.103066
0.103067
0.103077
0.10308
0.103084
0.103084
0.103087
0.10309
0.103093
0.103094
0.103107
0.103113
0.103114
0.103114
0.103116
0.103117
0.103117
0.10312
0.10312
0.103123
0.103123
0.103123
0.103127
0.10313
0.10313
0.103133
0.103137
0.103137
0.103137
0.10314
0.10314
0.103143
0.103145
0.103147
0.103153
0.103157
0.10316
0.10316
0.10316
0.103166
0.103167
0.103173
0.103177
0.103177
0.103177
0.10318
0.103181
0.103183
0.103187
0.103187
0.103191
0.103196
0.103203
0.103204
0.103204
0.103207
0.10322
0.103224
0.103226
0.10323
0.103233
0.103237
0.10324
0.103243
0.103247
0.103254
0.103257
0.10326
0.103264
0.10327
0.10327
0.10327
0.103276
0.103276
0.10328
0.10328
0.10328
0.103283
0.103284
0.103293
0.103303
0.103304
0.103304
0.103306
0.103307
0.103307
0.103307
0.10331
0.10331
0.103313
0.103321
0.103323
0.103323
0.103327
0.10333
0.103334
0.103337
0.103338
0.10334
0.103347
0.103353
0.103354
0.103357
0.103367
0.103367
0.103373
0.103373
0.103374
0.103376
0.10338
0.103393
0.103393
0.103397
0.1034
0.1034
0.103403
0.103404
0.10341
0.10341
0.10341
0.10342
0.10342
0.103422
0.103433
0.103434
0.103434
0.103437
0.103437
0.103437
0.103443
0.103443
0.10345
0.103457
0.103457
0.10346
0.103466
0.103473
0.103476
0.103477
0.10348
0.103484
0.103487
0.10349
0.10349
0.103496
0.103497
0.103497
0.103503
0.103506
0.103506
0.103507
0.103507
0.103507
0.10351
0.103511
0.103513
0.103516
0.10352
0.10352
0.103523
0.103524
0.103526
0.103534
0.103537
0.103543
0.103544
0.103545
0.103547
0.103556
0.103573
0.103576
0.103577
0.10358
0.10358
0.103583
0.103587
0.103588
0.103589
0.10359
0.103594
0.103597
0.1036
0.103603
0.103603
0.10361
0.103613
0.10362
0.10362
0.10362
0.10362
0.10362
0.103622
0.103624
0.103627
0.10363
0.10363
0.103634
0.103636
0.103643
0.103656
0.103658
0.10366
0.103664
0.103666
0.103667
0.103667
0.103677
0.10369
0.103697
0.1037
0.103701
0.103704
0.103704
0.10371
0.10371
0.103713
0.103716
0.103717
0.10372
0.103727
0.103727
0.103727
0.103729
0.103733
0.103734
0.103736
0.103743
0.103743
0.103743
0.103744
0.103746
0.103747
0.103747
0.103751
0.103753
0.103756
0.103757
0.10376
0.103763
0.103763
0.103766
0.10377
0.103776
0.10378
0.10378
0.103787
0.10379
0.103796
0.103796
0.1038
0.10381
0.103821
0.103823
0.103828
0.10383
0.103834
0.103843
0.103851
0.103857
0.103857
0.10386
0.103864
0.103864
0.103867
0.103867
0.103871
0.10388
0.103887
0.103893
0.103893
0.103897
0.103897
0.1039
0.1039
0.10391
0.10391
0.103913
0.103914
0.103917
0.103917
0.103917
0.10392
0.103921
0.103922
0.103923
0.103923
0.103924
0.10393
0.10393
0.103937
0.10394
0.10394
0.103943
0.103946
0.10395
0.103951
0.103953
0.103954
0.103957
0.103957
0.103957
0.10396
0.10397
0.10397
0.103973
0.103976
0.103976
0.103977
0.103979
0.10398
0.10398
0.103987
0.103988
0.103991
0.103994
0.103996
0.104
0.104
0.104003
0.104004
0.104004
0.104007
0.104017
0.104018
0.104023
0.104024
0.104027
0.104036
0.104036
0.104036
0.104036
0.104037
0.104043
0.104043
0.104044
0.104055
0.104057
0.104058
0.10406
0.104062
0.104064
0.10407
0.10407
0.10407
0.10407
0.104071
0.104071
0.104073
0.104077
0.104077
0.10408
0.104084
0.104084
0.104087
0.10409
0.104096
0.104096
0.104096
0.104097
0.1041
0.1041
0.1041
0.104106
0.104107
0.10411
0.104113
0.104114
0.104114
0.104114
0.10412
0.104123
0.104124
0.104129
0.104131
0.104133
0.104133
0.104134
0.104135
0.104143
0.104147
0.104151
0.104154
0.104156
0.104156
0.104157
0.104157
0.104157
0.104166
0.104167
0.10417
0.104173
0.104173
0.104174
0.104174
0.104174
0.104184
0.104187
0.104191
0.104197
0.1042
0.1042
0.104203
0.10421
0.10421
0.104221
0.104223
0.104227
0.104227
0.10423
0.104231
0.104236
0.104237
0.10424
0.104241
0.104243
0.104244
0.104244
0.104244
0.10425
0.104253
0.104254
0.104254
0.10426
0.104263
0.104265
0.104267
0.104267
0.10427
0.104271
0.104272
0.104273
0.104273
0.104277
0.10428
0.104283
0.104287
0.10429
0.104293
0.104295
0.104296
0.1043
0.104306
0.10431
0.10431
0.104314
0.10432
0.10432
0.104321
0.104323
0.104329
0.10433
0.10433
0.104333
0.10434
0.10434
0.104343
0.104347
0.104348
0.10435
0.104351
0.104353
0.10436
0.10436
0.104363
0.104368
0.10437
0.104373
0.104377
0.10438
0.10438
0.104387
0.10439
0.104397
0.104397
0.1044
0.104403
0.104407
0.10441
0.104413
0.104423
0.104427
0.10443
0.10443
0.10443
0.10444
0.10444
0.10444
0.104443
0.104443
0.104447
0.104451
0.104452
0.104457
0.104457
0.104458
0.104463
0.104464
0.104464
0.10447
0.104474
0.10448
0.10448
0.104483
0.104484
0.10449
0.10449
0.10449
0.104492
0.104494
0.104497
0.1045
0.1045
0.104503
0.104513
0.104514
0.104521
0.104523
0.104523
0.104527
0.104527
0.10453
0.10453
0.10453
0.104531
0.104536
0.104537
0.104541
0.104543
0.104544
0.10455
0.104553
0.104557
0.104557
0.104573
0.104573
0.104575
0.104577
0.104587
0.104588
0.10459
0.104597
0.1046
0.104603
0.10461
0.10461
0.10461
0.104613
0.104613
0.10462
0.104621
0.104623
0.104627
0.10463
0.104631
0.104633
0.104634
0.10464
0.104643
0.104647
0.10465
0.104651
0.104654
0.104654
0.104668
0.104676
0.104677
0.10468
0.10469
0.104693
0.1047
0.104704
0.104707
0.104707
0.104707
0.10471
0.10471
0.10471
0.104711
0.104713
0.104714
0.104714
0.10472
0.10472
0.104723
0.104727
0.104733
0.104737
0.104739
0.104744
0.104746
0.104748
0.10475
0.104754
0.104767
0.10477
0.104777
0.104781
0.104783
0.104786
0.10479
0.104793
0.104803
0.104807
0.10481
0.104813
0.104814
0.104819
0.104826
0.104827
0.104827
0.104827
0.104827
0.10483
0.104833
0.104834
0.104837
0.10484
0.104854
0.104856
0.104862
0.104864
0.10487
0.104873
0.104874
0.104877
0.104881
0.104887
0.104887
0.104887
0.104897
0.1049
0.104904
0.104907
0.104914
0.10492
0.10492
0.104923
0.104923
0.104927
0.104933
0.10494
0.104942
0.104946
0.104947
0.104947
0.104947
0.10495
0.104953
0.104957
0.10496
0.10496
0.104963
0.104967
0.104971
0.104973
0.104973
0.104973
0.104977
0.10498
0.10498
0.104985
0.104987
0.104987
0.10499
0.104997
0.105003
0.105006
0.105007
0.105009
0.10501
0.10501
0.10501
0.105014
0.105016
0.105017
0.10502
0.105024
0.105026
0.10503
0.10503
0.10504
0.105043
0.105044
0.105047
0.105053
0.105058
0.10506
0.10506
0.105061
0.105063
0.105063
0.105066
0.105067
0.10507
0.10507
0.105074
0.105077
0.105077
0.10508
0.105083
0.105096
0.1051
0.105106
0.105107
0.105116
0.105117
0.105117
0.105126
0.105127
0.10513
0.105133
0.105133
0.105136
0.105137
0.105137
0.105146
0.105146
0.105146
0.105169
0.10517
0.105173
0.105173
0.105174
0.105178
0.10518
0.10518
0.10518
0.10518
0.105181
0.105185
0.105186
0.105187
0.105187
0.105209
0.10521
0.105214
0.105214
0.105217
0.10522
0.105231
0.105234
0.10524
0.10524
0.10524
0.105243
0.105253
0.105253
0.10526
0.10526
0.105261
0.105261
0.105263
0.10527
0.105277
0.10528
0.10529
0.10529
0.105291
0.105292
0.105297
0.105304
0.105305
0.105307
0.10531
0.105311
0.105313
0.105317
0.10532
0.105322
0.105323
0.105323
0.105323
0.105323
0.10533
0.10533
0.105334
0.105334
0.105336
0.105337
0.105341
0.105347
0.105353
0.105355
0.10536
0.105365
0.105367
0.105369
0.10537
0.10537
0.105373
0.105373
0.105377
0.10538
0.10538
0.105383
0.105387
0.10539
0.105393
0.105401
0.105407
0.105407
0.10541
0.10541
0.105413
0.105427
0.105431
0.105434
0.105437
0.105437
0.10544
0.105447
0.105447
0.10545
0.10546
0.105463
0.105473
0.105474
0.105474
0.10548
0.10548
0.105484
0.105487
0.10549
0.105496
0.105498
0.105501
0.105504
0.105507
0.105507
0.10551
0.10551
0.105521
0.105523
0.105524
0.10553
0.10553
0.105533
0.105533
0.105538
0.105546
0.105557
0.10556
0.105561
0.105563
0.105567
0.10557
0.105573
0.105574
0.105576
0.10558
0.105583
0.105586
0.105587
0.10559
0.105597
0.105603
0.105611
0.105613
0.105614
0.105617
0.105624
0.105628
0.10563
0.10563
0.10563
0.105633
0.105637
0.105637
0.10564
0.105643
0.105647
0.10565
0.105653
0.105653
0.105653
0.105656
0.10566
0.10566
0.105664
0.105667
0.10567
0.10567
0.105674
0.105683
0.105687
0.10569
0.105692
0.105699
0.1057
0.1057
0.105702
0.10571
0.10571
0.105713
0.105713
0.105723
0.105724
0.105727
0.105733
0.105737
0.10575
0.10575
0.105752
0.105756
0.10576
0.10576
0.105764
0.10577
0.10577
0.10577
0.105771
0.105773
0.105777
0.105779
0.105783
0.105784
0.105784
0.105791
0.105793
0.105796
0.105797
0.105797
0.105801
0.105803
0.105807
0.10581
0.105813
0.105813
0.105818
0.105822
0.105824
0.105826
0.105827
0.10583
0.105847
0.105854
0.105857
0.105857
0.10586
0.105867
0.10587
0.10587
0.10588
0.10588
0.105884
0.105893
0.105893
0.105897
0.105897
0.1059
0.1059
0.105905
0.105907
0.10591
0.10591
0.10592
0.105921
0.10593
0.105934
0.105943
0.105944
0.105954
0.105956
0.105956
0.105957
0.10596
0.105964
0.10597
0.105973
0.105973
0.105974
0.105977
0.105983
0.105984
0.105984
0.105987
0.10599
0.105993
0.105993
0.105996
0.105997
0.106
0.106007
0.106014
0.106014
0.106017
0.106017
0.106021
0.106033
0.106033
0.106033
0.106034
0.106034
0.106037
0.106037
0.106046
0.106047
0.106047
0.10605
0.10605
0.106053
0.106063
0.106064
0.106066
0.106067
0.10607
0.106071
0.10608
0.10608
0.106083
0.106087
0.10609
0.10609
0.106093
0.106096
0.1061
0.1061
0.106104
0.106107
0.106108
0.10611
0.10611
0.106117
0.106117
0.106126
0.106127
0.10613
0.10613
0.10613
0.106133
0.106143
0.106144
0.106147
0.106147
0.106147
0.106153
0.106154
0.10616
0.106163
0.106168
0.106168
0.10617
0.106173
0.106174
0.106174
0.106176
0.106177
0.106177
0.10618
0.106184
0.106184
0.106187
0.106187
0.10619
0.106191
0.106193
0.106194
0.1062
0.106203
0.106203
0.106206
0.106207
0.106207
0.10621
0.10621
0.10621
0.10621
0.10621
0.106212
0.106213
0.106213
0.106213
0.106217
0.106217
0.10622
0.10622
0.106227
0.106227
0.10623
0.10623
0.106231
0.106234
0.106237
0.10624
0.106244
0.106246
0.106247
0.106247
0.106247
0.106247
0.106254
0.106256
0.106257
0.10626
0.106264
0.106267
0.106267
0.106273
0.106274
0.106274
0.106281
0.106283
0.106284
0.106286
0.106293
0.106301
0.10631
0.106314
0.106316
0.106317
0.106327
0.106327
0.106327
0.10633
0.10633
0.106334
0.106336
0.106337
0.10634
0.106342
0.106347
0.10635
0.10635
0.106351
0.106351
0.106361
0.106363
0.106364
0.106366
0.106367
0.106367
0.106373
0.106376
0.106383
0.106383
0.106384
0.10639
0.10639
0.106396
0.1064
0.106402
0.106407
0.106413
0.106416
0.106417
0.106417
0.106418
0.10642
0.106423
0.106424
0.106424
0.106427
0.10643
0.106437
0.106437
0.10644
0.106443
0.106443
0.106444
0.106446
0.106447
0.106453
0.106453
0.106455
0.10646
0.106467
0.106467
0.106473
0.106474
0.106476
0.10648
0.106484
0.10649
0.10649
0.106496
0.106497
0.106497
0.1065
0.106503
0.106504
0.106507
0.106507
0.106514
0.10652
0.10652
0.106524
0.106533
0.106534
0.106534
0.106537
0.106537
0.106539
0.10654
0.106543
0.106547
0.106547
0.106547
0.106547
0.106547
0.10655
0.106551
0.106556
0.106557
0.10656
0.106561
0.106563
0.106563
0.106563
0.106564
0.10657
0.10657
0.10658
0.10658
0.106581
0.106583
0.106587
0.106587
0.106588
0.10659
0.106597
0.106603
0.106603
0.106604
0.10661
0.106612
0.106614
0.106614
0.106614
0.10662
0.106624
0.106627
0.106628
0.106637
0.106637
0.10664
0.106643
0.106644
0.106644
0.106647
0.106647
0.10665
0.10665
0.106652
0.106653
0.106654
0.106663
0.106663
0.106664
0.106667
0.106667
0.106673
0.106677
0.106684
0.106684
0.106684
0.106687
0.106687
0.106694
0.106697
0.106697
0.106697
0.1067
0.106703
0.106707
0.10671
0.10671
0.106711
0.10672
0.10672
0.10672
0.106723
0.106723
0.106724
0.106727
0.106727
0.106727
0.106729
0.106733
0.106737
0.106737
0.10674
0.10674
0.10674
0.106743
0.106747
0.106754
0.106763
0.106766
0.106767
0.10677
0.106772
0.106774
0.106776
0.106777
0.106777
0.10678
0.10678
0.10678
0.106781
0.106783
0.106784
0.106787
0.106788
0.10679
0.10679
0.106791
0.106793
0.106794
0.106803
0.106807
0.106809
0.10681
0.106811
0.106817
0.10682
0.106824
0.10683
0.106833
0.106833
0.106836
0.106843
0.106846
0.10685
0.10686
0.106861
0.106864
0.106864
0.106867
0.106869
0.106871
0.106873
0.106874
0.106877
0.106887
0.106887
0.10689
0.106893
0.106893
0.106893
0.106894
0.106894
0.106896
0.1069
0.1069
0.1069
0.106903
0.106907
0.10691
0.10691
0.106913
0.106913
0.106914
0.106917
0.106927
0.106936
0.106937
0.10694
0.10694
0.10694
0.106947
0.106947
0.10695
0.106964
0.106969
0.10697
0.10697
0.10697
0.10697
0.106976
0.106977
0.106977
0.106984
0.106984
0.106988
0.10699
0.106993
0.106993
0.106993
0.106997
0.106997
0.107
0.107
0.107
0.107003
0.107003
0.107018
0.107024
0.107024
0.107025
0.107027
0.107034
0.107043
0.107043
0.107047
0.107047
0.107047
0.10705
0.107056
0.107057
0.107057
0.107067
0.107073
0.107077
0.107084
0.10709
0.107094
0.107104
0.107107
0.107107
0.107107
0.107111
0.107113
0.107116
0.107116
0.107117
0.10712
0.107123
0.107123
0.10713
0.10714
0.107143
0.107153
0.10716
0.10716
0.107163
0.107163
0.107166
0.107166
0.107167
0.10717
0.10717
0.10718
0.107183
0.107183
0.107183
0.107183
0.107187
0.107187
0.10719
0.107194
0.107196
0.107197
0.107198
0.1072
0.1072
0.107201
0.107203
0.107204
0.107206
0.107207
0.107217
0.107217
0.107223
0.107224
0.10723
0.10723
0.107231
0.107233
0.107237
0.107244
0.107253
0.107254
0.107255
0.10726
0.107263
0.107263
0.107264
0.107273
0.107274
0.107277
0.107277
0.10728
0.10728
0.107287
0.10729
0.107294
0.107297
0.107304
0.107307
0.107313
0.107316
0.107323
0.107326
0.107327
0.107327
0.107331
0.107334
0.107336
0.10734
0.10735
0.107357
0.107358
0.10736
0.10736
0.10736
0.10737
0.107373
0.107397
0.107397
0.107407
0.107407
0.107407
0.107409
0.107411
0.107413
0.107413
0.107416
0.107417
0.10742
0.10742
0.10742
0.107423
0.107423
0.107423
0.107427
0.10743
0.10743
0.10743
0.107434
0.107436
0.107443
0.107453
0.107457
0.107462
0.107463
0.107464
0.107467
0.10747
0.107473
0.107474
0.10748
0.107484
0.107484
0.107487
0.107487
0.10749
0.107493
0.107494
0.107496
0.107497
0.107504
0.107504
0.107507
0.107508
0.10751
0.107514
0.107514
0.107517
0.107521
0.107521
0.107524
0.107524
0.107526
0.107526
0.107527
0.107533
0.107537
0.10754
0.107545
0.10755
0.107557
0.10756
0.10756
0.107563
0.107567
0.10757
0.107573
0.107574
0.107574
0.107576
0.107576
0.107577
0.107587
0.107593
0.107597
0.107597
0.107604
0.107604
0.10761
0.107611
0.107613
0.107616
0.107626
0.10763
0.107633
0.107637
0.107637
0.107637
0.10764
0.10764
0.107641
0.107646
0.107647
0.10765
0.107657
0.107657
0.10766
0.107667
0.107667
0.107667
0.107667
0.107673
0.107674
0.107677
0.107677
0.107686
0.107687
0.10769
0.10769
0.107693
0.107694
0.107696
0.107706
0.10771
0.107713
0.107714
0.107716
0.107717
0.107717
0.107717
0.10772
0.107723
0.107727
0.10773
0.107733
0.107734
0.107737
0.10774
0.107743
0.107744
0.107753
0.107753
0.10776
0.107761
0.107763
0.107764
0.10777
0.107774
0.107774
0.107776
0.10778
0.107787
0.10779
0.10779
0.10779
0.107793
0.107794
0.1078
0.1078
0.107803
0.107803
0.107803
0.107804
0.107806
0.107808
0.107813
0.107813
0.107816
0.10782
0.10782
0.10782
0.107823
0.107824
0.107824
0.10783
0.10783
0.107834
0.107837
0.107846
0.107851
0.107856
0.107856
0.10787
0.107873
0.107873
0.107876
0.107876
0.107877
0.10788
0.107884
0.107886
0.107886
0.10789
0.10789
0.10789
0.10789
0.107893
0.107897
0.1079
0.1079
0.107903
0.10791
0.107917
0.107917
0.107917
0.107917
0.10792
0.10792
0.107924
0.107926
0.107927
0.107927
0.107929
0.107933
0.107933
0.107933
0.107934
0.10794
0.10794
0.107943
0.107945
0.107948
0.10795
0.10795
0.10795
0.107956
0.107957
0.107957
0.10796
0.107963
0.107969
0.10797
0.107977
0.107977
0.10798
0.107983
0.107994
0.107997
0.108007
0.108013
0.108017
0.108018
0.108023
0.108026
0.108027
0.10803
0.108033
0.108034
0.108037
0.108043
0.108047
0.10805
0.10805
0.108056
0.108062
0.108065
0.10807
0.10807
0.108076
0.108084
0.108094
0.108097
0.108098
0.108098
0.108103
0.108103
0.108103
0.108113
0.108117
0.108117
0.10813
0.108143
0.10815
0.108151
0.108157
0.10816
0.10816
0.108169
0.10817
0.108173
0.108174
0.108174
0.108177
0.108177
0.10818
0.10818
0.108183
0.108188
0.108193
0.108203
0.108203
0.108207
0.108213
0.108217
0.108217
0.10822
0.108223
0.10823
0.10823
0.108237
0.10824
0.10824
0.108243
0.108247
0.108267
0.108267
0.10828
0.108283
0.108283
0.108287
0.108287
0.108287
0.10829
0.108297
0.108307
0.108307
0.108317
0.108323
0.108327
0.10833
0.10833
0.108334
0.108334
0.108336
0.108337
0.108343
0.108353
0.108354
0.108357
0.108357
0.10836
0.108363
0.108363
0.108367
0.108367
0.108367
0.10837
0.108376
0.10838
0.108384
0.108387
0.10839
0.108394
0.1084
0.108401
0.108406
0.108413
0.108416
0.108417
0.108417
0.108425
0.10843
0.108434
0.108434
0.108447
0.108449
0.10845
0.108453
0.108457
0.10846
0.10846
0.10846
0.108467
0.108467
0.10847
0.108473
0.108476
0.10848
0.10848
0.108483
0.108497
0.1085
0.1085
0.108503
0.108507
0.108511
0.108517
0.108517
0.10852
0.108527
0.108529
0.10853
0.108534
0.108537
0.108538
0.108539
0.10854
0.108547
0.108547
0.108547
0.10855
0.108554
0.108554
0.108554
0.108556
0.108556
0.108557
0.10856
0.108563
0.108567
0.10857
0.108571
0.108573
0.108573
0.108574
0.10858
0.108583
0.108593
0.108596
0.108597
0.108597
0.10861
0.108613
0.108617
0.108618
0.10862
0.10862
0.108621
0.108623
0.108626
0.108626
0.108633
0.108634
0.108634
0.108637
0.108637
0.10864
0.10865
0.10865
0.108653
0.10866
0.10866
0.108664
0.108667
0.108667
0.108674
0.10868
0.108686
0.108692
0.108704
0.10871
0.108714
0.10872
0.108724
0.108726
0.108727
0.108727
0.10873
0.108733
0.10874
0.10874
0.108741
0.108743
0.108743
0.10876
0.108769
0.10877
0.108772
0.108774
0.10878
0.108783
0.108793
0.108793
0.108793
0.108796
0.108796
0.1088
0.10881
0.10882
0.108823
0.108824
0.10885
0.108855
0.108867
0.108867
0.10887
0.108873
0.10888
0.10888
0.108884
0.108887
0.108891
0.108894
0.108897
0.1089
0.1089
0.10891
0.108913
0.108914
0.108923
0.108923
0.108924
0.10893
0.108933
0.108934
0.108934
0.10894
0.10894
0.108943
0.108947
0.10895
0.108953
0.108957
0.108963
0.108981
0.108987
0.108993
0.108994
0.108994
0.108997
0.108997
0.109
0.109003
0.10901
0.109017
0.109017
0.109023
0.109023
0.109028
0.109028
0.109033
0.109034
0.109037
0.10904
0.109044
0.109044
0.109047
0.109053
0.109054
0.109064
0.109066
0.10907
0.109071
0.109073
0.109074
0.109077
0.109077
0.109081
0.109084
0.10909
0.109093
0.109096
0.109096
0.109099
0.1091
0.1091
0.109107
0.10911
0.109117
0.109117
0.109117
0.109117
0.10912
0.10913
0.109133
0.109135
0.10914
0.109144
0.109153
0.10916
0.109163
0.109167
0.109174
0.109176
0.10918
0.109182
0.109184
0.109184
0.109187
0.10919
0.10919
0.109193
0.109196
0.109197
0.1092
0.109207
0.109207
0.109214
0.10922
0.10922
0.10922
0.109221
0.109224
0.109227
0.109227
0.109234
0.109236
0.10924
0.10924
0.109243
0.109244
0.109247
0.109256
0.109263
0.109268
0.10927
0.10927
0.109274
0.109277
0.10928
0.109284
0.109287
0.109287
0.109291
0.109293
0.109293
0.109302
0.109311
0.109313
0.109314
0.109324
0.109326
0.109327
0.109337
0.109337
0.109343
0.10936
0.10936
0.109364
0.109366
0.109377
0.109382
0.109387
0.10939
0.109391
0.109393
0.109393
0.109394
0.1094
0.1094
0.10941
0.109414
0.10942
0.109433
0.109443
0.109453
0.109454
0.109464
0.10947
0.10947
0.10947
0.109484
0.109484
0.109487
0.109487
0.10949
0.10949
0.1095
0.109513
0.109513
0.109517
0.10952
0.10952
0.109521
0.109523
0.109523
0.109526
0.109527
0.10953
0.109533
0.109534
0.10954
0.10954
0.109547
0.109547
0.109552
0.109553
0.10956
0.109564
0.109571
0.10958
0.10958
0.109584
0.10959
0.10959
0.109597
0.109597
0.109609
0.10961
0.109617
0.109624
0.109627
0.109627
0.109649
0.10965
0.109657
0.109657
0.109663
0.109667
0.10967
0.109683
0.109694
0.109697
0.109703
0.109704
0.109707
0.10971
0.109713
0.109714
0.109714
0.109714
0.10972
0.10972
0.10972
0.10972
0.109737
0.109744
0.10975
0.10975
0.10976
0.10976
0.109763
0.109764
0.109766
0.109767
0.10977
0.109777
0.109777
0.109777
0.10978
0.10978
0.10978
0.109783
0.10979
0.10979
0.10979
0.109797
0.109797
0.1098
0.1098
0.109803
0.109804
0.10982
0.109824
0.109833
0.109837
0.10984
0.10984
0.10985
0.109858
0.109859
0.109867
0.109868
0.109873
0.109877
0.109877
0.10988
0.109883
0.10989
0.10989
0.109893
0.109897
0.1099
0.1099
0.109905
0.109913
0.109917
0.109917
0.10992
0.10992
0.109923
0.10993
0.10993
0.109934
0.109937
0.109937
0.10994
0.109943
0.109953
0.109957
0.109963
0.109964
0.109981
0.10999
0.10999
0.10999
0.109994
0.109997
0.110007
0.11001
0.110011
0.110015
0.110017
0.11002
0.11002
0.110023
0.110024
0.110026
0.110027
0.11003
0.11003
0.11003
0.11003
0.11003
0.110033
0.110037
0.110037
0.11004
0.110043
0.110044
0.110047
0.110047
0.11005
0.110057
0.110063
0.110068
0.110074
0.110074
0.110076
0.110077
0.110084
0.11009
0.110096
0.110104
0.110107
0.110107
0.110117
0.110117
0.11012
0.110123
0.110123
0.11013
0.110138
0.110163
0.110164
0.110167
0.110187
0.11019
0.11019
0.110196
0.110197
0.110211
0.110214
0.110217
0.110224
0.110226
0.11023
0.110233
0.110233
0.110236
0.11024
0.110244
0.110246
0.110246
0.110247
0.11025
0.11025
0.110253
0.11026
0.110264
0.110267
0.11027
0.11027
0.11027
0.11027
0.110274
0.11028
0.11028
0.110287
0.110294
0.110294
0.110297
0.110297
0.110307
0.110313
0.110327
0.11033
0.110333
0.110344
0.110346
0.110353
0.11036
0.110363
0.11037
0.11037
0.110377
0.11038
0.11039
0.110394
0.110397
0.11041
0.110417
0.110423
0.110424
0.110427
0.110434
0.110437
0.11044
0.11044
0.11044
0.11044
0.11046
0.110467
0.110474
0.110474
0.110474
0.110474
0.11048
0.110483
0.110484
0.11049
0.1105
0.110503
0.110503
0.110514
0.110526
0.110527
0.11053
0.110537
0.11054
0.110544
0.110547
0.110547
0.110563
0.110566
0.110567
0.110576
0.110583
0.110583
0.110583
0.110584
0.110587
0.1106
0.110603
0.110606
0.110614
0.110624
0.110625
0.110634
0.110637
0.11064
0.110643
0.110643
0.110644
0.110644
0.11065
0.110655
0.110656
0.110673
0.110684
0.110684
0.110686
0.11069
0.110693
0.110693
0.1107
0.1107
0.110707
0.110714
0.110716
0.110717
0.110727
0.110737
0.110737
0.110747
0.110753
0.110754
0.110757
0.11076
0.110767
0.110773
0.110784
0.11079
0.11079
0.110794
0.1108
0.110804
0.110807
0.110814
0.110817
0.110817
0.110817
0.110824
0.110827
0.110833
0.110834
0.110837
0.110838
0.11084
0.110858
0.11086
0.11086
0.110867
0.110874
0.110877
0.110881
0.110884
0.110893
0.110894
0.110897
0.110899
0.110901
0.110907
0.11091
0.11091
0.110911
0.110923
0.110923
0.11093
0.110939
0.11094
0.110944
0.110945
0.11095
0.11095
0.110953
0.110954
0.110957
0.11096
0.110961
0.11097
0.11097
0.110976
0.110977
0.110977
0.110986
0.110987
0.11099
0.110997
0.110998
0.111004
0.11101
0.111014
0.111017
0.11103
0.111041
0.111041
0.111043
0.111046
0.111046
0.111047
0.11106
0.111077
0.111077
0.11108
0.111083
0.11109
0.111093
0.111094
0.111102
0.111106
0.11111
0.111116
0.111117
0.11112
0.111127
0.11114
0.111151
0.111153
0.111163
0.111164
0.111167
0.111171
0.111174
0.11118
0.11119
0.111195
0.111203
0.111204
0.111207
0.11121
0.11121
0.111214
0.111216
0.111216
0.111217
0.111227
0.111227
0.111243
0.111244
0.11125
0.111253
0.111254
0.111283
0.1113
0.111307
0.11131
0.111313
0.111316
0.111323
0.111324
0.11133
0.111336
0.111337
0.111348
0.111353
0.111357
0.11138
0.111383
0.111383
0.11139
0.111413
0.111414
0.111426
0.11143
0.111431
0.111433
0.111437
0.111443
0.111443
0.111444
0.11147
0.111473
0.111474
0.111478
0.11148
0.11148
0.11148
0.111486
0.11149
0.11149
0.111496
0.111505
0.11151
0.11151
0.111517
0.11152
0.111523
0.11153
0.11153
0.111534
0.111537
0.11154
0.111543
0.111544
0.111556
0.111556
0.11156
0.11156
0.111564
0.111566
0.11157
0.11157
0.111574
0.11159
0.111597
0.111607
0.111607
0.11161
0.111613
0.111613
0.111614
0.111617
0.111627
0.11163
0.11163
0.111633
0.111644
0.111644
0.111654
0.111673
0.111683
0.111686
0.111687
0.11169
0.11169
0.11169
0.111697
0.111703
0.111703
0.111704
0.111717
0.11172
0.111723
0.111731
0.11174
0.111747
0.111748
0.111753
0.111761
0.111763
0.111763
0.11177
0.111773
0.111776
0.111777
0.11178
0.111783
0.111783
0.111783
0.111797
0.111804
0.111813
0.11182
0.111824
0.111827
0.11183
0.111837
0.111837
0.111837
0.111843
0.111847
0.11185
0.111853
0.111853
0.111856
0.111863
0.11187
0.11187
0.111874
0.11188
0.111891
0.111896
0.111906
0.111907
0.111911
0.111914
0.111916
0.111917
0.11192
0.11192
0.111923
0.111927
0.111927
0.111935
0.111944
0.11195
0.11195
0.11196
0.111968
0.11197
0.111973
0.111977
0.11198
0.11198
0.111985
0.111986
0.111987
0.111993
0.111994
0.111997
0.112
0.112017
0.112027
0.112027
0.11203
0.112034
0.112046
0.112047
0.11205
0.11205
0.112057
0.112066
0.112067
0.112073
0.112074
0.112077
0.112083
0.11209
0.112093
0.112097
0.11211
0.112114
0.11213
0.112137
0.112147
0.112148
0.112156
0.112161
0.112174
0.11219
0.11219
0.112197
0.112204
0.112204
0.112207
0.11222
0.11222
0.112222
0.112223
0.112237
0.112243
0.112253
0.112254
0.112276
0.112281
0.112284
0.11229
0.112294
0.1123
0.11231
0.112313
0.11232
0.11233
0.112337
0.11234
0.11234
0.112344
0.11236
0.112367
0.112374
0.112377
0.11238
0.11238
0.112393
0.112396
0.112396
0.112401
0.112406
0.11241
0.112413
0.112417
0.11242
0.112431
0.112434
0.112444
0.112454
0.112457
0.112457
0.11246
0.11246
0.112464
0.11247
0.112477
0.112477
0.112483
0.112483
0.112484
0.112487
0.112487
0.112494
0.112499
0.112503
0.112503
0.112506
0.11251
0.11253
0.11253
0.11253
0.112544
0.11255
0.112563
0.112567
0.112574
0.112574
0.112577
0.112584
0.112587
0.112587
0.112593
0.1126
0.112604
0.112606
0.112624
0.112624
0.11263
0.112634
0.112637
0.112643
0.112643
0.112644
0.112646
0.11265
0.112663
0.112667
0.11268
0.112687
0.11269
0.11269
0.11269
0.112701
0.11271
0.11271
0.11272
0.112726
0.112727
0.11275
0.112754
0.11276
0.11276
0.112777
0.112786
0.112788
0.112797
0.1128
0.112807
0.112813
0.112816
0.112817
0.112817
0.11282
0.112823
0.112823
0.112824
0.11283
0.11283
0.11283
0.11283
0.112831
0.11284
0.112847
0.11285
0.112856
0.112857
0.112862
0.112867
0.11287
0.11287
0.11287
0.112874
0.112886
0.112886
0.112893
0.112913
0.112914
0.112914
0.112914
0.112917
0.11292
0.112923
0.112926
0.112936
0.11294
0.11294
0.112945
0.112951
0.11296
0.112977
0.112984
0.112994
0.113013
0.113013
0.11302
0.113023
0.113024
0.113027
0.113034
0.113034
0.113043
0.113047
0.113057
0.113057
0.113067
0.11308
0.1131
0.1131
0.113103
0.113114
0.113117
0.113127
0.11313
0.113147
0.113157
0.11317
0.113174
0.113187
0.11319
0.1132
0.1132
0.1132
0.113213
0.113214
0.113214
0.113217
0.11322
0.113223
0.113243
0.11325
0.113261
0.113273
0.11328
0.113284
0.113287
0.113287
0.113299
0.113307
0.11332
0.113323
0.113326
0.113326
0.11333
0.11334
0.11334
0.113347
0.11335
0.113357
0.113364
0.113367
0.113367
0.11338
0.113383
0.113384
0.11339
0.11341
0.113417
0.113424
0.113447
0.113453
0.113467
0.113474
0.113487
0.113504
0.113504
0.113517
0.113517
0.113538
0.113564
0.113567
0.11357
0.113573
0.113581
0.113584
0.113586
0.113587
0.113593
0.113594
0.113606
0.113617
0.113624
0.113637
0.11364
0.113644
0.11365
0.11365
0.113654
0.113656
0.11366
0.113673
0.113694
0.113704
0.11371
0.11371
0.113713
0.11373
0.113731
0.11374
0.113757
0.11376
0.113787
0.11379
0.113791
0.113793
0.113794
0.113797
0.113807
0.113807
0.113817
0.113824
0.113827
0.113833
0.113843
0.113847
0.11385
0.113853
0.113857
0.113883
0.113887
0.113887
0.11389
0.113904
0.113905
0.113908
0.11391
0.11391
0.113914
0.11393
0.113937
0.113937
0.113943
0.113954
0.113954
0.113963
0.113967
0.113984
0.113987
0.11399
0.114004
0.114009
0.114019
0.11403
0.114037
0.114043
0.114044
0.114046
0.11405
0.11405
0.11406
0.114074
0.114077
0.114087
0.114097
0.11411
0.11411
0.114113
0.114121
0.114127
0.11414
0.114148
0.11415
0.114166
0.114167
0.114183
0.11419
0.114191
0.114197
0.11421
0.11421
0.114216
0.114217
0.114222
0.11423
0.11423
0.11424
0.11424
0.114244
0.114252
0.114253
0.114253
0.11428
0.11428
0.114293
0.114297
0.114301
0.114303
0.114303
0.114304
0.114307
0.114317
0.114317
0.11433
0.11434
0.114341
0.114342
0.114353
0.11436
0.114363
0.114367
0.11437
0.114373
0.114374
0.11438
0.114384
0.114387
0.114397
0.1144
0.1144
0.114407
0.114407
0.114416
0.11442
0.11444
0.114447
0.114456
0.11446
0.11447
0.114473
0.114474
0.114484
0.114487
0.114501
0.114504
0.114507
0.11451
0.11451
0.114517
0.11452
0.114524
0.114526
0.114531
0.114534
0.114543
0.11455
0.11455
0.11455
0.114557
0.114567
0.114574
0.114588
0.114613
0.11462
0.114627
0.11463
0.11465
0.114656
0.114663
0.114667
0.114673
0.114684
0.11469
0.11469
0.114696
0.1147
0.114724
0.11473
0.11473
0.114756
0.11476
0.11477
0.11478
0.11478
0.114787
0.114793
0.1148
0.114814
0.114823
0.114828
0.114836
0.11484
0.114848
0.114853
0.114854
0.11486
0.114863
0.114867
0.114873
0.114881
0.114887
0.11489
0.114891
0.114896
0.114897
0.1149
0.114907
0.114917
0.114934
0.114943
0.114946
0.114957
0.114964
0.114974
0.11498
0.114987
0.11499
0.114994
0.115003
0.115007
0.11501
0.11502
0.11502
0.115024
0.11503
0.115057
0.115061
0.115062
0.115067
0.11507
0.115103
0.115106
0.115107
0.115108
0.115114
0.115124
0.115124
0.115127
0.115133
0.115137
0.115147
0.115153
0.11516
0.115163
0.11517
0.115175
0.11518
0.115183
0.115183
0.115196
0.1152
0.115206
0.11521
0.11522
0.11523
0.115234
0.115237
0.115247
0.115247
0.115254
0.115256
0.11526
0.115261
0.11528
0.115284
0.115303
0.115313
0.115317
0.115321
0.115323
0.115327
0.11533
0.115333
0.115333
0.11534
0.115341
0.115341
0.115344
0.115347
0.11535
0.115353
0.115356
0.115357
0.115357
0.11537
0.11537
0.115375
0.11538
0.115396
0.1154
0.115414
0.115426
0.11544
0.11544
0.115453
0.115456
0.115463
0.11547
0.115471
0.115477
0.115494
0.115497
0.1155
0.115504
0.115507
0.115507
0.115514
0.115526
0.11553
0.115536
0.11554
0.11555
0.115563
0.115566
0.115567
0.115573
0.115587
0.11559
0.115597
0.115605
0.11561
0.11561
0.115614
0.115633
0.115647
0.115654
0.115655
0.115657
0.11568
0.115687
0.1157
0.115707
0.115734
0.115737
0.115743
0.115746
0.115754
0.115754
0.11576
0.115766
0.115767
0.11578
0.115796
0.115803
0.11581
0.11582
0.115844
0.115844
0.115847
0.115848
0.115853
0.11586
0.115866
0.11587
0.115874
0.115887
0.115897
0.115918
0.115924
0.11593
0.115947
0.115957
0.11596
0.115963
0.115963
0.11597
0.115973
0.115977
0.115977
0.115987
0.115994
0.115997
0.116
0.116004
0.116007
0.116013
0.116015
0.116034
0.116036
0.116044
0.116046
0.116047
0.116056
0.116067
0.116067
0.116086
0.116087
0.116097
0.116104
0.116114
0.116117
0.116124
0.116127
0.11613
0.11613
0.116137
0.116163
0.116173
0.116178
0.11619
0.116193
0.116194
0.116197
0.1162
0.1162
0.116203
0.116203
0.116204
0.116211
0.11622
0.116226
0.11623
0.116234
0.116254
0.116256
0.11626
0.116274
0.116284
0.116297
0.116314
0.11632
0.11632
0.116324
0.116327
0.116334
0.11634
0.116354
0.11636
0.11637
0.116373
0.1164
0.116407
0.11641
0.11641
0.116423
0.116447
0.11645
0.11645
0.11645
0.116458
0.11647
0.11648
0.116486
0.116496
0.116504
0.11651
0.116516
0.116544
0.116544
0.11655
0.116551
0.116554
0.116557
0.11656
0.116564
0.116587
0.11659
0.116593
0.116606
0.11661
0.116613
0.116617
0.11662
0.116621
0.116624
0.11663
0.11664
0.116643
0.116646
0.11665
0.116663
0.116674
0.116687
0.116697
0.116697
0.1167
0.116707
0.116707
0.11671
0.11672
0.116722
0.116737
0.116738
0.116743
0.11675
0.11677
0.11679
0.11679
0.1168
0.116834
0.116876
0.116896
0.116897
0.116897
0.116903
0.116904
0.116907
0.11691
0.116924
0.116937
0.116953
0.116964
0.116967
0.116968
0.11697
0.11697
0.116985
0.11699
0.117014
0.117021
0.117022
0.117024
0.117027
0.11703
0.117037
0.117037
0.117056
0.11706
0.117061
0.117063
0.11708
0.11709
0.11709
0.1171
0.117103
0.117104
0.117137
0.117143
0.117153
0.117166
0.117177
0.11718
0.11718
0.117184
0.117185
0.11719
0.117193
0.117214
0.117216
0.11722
0.11722
0.117234
0.11724
0.11724
0.117244
0.117254
0.117266
0.117277
0.117303
0.11731
0.117314
0.117317
0.117327
0.11733
0.117356
0.11736
0.117364
0.117377
0.117394
0.117401
0.117406
0.117421
0.117427
0.117431
0.117431
0.117441
0.117441
0.11746
0.117483
0.117486
0.1175
0.117513
0.11753
0.117534
0.117543
0.117543
0.117546
0.117554
0.117556
0.117573
0.117584
0.117584
0.117603
0.117606
0.117607
0.117611
0.117613
0.117623
0.117627
0.117647
0.117654
0.117661
0.117674
0.117674
0.117687
0.117687
0.117693
0.117708
0.11771
0.117714
0.11772
0.117727
0.11773
0.117741
0.117744
0.117748
0.117761
0.1178
0.117803
0.117803
0.117807
0.117821
0.117836
0.117847
0.117856
0.117857
0.117857
0.117867
0.11787
0.117873
0.117876
0.117877
0.11789
0.117893
0.117908
0.11791
0.117927
0.117947
0.117954
0.117983
0.11801
0.118054
0.118064
0.118068
0.11807
0.118073
0.11808
0.118086
0.11809
0.11809
0.118103
0.118117
0.118127
0.11813
0.11814
0.118142
0.118144
0.118147
0.118148
0.11816
0.11817
0.118183
0.118213
0.11822
0.118243
0.118247
0.118269
0.118284
0.118284
0.11829
0.11832
0.11833
0.118333
0.118347
0.11835
0.118353
0.118394
0.118397
0.118416
0.11843
0.118457
0.118467
0.11848
0.11849
0.11849
0.11849
0.118536
0.118537
0.118563
0.118567
0.11857
0.118573
0.118578
0.11858
0.11858
0.118583
0.118587
0.11861
0.118623
0.118627
0.11863
0.118633
0.118671
0.118674
0.118677
0.118697
0.118697
0.1187
0.11871
0.118736
0.118737
0.118737
0.11874
0.118746
0.118767
0.118784
0.118784
0.118787
0.118788
0.11884
0.118847
0.11885
0.11888
0.118883
0.118903
0.118926
0.118927
0.11893
0.11893
0.118933
0.118956
0.118983
0.119008
0.119009
0.119014
0.119017
0.119017
0.119033
0.11908
0.119084
0.119086
0.119087
0.11911
0.119121
0.119123
0.119127
0.119146
0.119151
0.11916
0.11916
0.119163
0.119197
0.119197
0.119203
0.119206
0.119217
0.119223
0.11923
0.119254
0.119273
0.11929
0.11929
0.11931
0.11932
0.119331
0.119337
0.119347
0.119373
0.119377
0.119394
0.119397
0.11942
0.119424
0.119431
0.119433
0.119443
0.11945
0.11945
0.119454
0.119467
0.11947
0.1195
0.11955
0.11956
0.119566
0.119566
0.11959
0.119612
0.119641
0.119651
0.119663
0.119683
0.11969
0.11971
0.119713
0.119714
0.119714
0.119723
0.119737
0.119784
0.119807
0.119807
0.119807
0.119813
0.11982
0.119823
0.119837
0.11985
0.11985
0.119853
0.119856
0.119874
0.119883
0.119883
0.119887
0.119887
0.119924
0.119934
0.119934
0.119954
0.11996
0.119974
0.119977
0.119993
0.12
0.12002
0.12007
0.12007
0.120104
0.120113
0.12013
0.120133
0.12016
0.12017
0.120173
0.120177
0.120191
0.120204
0.120211
0.120214
0.120223
0.12023
0.120232
0.120237
0.120247
0.120263
0.120273
0.1203
0.120313
0.12033
0.12033
0.120337
0.120357
0.12036
0.120367
0.120373
0.120381
0.120397
0.120406
0.120413
0.120417
0.120447
0.120454
0.12046
0.120498
0.120503
0.12052
0.120523
0.120524
0.120539
0.120544
0.120544
0.12055
0.120556
0.120573
0.12059
0.120606
0.120611
0.120613
0.120614
0.120627
0.12063
0.120644
0.1207
0.1207
0.12074
0.120747
0.120763
0.120763
0.120777
0.120793
0.120798
0.1208
0.1208
0.120817
0.12082
0.12083
0.120837
0.12085
0.12085
0.120854
0.120867
0.12089
0.120896
0.120903
0.12096
0.120961
0.120964
0.121077
0.12108
0.121084
0.121097
0.12111
0.121136
0.121144
0.121166
0.121167
0.12117
0.121177
0.12118
0.121182
0.121187
0.121206
0.12127
0.121274
0.121277
0.121283
0.121294
0.121313
0.121314
0.121317
0.121329
0.121397
0.1214
0.121407
0.121443
0.12145
0.121454
0.121454
0.121501
0.121504
0.121526
0.121534
0.121543
0.121563
0.121566
0.121576
0.121584
0.121594
0.121603
0.121637
0.121649
0.12165
0.121657
0.12167
0.12169
0.121691
0.121694
0.121717
0.121718
0.121723
0.121756
0.121766
0.121767
0.121793
0.121803
0.121813
0.121863
0.12187
0.121873
0.121877
0.12188
0.121883
0.121884
0.121884
0.121907
0.121907
0.121964
0.12197
0.121983
0.122001
0.122034
0.12204
0.122053
0.122073
0.1221
0.122147
0.122157
0.122187
0.122194
0.122203
0.122203
0.122206
0.122233
0.12228
0.12232
0.122333
0.122347
0.122347
0.122368
0.12237
0.122387
0.122417
0.12242
0.122423
0.122437
0.122441
0.122447
0.122453
0.122494
0.122506
0.122518
0.12256
0.122564
0.122587
0.122633
0.122651
0.12266
0.122667
0.122673
0.122767
0.122797
0.122817
0.122827
0.12283
0.12285
0.122853
0.12286
0.122864
0.122889
0.122891
0.122895
0.122914
0.12293
0.12293
0.122944
0.122963
0.12299
0.12305
0.123057
0.123123
0.123267
0.123293
0.123317
0.123324
0.123343
0.123349
0.123357
0.123407
0.123427
0.123457
0.123483
0.12349
0.123503
0.123523
0.123524
0.123527
0.123531
0.123533
0.12354
0.123544
0.12356
0.123564
0.123591
0.123607
0.123616
0.123617
0.12363
0.123674
0.123701
0.123753
0.12378
0.123794
0.123807
0.12382
0.12385
0.123903
0.12391
0.123934
0.123954
0.123967
0.123967
0.123967
0.12399
0.123995
0.123997
0.124034
0.1241
0.124113
0.124144
0.124157
0.124163
0.1242
0.124201
0.124228
0.12426
0.124297
0.124297
0.124326
0.124366
0.1244
0.124407
0.12441
0.124413
0.124443
0.12446
0.124463
0.124463
0.124467
0.12449
0.124492
0.124507
0.12451
0.124545
0.12455
0.124606
0.124607
0.124613
0.124623
0.12463
0.124657
0.124687
0.124726
0.124733
0.124756
0.124764
0.124831
0.12484
0.124933
0.124942
0.124954
0.12496
0.12497
0.124972
0.124974
0.124994
0.12506
0.125087
0.125089
0.12511
0.125133
0.125149
0.12518
0.125207
0.125244
0.125246
0.125266
0.125277
0.12528
0.125326
0.125327
0.125342
0.12535
0.125363
0.12539
0.125416
0.125424
0.125427
0.125473
0.12549
0.1255
0.12551
0.125533
0.125539
0.125563
0.125575
0.12562
0.12563
0.125653
0.125656
0.125663
0.12568
0.125757
0.125793
0.125844
0.12585
0.125873
0.125884
0.125907
0.12596
0.125984
0.125987
0.126006
0.126031
0.126123
0.126204
0.126236
0.126244
0.126263
0.126264
0.126297
0.126306
0.12637
0.1264
0.126423
0.126443
0.126457
0.126464
0.126477
0.126521
0.126546
0.126566
0.126566
0.12659
0.126637
0.126647
0.126667
0.126687
0.12669
0.12673
0.126794
0.126826
0.126827
0.12685
0.12687
0.126873
0.126973
0.126973
0.126974
0.126988
0.127041
0.127053
0.127062
0.127124
0.127246
0.127254
0.127255
0.127257
0.127277
0.127337
0.127337
0.127354
0.127403
0.127419
0.12752
0.127534
0.127611
0.127627
0.127661
0.127703
0.127773
0.127775
0.12785
0.127853
0.127884
0.127924
0.127942
0.127966
0.12804
0.12806
0.128061
0.128084
0.128105
0.128314
0.12839
0.128413
0.128454
0.128503
0.128526
0.12856
0.128574
0.128603
0.12863
0.128657
0.128704
0.128823
0.128846
0.12885
0.128852
0.128857
0.128863
0.128887
0.128927
0.128934
0.128953
0.128958
0.129073
0.12911
0.129113
0.129164
0.129214
0.129236
0.129267
0.12929
0.129333
0.129344
0.129353
0.12938
0.129389
0.12939
0.129414
0.129436
0.129444
0.129447
0.129463
0.129464
0.12948
0.129494
0.129534
0.129633
0.12969
0.12981
0.129837
0.12985
0.12989
0.129893
0.129926
0.129984
0.12999
0.130011
0.130033
0.130057
0.13017
0.13024
0.130256
0.130277
0.130339
0.130344
0.130476
0.130486
0.130507
0.130508
0.130524
0.13053
0.130601
0.130637
0.130771
0.130777
0.13081
0.130923
0.130983
0.131051
0.131063
0.131084
0.13109
0.131123
0.131163
0.131197
0.131217
0.131234
0.13125
0.131254
0.131448
0.131473
0.13156
0.131614
0.131683
0.131686
0.13171
0.13171
0.131754
0.131764
0.131793
0.131833
0.131837
0.131844
0.131863
0.131894
0.131906
0.131936
0.131963
0.131971
0.131976
0.13212
0.13217
0.132183
0.132183
0.13221
0.132211
0.132231
0.13224
0.132284
0.132324
0.132328
0.132341
0.1324
0.132494
0.132527
0.132547
0.132553
0.132784
0.13279
0.132807
0.13286
0.132861
0.132894
0.13296
0.132976
0.133008
0.133022
0.133056
0.13306
0.1331
0.133126
0.133174
0.13318
0.133274
0.133302
0.133417
0.133418
0.13344
0.133443
0.133503
0.133521
0.133527
0.133527
0.13355
0.133567
0.133567
0.133586
0.133653
0.133677
0.133857
0.133887
0.133941
0.133967
0.133983
0.133984
0.134013
0.134074
0.13409
0.134093
0.134145
0.134298
0.13447
0.13453
0.134597
0.134607
0.134684
0.134914
0.135004
0.135244
0.135324
0.13533
0.13535
0.135416
0.135494
0.135503
0.135578
0.13559
0.135597
0.135607
0.135684
0.136043
0.136044
0.136067
0.13617
0.136353
0.136374
0.136407
0.13671
0.136763
0.13677
0.136778
0.13682
0.13688
0.136902
0.136946
0.137116
0.13712
0.137261
0.137321
0.137447
0.137484
0.137546
0.137621
0.137724
0.137862
0.137884
0.13794
0.137963
0.138074
0.138223
0.138307
0.138324
0.138467
0.138727
0.138743
0.138817
0.138837
0.138856
0.138887
0.13902
0.139034
0.139213
0.1393
0.139416
0.139424
0.139456
0.139496
0.139603
0.139652
0.139686
0.139806
0.13983
0.139873
0.139877
0.13999
0.140083
0.140094
0.140307
0.140366
0.140497
0.140517
0.140539
0.140557
0.14063
0.140687
0.1407
0.14076
0.140767
0.140787
0.140847
0.140926
0.141092
0.141164
0.141183
0.141254
0.141486
0.14152
0.14161
0.141637
0.141641
0.14181
0.141863
0.141864
0.141873
0.142016
0.14216
0.142243
0.142267
0.14235
0.142454
0.142927
0.142986
0.14307
0.14308
0.143156
0.143207
0.14346
0.14351
0.143537
0.143613
0.143625
0.14376
0.144328
0.144374
0.14441
0.144423
0.144633
0.144657
0.144757
0.14477
0.1449
0.145102
0.145258
0.14532
0.145483
0.145611
0.14596
0.146014
0.146016
0.146357
0.14684
0.146911
0.147031
0.147113
0.147157
0.147258
0.14728
0.14736
0.14759
0.147827
0.148016
0.14804
0.148052
0.148104
0.14825
0.148271
0.148677
0.148811
0.14883
0.148867
0.149028
0.149133
0.149307
0.149333
0.149586
0.1496
0.149682
0.14988
0.150022
0.15018
0.1506
0.15069
0.150747
0.15081
0.15084
0.150847
0.151009
0.151497
0.15152
0.151996
0.152067
0.152197
0.15241
0.15254
0.152573
0.152687
0.152793
0.153417
0.153433
0.153546
0.153687
0.154034
0.154304
0.154484
0.155304
0.155523
0.155717
0.156123
0.156163
0.156367
0.156824
0.156954
0.15715
0.157257
0.157447
0.157773
0.157967
0.158293
0.158397
0.1584
0.158505
0.159101
0.159207
0.159377
0.159733
0.159983
0.160098
0.160951
0.16105
0.161157
0.161216
0.161224
0.16131
0.161554
0.16184
0.162035
0.16217
0.162294
0.163043
0.163124
0.163487
0.1635
0.163637
0.163717
0.163905
0.164056
0.164141
0.164146
0.164271
0.164447
0.164607
0.164677
0.164784
0.164813
0.165384
0.165497
0.166107
0.166164
0.166266
0.16656
0.166757
0.16686
0.167104
0.167543
0.167587
0.167767
0.167941
0.167953
0.167965
0.168811
0.16887
0.169558
0.170627
0.17149
0.171597
0.171657
0.17166
0.17184
0.171892
0.172391
0.172554
0.17274
0.172783
0.172911
0.172951
0.173431
0.173454
0.173819
0.174017
0.17466
0.174674
0.174692
0.174724
0.174914
0.175015
0.175016
0.175877
0.17591
0.175924
0.175994
0.176033
0.17621
0.176676
0.176893
0.177408
0.177438
0.177531
0.17837
0.178667
0.17883
0.179347
0.179897
0.180153
0.180393
0.180527
0.181582
0.181934
0.184364
0.184387
0.184864
0.185203
0.185796
0.186219
0.187164
0.187794
0.18852
0.188571
0.188627
0.189087
0.189164
0.189437
0.189714
0.19075
0.191043
0.191167
0.191216
0.192727
0.193086
0.193175
0.194276
0.194325
0.194747
0.19583
0.196573
0.19661
0.197667
0.198254
0.199177
0.200547
0.200994
0.20183
0.202094
0.202133
0.2034
0.20434
0.206054
0.206121
0.207007
0.207634
0.207648
0.207687
0.208611
0.20997
0.210637
0.212464
0.21281
0.21407
0.2145
0.215523
0.220692
0.220963
0.222821
0.2233
0.223856
0.225414
0.225703
0.226054
0.226144
0.22767
0.228067
0.22819
0.229828
0.230337
0.232552
0.234231
0.234794
0.235117
0.235574
0.237166
0.237363
0.237687
0.240408
0.241443
0.242171
0.24412
0.246204
0.24643
0.247137
0.249972
0.250053
0.250704
0.252064
0.25241
0.252463
0.25571
0.256256
0.258133
0.258314
0.259598
0.259827
0.260337
0.260915
0.260978
0.262267
0.26387
0.264441
0.26498
0.26655
0.267275
0.271637
0.272217
0.27242
0.272734
0.273804
0.27483
0.276307
0.276674
0.276993
0.277471
0.277591
0.277681
0.278444
0.278725
0.279207
0.28022
0.281701
0.283118
0.284479
0.284906
0.286671
0.288074
0.288864
0.289493
0.290028
0.291131
0.29294
0.293381
0.293453
0.295312
0.296634
0.297967
0.298541
0.299701
0.299953
0.30114
0.302051
0.302495
0.302594
0.302821
0.303277
0.30335
0.304895
0.305168
0.305891
0.306188
0.306328
0.306414
0.307243
0.308024
0.309301
0.309587
0.310566
0.311991
0.312807
0.313008
0.31383
0.313947
0.313974
0.314096
0.314607
0.314612
0.315389
0.315915
0.316564
0.31714
0.317723
0.319007
0.319787
0.319877
0.319886
0.320763
0.321074
0.321383
0.32189
0.321911
0.322013
0.32214
0.323297
0.323553
0.323758
0.325113
0.325314
0.32574
0.32618
0.32621
0.326406
0.326685
0.32861
0.329379
0.329434
0.330243
0.330373
0.33045
0.331496
0.33324
0.333358
0.333447
0.334182
0.334693
0.334724
0.33493
0.334967
0.335374
0.335854
0.336474
0.336939
0.337067
0.338547
0.339147
0.339579
0.341267
0.341541
0.341698
0.342787
0.343253
0.343318
0.34414
0.344497
0.345987
0.346252
0.346706
0.347431
0.348757
0.348767
0.348896
0.349001
0.349973
0.350551
0.350823
0.350973
0.351715
0.353149
0.353458
0.354618
0.35465
0.354817
0.35535
0.355823
0.35732
0.357534
0.358474
0.35903
0.359098
0.359859
0.360281
0.360458
0.360858
0.361398
0.361934
0.362274
0.362293
0.362603
0.362779
0.363924
0.364396
0.364468
0.364957
0.365484
0.365734
0.366264
0.36636
0.366406
0.36667
0.366763
0.367103
0.367134
0.367737
0.368372
0.369204
0.369348
0.369421
0.37049
0.370613
0.373058
0.373378
0.373947
0.37398
0.37403
0.374168
0.374453
0.376097
0.376403
0.376767
0.377021
0.378526
0.37978
0.381034
0.381951
0.38202
0.382393
0.383544
0.383614
0.38388
0.383946
0.384072
0.384564
0.384757
0.385163
0.385825
0.385945
0.386035
0.386138
0.386408
0.388099
0.388144
0.38888
0.389006
0.390428
0.391684
0.392141
0.392148
0.392234
0.392841
0.393624
0.39414
0.394164
0.394324
0.394831
0.395791
0.396001
0.396298
0.396844
0.397861
0.398044
0.398363
0.39984
0.400503
0.401187
0.40129
0.401848
0.402347
0.402364
0.40237
0.404157
0.404743
0.404767
0.404953
0.405783
0.406126
0.406447
0.407055
0.407111
0.407836
0.407866
0.408071
0.408274
0.409867
0.410038
0.41009
0.410253
0.410695
0.410843
0.412147
0.412253
0.41269
0.412816
0.413247
0.413433
0.414313
0.414883
0.415076
0.415324
0.415468
0.416573
0.417274
0.417733
0.417868
0.418112
0.418164
0.418447
0.418735
0.41987
0.419951
0.42081
0.420877
0.420997
0.421486
0.421968
0.422223
0.422283
0.422421
0.423127
0.423465
0.423583
0.424081
0.424321
0.424362
0.424477
0.42463
0.424647
0.424883
0.425096
0.42512
0.425377
0.425447
0.425908
0.426283
0.426415
0.427388
0.42766
0.428237
0.428298
0.428935
0.429834
0.430187
0.430401
0.43067
0.430846
0.43096
0.431486
0.431917
0.432548
0.43309
0.433387
0.43368
0.435103
0.43568
0.43668
0.438266
0.438371
0.438594
0.43867
0.439447
0.439691
0.44058
0.441323
0.441568
0.442023
0.442354
0.44276
0.443705
0.443846
0.444302
0.444544
0.445347
0.445378
0.445469
0.445688
0.445773
0.446035
0.446327
0.44661
0.447311
0.44763
0.44778
0.448028
0.448217
0.448556
0.448621
0.448924
0.449764
0.452558
0.452721
0.453286
0.453323
0.453466
0.454511
0.455103
0.455586
0.457181
0.45726
0.45729
0.45742
0.457954
0.458157
0.458415
0.458597
0.459278
0.459553
0.459946
0.45997
0.460625
0.46187
0.461957
0.462218
0.462926
0.463385
0.463812
0.464133
0.464166
0.4642
0.464691
0.46488
0.465466
0.465486
0.465961
0.46625
0.466537
0.466554
0.466661
0.466948
0.466961
0.467153
0.467273
0.467507
0.467747
0.4679
0.467913
0.46904
0.469691
0.470221
0.470583
0.471397
0.471787
0.471848
0.471898
0.472665
0.472834
0.473357
0.4736
0.474291
0.474427
0.474771
0.474942
0.475121
0.475593
0.475841
0.475963
0.476087
0.476141
0.476283
0.47678
0.477098
0.478433
0.478493
0.479764
0.48004
0.480357
0.480397
0.48063
0.48114
0.481691
0.484327
0.484546
0.485076
0.485429
0.485487
0.485667
0.485894
0.486187
0.486594
0.486773
0.486818
0.487223
0.48724
0.487491
0.487604
0.48765
0.488708
0.488835
0.489907
0.490025
0.491274
0.491715
0.492361
0.492388
0.492892
0.492994
0.493017
0.493394
0.493496
0.494201
0.494283
0.495061
0.495737
0.495918
0.496093
0.496175
0.496235
0.496313
0.496874
0.497323
0.497347
0.498023
0.4981
0.498301
0.498681
0.498737
0.498823
0.498936
0.499169
0.499368
0.499671
0.500038
0.500068
0.50045
0.500473
0.500617
0.500934
0.501224
0.50138
0.501403
0.501854
0.50191
0.501968
0.503493
0.504754
0.505339
0.505753
0.506161
0.50644
0.506894
0.506954
0.50767
0.508505
0.509154
0.5092
0.509388
0.510307
0.510364
0.51144
0.511457
0.511634
0.512204
0.512893
0.51322
0.513569
0.513671
0.513714
0.513784
0.513841
0.514124
0.51468
0.515955
0.515961
0.516248
0.516797
0.517481
0.517551
0.517751
0.518061
0.518565
0.519003
0.519547
0.51991
0.519964
0.520731
0.520961
0.521397
0.522178
0.522328
0.522461
0.522524
0.522754
0.522903
0.52327
0.524017
0.524365
0.524464
0.524623
0.524653
0.524745
0.525575
0.525868
0.526351
0.526966
0.527124
0.527431
0.527741
0.52785
0.528133
0.52835
0.5287
0.528774
0.529424
0.529684
0.530387
0.53045
0.5305
0.530744
0.530974
0.531576
0.531859
0.532001
0.533001
0.533377
0.533441
0.533504
0.533881
0.534653
0.534987
0.536057
0.53616
0.536969
0.53806
0.538081
0.538661
0.539274
0.539374
0.539944
0.540245
0.540473
0.540724
0.540928
0.541021
0.541237
0.541705
0.54195
0.542427
0.542444
0.543185
0.544959
0.545098
0.545171
0.545546
0.546722
0.547254
0.547378
0.549464
0.550617
0.550771
0.550964
0.554014
0.554328
0.55534
0.555634
0.555751
0.556098
0.556601
0.556616
0.557551
0.558091
0.558293
0.559421
0.55946
0.55982
0.560988
0.561254
0.561914
0.562078
0.562081
0.56281
0.563051
0.563387
0.563614
0.564057
0.564528
0.565181
0.565234
0.565587
0.566761
0.566847
0.567863
0.56808
0.568957
0.569128
0.569314
0.569684
0.570461
0.570544
0.57256
0.573507
0.57439
0.575293
0.576394
0.576991
0.578771
0.579178
0.580927
0.581734
0.582247
0.582481
0.583454
0.584117
0.584474
0.587014
0.588058
0.58827
0.588891
0.589341
0.589484
0.592333
0.594384
0.594388
0.594518
0.595741
0.598475
0.599057
0.60072
0.601532
0.601678
0.602551
0.604994
0.605484
0.606792
0.606811
0.606983
0.608028
0.608544
0.609624
0.61236
0.613998
0.615077
0.615504
0.622048
0.623224
0.623777
0.625993
0.628521
0.630084
0.632958
0.635003
0.638888
0.639014
0.641754
0.643535
0.645013
0.648515
0.649034
0.64985
0.65778
0.660977
0.663524
0.669844
0.679244
0.683133
0.686101
0.693903
0.700948
0.701245
0.702779
0.720248
0.728527
0.730784
0.774974
0.829241
1.272914
