0.499113
0.519805
0.525128
0.530151
0.531306
0.554761
0.556566
0.556896
0.559435
0.561076
0.561218
0.561353
0.561774
0.562355
0.562544
0.567155
0.572876
0.573633
0.586024
0.588158
0.589241
0.59059
0.591319
0.591749
0.594151
0.596603
0.597688
0.598231
0.598334
0.601269
0.603968
0.606398
0.607156
0.609109
0.620412
0.622763
0.624709
0.625233
0.626483
0.629012
0.629526
0.630455
0.631002
0.631357
0.631516
0.631938
0.634824
0.634964
0.635078
0.635463
0.635726
0.635866
0.636421
0.63698
0.637238
0.637866
0.637911
0.638598
0.641138
0.642395
0.643641
0.644855
0.645386
0.64554
0.646458
0.647041
0.64712
0.647844
0.64818
0.650112
0.650595
0.650623
0.650766
0.651835
0.652591
0.65336
0.65537
0.657733
0.658413
0.659381
0.659483
0.661063
0.661713
0.664091
0.671199
0.671201
0.671432
0.672523
0.673106
0.673988
0.674133
0.674419
0.674441
0.675004
0.675271
0.675733
0.676007
0.676495
0.676508
0.677056
0.677056
0.677194
0.677551
0.677585
0.677627
0.678702
0.678991
0.679187
0.679844
0.680228
0.680395
0.680484
0.680487
0.680878
0.680942
0.681315
0.681358
0.681413
0.681444
0.681751
0.682182
0.682653
0.682678
0.683228
0.683548
0.683604
0.68363
0.683714
0.683736
0.683819
0.684068
0.684142
0.684216
0.684274
0.684407
0.684698
0.684703
0.685299
0.685591
0.685735
0.685785
0.685915
0.686034
0.686093
0.686299
0.686623
0.686763
0.68689
0.686945
0.686969
0.687407
0.68753
0.68757
0.687641
0.687791
0.688046
0.688228
0.688533
0.688702
0.68873
0.688843
0.689264
0.689315
0.689379
0.689422
0.689687
0.689961
0.690238
0.690638
0.690671
0.691006
0.691216
0.691339
0.691656
0.69197
0.69202
0.69217
0.692601
0.692859
0.69325
0.693339
0.693582
0.694093
0.69425
0.694277
0.694667
0.695108
0.69524
0.696911
0.698551
0.69883
0.698863
0.699028
0.699324
0.699603
0.700616
0.701253
0.701516
0.701653
0.701822
0.702456
0.703429
0.703646
0.703671
0.706247
0.706721
0.706967
0.707538
0.708333
0.708333
0.70844
0.711548
0.711714
0.712379
0.713578
0.71365
0.717935
0.718776
0.719176
0.720585
0.720707
0.720774
0.72107
0.721104
0.721187
0.721394
0.722411
0.722424
0.72261
0.722715
0.723213
0.723258
0.723521
0.72388
0.724065
0.724074
0.724097
0.72413
0.724304
0.724917
0.724944
0.725152
0.725204
0.725457
0.725524
0.725768
0.72581
0.725826
0.725865
0.725909
0.726164
0.726477
0.726544
0.726667
0.726801
0.726881
0.727124
0.727144
0.727244
0.727337
0.727428
0.727504
0.727518
0.727534
0.72758
0.727637
0.727646
0.727657
0.727658
0.727677
0.727677
0.727704
0.72772
0.727771
0.727784
0.727787
0.727818
0.727821
0.727847
0.727883
0.727911
0.727934
0.727936
0.727943
0.727991
0.727994
0.728028
0.728055
0.728127
0.728135
0.728137
0.728155
0.728164
0.728164
0.728177
0.728194
0.728196
0.728197
0.728201
0.72821
0.728221
0.728231
0.728244
0.728247
0.728251
0.728254
0.728264
0.72827
0.728271
0.728314
0.728339
0.728347
0.728354
0.728357
0.728374
0.728394
0.728398
0.728407
0.728417
0.728418
0.728438
0.72844
0.72845
0.728481
0.728495
0.728498
0.728507
0.728511
0.728534
0.728537
0.72855
0.728565
0.728567
0.72858
0.728588
0.728601
0.728604
0.72861
0.728611
0.728631
0.728631
0.728637
0.728661
0.728677
0.728728
0.728731
0.728735
0.728754
0.728761
0.728761
0.728771
0.728791
0.728814
0.728817
0.728821
0.728821
0.728827
0.728831
0.728831
0.728834
0.728834
0.728837
0.728848
0.728891
0.728894
0.728898
0.728924
0.728928
0.728934
0.728934
0.728938
0.728944
0.728945
0.72895
0.728951
0.728964
0.728971
0.728978
0.728983
0.728985
0.728991
0.729014
0.729014
0.72902
0.729024
0.729034
0.729041
0.729041
0.729044
0.729048
0.729051
0.729055
0.729071
0.72908
0.729091
0.729094
0.729104
0.729114
0.729131
0.729137
0.729141
0.729144
0.729158
0.72916
0.72916
0.729181
0.729184
0.729198
0.7292
0.729201
0.729201
0.729207
0.729241
0.72925
0.729254
0.729277
0.729291
0.729297
0.729301
0.729307
0.729311
0.729315
0.72932
0.729338
0.72934
0.729344
0.729347
0.729354
0.729357
0.729367
0.729377
0.729377
0.729398
0.729401
0.729407
0.729408
0.72942
0.72942
0.729465
0.729474
0.729484
0.729508
0.729521
0.729527
0.729527
0.729531
0.72954
0.729551
0.729556
0.72956
0.72956
0.729564
0.729568
0.729581
0.729588
0.729597
0.729611
0.729637
0.729641
0.729647
0.729657
0.729658
0.729667
0.72967
0.729675
0.729687
0.729688
0.72971
0.729721
0.729724
0.729726
0.729727
0.729728
0.729744
0.729747
0.729748
0.729761
0.729764
0.729767
0.729774
0.729778
0.729787
0.729798
0.7298
0.729804
0.729807
0.729807
0.729844
0.729847
0.729855
0.72986
0.729873
0.729874
0.729877
0.729897
0.729897
0.729911
0.729911
0.729911
0.729915
0.729924
0.729927
0.729937
0.729941
0.729944
0.729948
0.729951
0.729964
0.729973
0.729977
0.729978
0.729981
0.729991
0.729997
0.73
0.730007
0.730011
0.730013
0.730014
0.730021
0.730041
0.730041
0.730045
0.730054
0.730054
0.730056
0.730061
0.730081
0.730101
0.730104
0.730107
0.730107
0.730121
0.730123
0.730125
0.730136
0.730137
0.730144
0.730151
0.730158
0.730161
0.730165
0.730174
0.730176
0.730184
0.730185
0.73019
0.730191
0.730193
0.730194
0.7302
0.730208
0.730214
0.73022
0.730234
0.730244
0.730248
0.730251
0.730251
0.730253
0.730253
0.730254
0.730257
0.730263
0.730274
0.730286
0.730287
0.730288
0.730293
0.7303
0.730311
0.730318
0.730331
0.730364
0.730364
0.730367
0.730367
0.73037
0.730375
0.730377
0.730377
0.730381
0.730393
0.730394
0.730394
0.7304
0.7304
0.730408
0.730418
0.730421
0.730427
0.730431
0.730433
0.730434
0.73045
0.730455
0.730458
0.730475
0.730478
0.730485
0.730487
0.730488
0.730491
0.730494
0.730504
0.730504
0.730528
0.730536
0.73054
0.730581
0.730581
0.730593
0.7306
0.730614
0.730614
0.730614
0.730617
0.730621
0.730624
0.730625
0.730628
0.730635
0.730637
0.730637
0.730638
0.730651
0.730653
0.730664
0.730665
0.730668
0.730668
0.730677
0.730686
0.730694
0.730697
0.730703
0.730705
0.730725
0.73073
0.730731
0.730737
0.730738
0.730754
0.730757
0.730758
0.730771
0.730778
0.730784
0.730784
0.730794
0.730797
0.730798
0.730804
0.730807
0.730815
0.730815
0.730817
0.730818
0.730824
0.730824
0.730833
0.730835
0.730847
0.730854
0.730857
0.730868
0.730874
0.730878
0.730878
0.730881
0.730887
0.730911
0.730911
0.73092
0.730931
0.730936
0.730944
0.730947
0.730965
0.730977
0.730981
0.730984
0.731008
0.73101
0.731011
0.731027
0.731046
0.731048
0.731053
0.731068
0.731068
0.731071
0.731091
0.731095
0.731097
0.731097
0.731107
0.731108
0.731108
0.731111
0.731113
0.731115
0.731124
0.731124
0.731126
0.731127
0.731141
0.731143
0.731144
0.731147
0.731161
0.731167
0.731167
0.731178
0.731181
0.731185
0.731191
0.731204
0.731218
0.731227
0.731233
0.731237
0.731241
0.731257
0.73126
0.731271
0.731274
0.731285
0.731291
0.731291
0.731307
0.73131
0.731311
0.731311
0.73132
0.731324
0.731333
0.731337
0.731344
0.731347
0.731354
0.731357
0.731358
0.731363
0.731367
0.731371
0.731374
0.73139
0.731394
0.731394
0.7314
0.731414
0.731417
0.731417
0.731418
0.731424
0.731428
0.731431
0.731431
0.731454
0.731464
0.731464
0.731471
0.731477
0.731484
0.731493
0.731507
0.731511
0.731524
0.731527
0.731537
0.731543
0.731551
0.731555
0.731561
0.731567
0.73157
0.731581
0.731591
0.731594
0.731597
0.731601
0.731601
0.731604
0.731607
0.731611
0.731616
0.731624
0.731625
0.731627
0.73163
0.73163
0.73165
0.731654
0.731654
0.731657
0.73166
0.731661
0.731668
0.73167
0.731674
0.731674
0.731678
0.731684
0.731684
0.731688
0.731693
0.731694
0.731704
0.731713
0.731733
0.731733
0.731737
0.73175
0.731751
0.731761
0.731767
0.731773
0.731774
0.731774
0.731797
0.731797
0.731797
0.731814
0.731824
0.73183
0.731834
0.73184
0.731841
0.731867
0.731868
0.731884
0.731891
0.731894
0.731894
0.7319
0.731901
0.731907
0.731928
0.731934
0.731947
0.73195
0.731951
0.731955
0.731987
0.731987
0.732
0.732004
0.732011
0.732017
0.732028
0.732031
0.732038
0.732038
0.732041
0.732041
0.732044
0.732044
0.732051
0.732051
0.732053
0.732055
0.732061
0.732061
0.732064
0.732067
0.732087
0.732091
0.732093
0.732095
0.732097
0.732101
0.73211
0.732144
0.732151
0.732157
0.732157
0.732157
0.73216
0.732171
0.732171
0.732171
0.732177
0.732178
0.732198
0.732227
0.732227
0.73223
0.732238
0.732238
0.732241
0.732244
0.732254
0.732267
0.732268
0.732275
0.73228
0.732287
0.732318
0.73232
0.73232
0.732331
0.732333
0.732334
0.732341
0.732354
0.732364
0.732384
0.732401
0.73241
0.732411
0.732414
0.732415
0.732417
0.732428
0.732444
0.732458
0.732467
0.732484
0.732487
0.732488
0.732491
0.732491
0.732496
0.732518
0.732521
0.732531
0.732537
0.732537
0.732548
0.73255
0.732554
0.732563
0.732567
0.732577
0.732577
0.732581
0.732581
0.732608
0.73261
0.732628
0.732637
0.73265
0.732658
0.732661
0.732677
0.732687
0.732708
0.732711
0.732721
0.732741
0.732744
0.73275
0.732754
0.732758
0.732761
0.732761
0.73277
0.73279
0.732794
0.732804
0.732804
0.732804
0.732821
0.732831
0.732844
0.732854
0.732855
0.732867
0.732867
0.732881
0.732881
0.732888
0.732894
0.732897
0.732903
0.732904
0.732911
0.732916
0.732923
0.732924
0.732924
0.732928
0.73293
0.732933
0.732937
0.732945
0.732945
0.732961
0.732964
0.732978
0.732981
0.732993
0.732993
0.733001
0.733006
0.73302
0.733024
0.73303
0.733034
0.733035
0.733048
0.733054
0.733057
0.733058
0.73306
0.733064
0.733064
0.733074
0.733087
0.733093
0.733106
0.733116
0.733127
0.733131
0.733141
0.733144
0.733144
0.733151
0.733165
0.733181
0.733184
0.733187
0.733194
0.733214
0.733227
0.733235
0.73325
0.733251
0.733251
0.733257
0.733261
0.733264
0.733265
0.733283
0.733285
0.733291
0.733308
0.733337
0.733344
0.733351
0.733358
0.733361
0.733368
0.733371
0.733371
0.733374
0.733401
0.733404
0.733404
0.73341
0.733414
0.733421
0.733431
0.733435
0.73345
0.73346
0.733461
0.733464
0.733474
0.733474
0.733491
0.733498
0.733501
0.733504
0.733504
0.733507
0.733511
0.733511
0.733521
0.733531
0.733538
0.733548
0.73355
0.733561
0.733577
0.733578
0.733581
0.733585
0.733587
0.733591
0.733591
0.733594
0.733598
0.733598
0.733604
0.733607
0.733608
0.733611
0.733614
0.73362
0.733627
0.733628
0.733633
0.733634
0.733644
0.733651
0.733651
0.733664
0.733668
0.733674
0.733684
0.733687
0.733695
0.733695
0.733697
0.733704
0.733718
0.733724
0.733733
0.733738
0.733741
0.733745
0.733745
0.73375
0.733751
0.733751
0.733757
0.733764
0.733775
0.733786
0.733788
0.733797
0.733798
0.7338
0.733804
0.733807
0.733821
0.733827
0.733831
0.733833
0.733841
0.733841
0.733844
0.733847
0.733851
0.733857
0.733867
0.733867
0.733877
0.733881
0.733881
0.733887
0.733894
0.733897
0.733907
0.733907
0.733908
0.733908
0.733908
0.733921
0.733921
0.733958
0.733964
0.733967
0.733967
0.733975
0.73398
0.733981
0.733985
0.733997
0.734015
0.73402
0.734021
0.734024
0.734027
0.73403
0.734036
0.73404
0.734041
0.734047
0.734064
0.734068
0.734071
0.734106
0.734117
0.734121
0.734134
0.734138
0.734141
0.734147
0.734157
0.734177
0.734177
0.734184
0.734185
0.734188
0.734198
0.734198
0.734203
0.734204
0.734211
0.734214
0.734217
0.734241
0.73425
0.734261
0.734261
0.734263
0.734265
0.734273
0.734284
0.734287
0.734287
0.734304
0.734308
0.73431
0.734311
0.734314
0.734321
0.734325
0.734341
0.734347
0.734354
0.734358
0.73436
0.734364
0.734366
0.734367
0.734374
0.734374
0.734381
0.734384
0.734384
0.73439
0.734391
0.734391
0.734391
0.734396
0.734407
0.734428
0.734428
0.734428
0.73443
0.734438
0.734441
0.734451
0.734454
0.734461
0.734461
0.734461
0.734461
0.734468
0.734471
0.734474
0.734478
0.734483
0.73449
0.73449
0.734491
0.734491
0.734494
0.734508
0.734508
0.734511
0.734513
0.734534
0.734547
0.734558
0.734567
0.73457
0.734571
0.734571
0.73458
0.734581
0.734588
0.73459
0.734591
0.734593
0.734594
0.734598
0.7346
0.734607
0.734608
0.734614
0.734634
0.734635
0.734644
0.734648
0.734658
0.734671
0.734674
0.734687
0.73469
0.734696
0.734697
0.734701
0.734703
0.734707
0.734711
0.734727
0.73473
0.734768
0.734771
0.734771
0.734787
0.734791
0.734794
0.734807
0.734824
0.734834
0.734838
0.734843
0.734844
0.734847
0.734864
0.734868
0.73487
0.734871
0.73488
0.734888
0.73489
0.734891
0.734893
0.734914
0.734917
0.734918
0.734918
0.734924
0.734927
0.734938
0.734941
0.734951
0.734957
0.734957
0.734961
0.734963
0.734968
0.734971
0.734975
0.734975
0.73498
0.734985
0.734991
0.734998
0.734998
0.735011
0.735014
0.735034
0.735044
0.735044
0.735044
0.735045
0.735055
0.735061
0.735071
0.735083
0.735087
0.735088
0.73509
0.735096
0.735097
0.7351
0.735105
0.735108
0.735118
0.735121
0.73513
0.735137
0.735141
0.735147
0.735147
0.735157
0.735161
0.735161
0.735171
0.735171
0.73518
0.735194
0.73521
0.73522
0.735237
0.735241
0.735244
0.735247
0.735255
0.735257
0.735264
0.735265
0.735267
0.73527
0.735271
0.735275
0.735281
0.735281
0.735281
0.735284
0.735294
0.735303
0.735307
0.735317
0.735324
0.73534
0.735347
0.735348
0.735354
0.735357
0.735364
0.735364
0.735387
0.735394
0.735397
0.735397
0.735407
0.735407
0.735415
0.735417
0.735431
0.735435
0.735438
0.735441
0.735447
0.73545
0.735451
0.735458
0.735458
0.735478
0.735487
0.735487
0.735487
0.735496
0.735508
0.735518
0.735521
0.735531
0.735531
0.735537
0.735537
0.735541
0.735544
0.73555
0.735551
0.735561
0.735574
0.735577
0.735577
0.735597
0.735601
0.735601
0.735611
0.735614
0.735617
0.735618
0.735624
0.735624
0.73563
0.735641
0.735651
0.735661
0.735664
0.735674
0.735681
0.735688
0.73569
0.735691
0.735697
0.7357
0.735704
0.735705
0.735708
0.735708
0.73571
0.735711
0.73572
0.735734
0.735748
0.735748
0.735757
0.735758
0.735758
0.735758
0.735761
0.735761
0.735761
0.735764
0.735771
0.735773
0.73578
0.735787
0.735791
0.735804
0.735807
0.735811
0.735821
0.735828
0.735831
0.735833
0.735834
0.735847
0.735848
0.735854
0.735863
0.735864
0.735867
0.735871
0.735871
0.735875
0.735877
0.735881
0.735894
0.735904
0.735911
0.735921
0.735921
0.735923
0.735928
0.735935
0.735944
0.735944
0.735948
0.735948
0.73595
0.735954
0.735958
0.735971
0.735974
0.735983
0.735988
0.735993
0.736003
0.736004
0.736007
0.736008
0.736011
0.736017
0.736024
0.736024
0.736028
0.73603
0.736034
0.736038
0.736046
0.73605
0.736053
0.736067
0.736067
0.736068
0.736078
0.736084
0.736091
0.736101
0.736101
0.736107
0.736118
0.73614
0.736147
0.736154
0.73616
0.736161
0.736164
0.73617
0.73617
0.736171
0.736171
0.736171
0.736173
0.736174
0.736178
0.736188
0.736205
0.736214
0.736218
0.736227
0.736227
0.736233
0.736234
0.736245
0.736251
0.736251
0.736253
0.736257
0.736261
0.736267
0.736274
0.736278
0.736291
0.736301
0.736306
0.736315
0.736344
0.736351
0.736364
0.73637
0.736381
0.736387
0.73639
0.736405
0.736417
0.736427
0.736431
0.736434
0.73644
0.736441
0.736454
0.736465
0.736467
0.736477
0.73649
0.736494
0.736504
0.736506
0.736507
0.736507
0.736507
0.736517
0.736521
0.736524
0.736524
0.736528
0.736534
0.736548
0.736571
0.736574
0.736575
0.736579
0.736581
0.736584
0.736594
0.7366
0.736618
0.73662
0.736624
0.736624
0.736626
0.736627
0.736638
0.736643
0.736647
0.736648
0.736651
0.73666
0.736661
0.736675
0.736677
0.736681
0.736688
0.736697
0.736701
0.736701
0.736704
0.736711
0.736711
0.736711
0.736734
0.736734
0.736734
0.736741
0.736741
0.736741
0.736758
0.736761
0.736778
0.73678
0.736784
0.736794
0.7368
0.736804
0.736807
0.736807
0.736808
0.73681
0.736824
0.736827
0.736837
0.736851
0.736857
0.736858
0.736861
0.736864
0.736864
0.736871
0.736871
0.736878
0.73688
0.736891
0.736901
0.736904
0.736907
0.736913
0.73692
0.736931
0.736953
0.736953
0.736964
0.736964
0.736967
0.736968
0.73697
0.736981
0.736988
0.737004
0.737021
0.737021
0.737024
0.737033
0.737038
0.737057
0.737067
0.737073
0.737077
0.737081
0.737091
0.737094
0.73711
0.737117
0.737121
0.737124
0.737127
0.737127
0.737144
0.737171
0.737171
0.737175
0.737184
0.737187
0.737197
0.73722
0.737221
0.737221
0.737221
0.737241
0.737248
0.737254
0.737261
0.737265
0.737278
0.737284
0.737297
0.737304
0.737307
0.737321
0.737327
0.737334
0.737338
0.737341
0.737341
0.737346
0.737348
0.737354
0.737355
0.737358
0.737371
0.737374
0.737381
0.737383
0.737387
0.737394
0.737394
0.7374
0.737401
0.73741
0.737421
0.737428
0.737431
0.737431
0.737443
0.737451
0.737457
0.737461
0.737464
0.737477
0.737487
0.737501
0.737503
0.737508
0.73751
0.737518
0.737525
0.737528
0.737538
0.737538
0.737544
0.737557
0.737574
0.737576
0.737577
0.737587
0.737591
0.737593
0.737594
0.737598
0.737601
0.737601
0.737604
0.737614
0.737614
0.737617
0.737621
0.737621
0.737621
0.737624
0.737631
0.737648
0.737648
0.737651
0.737667
0.737667
0.737668
0.737675
0.737681
0.737681
0.737684
0.737685
0.737688
0.737698
0.737701
0.737744
0.737748
0.737757
0.737781
0.737791
0.737811
0.737834
0.73784
0.737844
0.737844
0.737847
0.737848
0.737854
0.737874
0.737885
0.737901
0.737904
0.737904
0.737907
0.73791
0.737911
0.737917
0.737927
0.737937
0.737937
0.737947
0.737964
0.737974
0.737977
0.737987
0.737987
0.737991
0.737994
0.737994
0.737995
0.737997
0.737997
0.737998
0.738003
0.738034
0.738044
0.738054
0.738058
0.738063
0.738073
0.738074
0.738077
0.738078
0.738078
0.738081
0.738084
0.738087
0.738094
0.738107
0.738114
0.738114
0.738121
0.738124
0.738128
0.738134
0.738147
0.73815
0.738154
0.738161
0.738164
0.738167
0.738168
0.73817
0.738171
0.738174
0.738178
0.73818
0.738184
0.738191
0.738197
0.738204
0.738208
0.738221
0.738231
0.738233
0.738237
0.738251
0.738251
0.738255
0.738261
0.738265
0.738271
0.738271
0.738274
0.738274
0.738274
0.738281
0.738281
0.738281
0.738284
0.738297
0.738298
0.738304
0.738308
0.73831
0.738317
0.738321
0.73834
0.738351
0.738354
0.738354
0.738357
0.738367
0.738377
0.738377
0.738381
0.738384
0.738387
0.738393
0.738397
0.738404
0.73841
0.738438
0.738443
0.738463
0.738465
0.738466
0.738467
0.738494
0.738497
0.7385
0.738504
0.738514
0.738517
0.738524
0.738527
0.738541
0.738541
0.738544
0.738545
0.738546
0.73855
0.738556
0.73856
0.738563
0.738565
0.738577
0.738581
0.738583
0.738593
0.738594
0.738597
0.738601
0.738601
0.738604
0.738607
0.738621
0.738621
0.738631
0.738644
0.738651
0.738657
0.738658
0.73866
0.738661
0.738667
0.738667
0.73867
0.738674
0.738677
0.738677
0.738686
0.738687
0.738688
0.738688
0.738691
0.738718
0.73873
0.738735
0.738737
0.738754
0.738754
0.738754
0.738757
0.738767
0.738777
0.738777
0.738791
0.738794
0.738798
0.738798
0.7388
0.738824
0.738826
0.738831
0.738831
0.738831
0.738834
0.738843
0.738847
0.738851
0.738864
0.738866
0.738874
0.738875
0.738877
0.738878
0.738888
0.738891
0.738891
0.738895
0.738897
0.738907
0.738911
0.738924
0.738925
0.738937
0.738941
0.738941
0.738951
0.738951
0.738954
0.738956
0.738964
0.738964
0.738967
0.738968
0.738977
0.738984
0.738997
0.738998
0.739
0.739003
0.739007
0.739011
0.739014
0.739017
0.739018
0.739034
0.739037
0.73904
0.739044
0.739057
0.739057
0.739058
0.739067
0.73907
0.739084
0.739094
0.739121
0.739127
0.739128
0.739138
0.739141
0.739144
0.739147
0.739148
0.739154
0.739155
0.739157
0.739164
0.739168
0.739168
0.739178
0.739181
0.739193
0.739197
0.739198
0.739211
0.739217
0.739217
0.739218
0.739223
0.739223
0.739225
0.739225
0.739227
0.739241
0.739244
0.739247
0.739254
0.739255
0.739264
0.739271
0.739274
0.739278
0.739278
0.739281
0.739281
0.739284
0.739284
0.739287
0.739288
0.739291
0.739294
0.739301
0.739304
0.739307
0.739318
0.739333
0.739334
0.739334
0.739335
0.739337
0.739341
0.739343
0.739351
0.739358
0.739361
0.739367
0.739371
0.739371
0.73939
0.739391
0.739393
0.739395
0.739398
0.739401
0.739404
0.739405
0.739414
0.739415
0.739415
0.739415
0.739417
0.739418
0.739421
0.739424
0.739428
0.739428
0.739431
0.739433
0.739434
0.739437
0.739437
0.739438
0.739447
0.73945
0.739451
0.739451
0.739458
0.739461
0.739461
0.739471
0.739484
0.739494
0.739494
0.739504
0.73951
0.739517
0.739521
0.739531
0.739531
0.739545
0.739551
0.739557
0.739568
0.739577
0.739577
0.739578
0.739578
0.739584
0.739585
0.739587
0.739591
0.739594
0.739601
0.739604
0.739616
0.739623
0.739624
0.739627
0.739627
0.739627
0.739628
0.739631
0.739633
0.739643
0.739645
0.73965
0.739651
0.739654
0.739654
0.73966
0.73967
0.739675
0.739683
0.739684
0.739686
0.739695
0.73971
0.73971
0.73973
0.739741
0.739745
0.739747
0.739758
0.73976
0.739767
0.73977
0.739774
0.739774
0.739775
0.739781
0.739783
0.739784
0.739784
0.739787
0.73979
0.739791
0.739797
0.739798
0.739801
0.739804
0.739807
0.739811
0.73982
0.73982
0.739821
0.739827
0.739828
0.739831
0.739834
0.739834
0.739834
0.739834
0.739838
0.739841
0.739841
0.739841
0.739844
0.739847
0.739853
0.739854
0.739854
0.739857
0.739858
0.739871
0.739884
0.739888
0.739893
0.739903
0.739911
0.739914
0.739914
0.739914
0.739914
0.739917
0.739925
0.739941
0.739941
0.739968
0.739984
0.739991
0.740004
0.740004
0.740005
0.740008
0.740014
0.740014
0.740014
0.740021
0.740024
0.740027
0.74003
0.740031
0.740046
0.740047
0.740061
0.740064
0.740065
0.740071
0.740077
0.740081
0.740081
0.740083
0.740084
0.740091
0.740094
0.740101
0.740104
0.740104
0.740106
0.740114
0.740114
0.740116
0.740117
0.74012
0.740125
0.740147
0.740154
0.740156
0.740164
0.740177
0.740191
0.740195
0.740197
0.740198
0.740214
0.740224
0.740227
0.740227
0.740228
0.740231
0.740231
0.740233
0.740234
0.74024
0.740251
0.740257
0.740258
0.740263
0.740264
0.740268
0.74027
0.740284
0.740291
0.740297
0.740307
0.740314
0.740321
0.740324
0.740328
0.740341
0.740344
0.74035
0.740351
0.74036
0.740361
0.740361
0.740361
0.740361
0.740367
0.740367
0.740371
0.740374
0.740374
0.740376
0.740381
0.740381
0.740381
0.740387
0.740388
0.740391
0.740401
0.740404
0.740404
0.740407
0.740413
0.740414
0.74042
0.740438
0.74044
0.740447
0.740448
0.74045
0.740451
0.740464
0.74047
0.740471
0.740474
0.740481
0.740481
0.740484
0.740484
0.740485
0.740494
0.740494
0.740504
0.740504
0.740511
0.740511
0.740518
0.74052
0.740521
0.740524
0.740537
0.740538
0.740544
0.740547
0.740555
0.740557
0.740557
0.740558
0.740571
0.740575
0.740584
0.740591
0.740591
0.740591
0.740594
0.740594
0.740598
0.740598
0.740601
0.740611
0.740628
0.740631
0.740631
0.740633
0.740634
0.740637
0.740638
0.740644
0.74065
0.740651
0.740651
0.740654
0.740654
0.740661
0.740661
0.740664
0.740667
0.740668
0.740668
0.74067
0.740671
0.740683
0.74069
0.740691
0.740691
0.740691
0.740691
0.740694
0.740704
0.740704
0.740714
0.740717
0.74072
0.740721
0.740727
0.740731
0.740731
0.740735
0.740737
0.740738
0.740741
0.740744
0.74075
0.740754
0.740755
0.740761
0.740764
0.740767
0.74077
0.740771
0.740774
0.740774
0.740778
0.740781
0.740781
0.740783
0.740785
0.74079
0.740801
0.740811
0.740814
0.740825
0.740828
0.74083
0.740831
0.740831
0.740838
0.740841
0.740844
0.740845
0.740847
0.740848
0.740851
0.740855
0.740867
0.740867
0.740868
0.74087
0.740874
0.740875
0.740877
0.740884
0.740888
0.740891
0.740894
0.740907
0.740914
0.740917
0.740921
0.740923
0.740925
0.74093
0.74093
0.740933
0.740933
0.740947
0.740948
0.740951
0.740957
0.740961
0.740964
0.740981
0.740987
0.740987
0.740987
0.740987
0.740991
0.740993
0.740994
0.740994
0.741004
0.741021
0.741031
0.741034
0.741035
0.741037
0.741041
0.741041
0.741041
0.741045
0.741051
0.741051
0.741054
0.741054
0.741055
0.741057
0.741061
0.741074
0.741074
0.741083
0.741084
0.741087
0.741087
0.741091
0.741093
0.741097
0.741098
0.741104
0.741104
0.741105
0.741111
0.741111
0.741138
0.741148
0.741154
0.741161
0.741164
0.741164
0.741167
0.741178
0.741183
0.741191
0.741191
0.741197
0.741197
0.741201
0.741201
0.741204
0.74121
0.741211
0.741213
0.741215
0.74123
0.74123
0.741234
0.74124
0.741258
0.74126
0.74126
0.741261
0.741268
0.741268
0.741271
0.741273
0.741273
0.741278
0.741281
0.741284
0.741291
0.741301
0.741314
0.74132
0.74132
0.741321
0.741321
0.741321
0.741334
0.741335
0.741343
0.741353
0.741355
0.741358
0.741361
0.741367
0.741371
0.741373
0.741375
0.741381
0.741384
0.741386
0.741387
0.741391
0.741395
0.741407
0.74141
0.741411
0.741411
0.741413
0.741414
0.741415
0.741417
0.74142
0.741421
0.741425
0.741431
0.741447
0.741454
0.741457
0.741464
0.741473
0.741475
0.741478
0.741487
0.741488
0.741488
0.741493
0.741494
0.741495
0.741505
0.741507
0.741518
0.741524
0.741524
0.741537
0.741544
0.741544
0.741544
0.74155
0.741551
0.741554
0.741557
0.741564
0.741567
0.741571
0.741584
0.741591
0.741594
0.741597
0.741601
0.741604
0.741605
0.741605
0.741608
0.741614
0.741614
0.741614
0.74162
0.741625
0.741647
0.741648
0.741661
0.741661
0.741665
0.741671
0.741678
0.74168
0.741681
0.741681
0.741687
0.741694
0.741697
0.741707
0.741711
0.741711
0.741714
0.741724
0.741724
0.741724
0.741725
0.741734
0.741734
0.741736
0.74174
0.741744
0.741745
0.74175
0.741757
0.741764
0.741765
0.741768
0.741775
0.741777
0.741787
0.741801
0.741805
0.741807
0.741807
0.74181
0.741811
0.741811
0.741814
0.741827
0.741827
0.741831
0.741831
0.741843
0.741845
0.741847
0.741857
0.741857
0.741864
0.741867
0.741871
0.741874
0.741878
0.741884
0.74189
0.741891
0.741894
0.741894
0.741895
0.741897
0.741901
0.741904
0.741907
0.741907
0.741908
0.741911
0.741911
0.741911
0.741914
0.741917
0.741927
0.741928
0.741934
0.741937
0.741938
0.741941
0.741943
0.741944
0.741947
0.741947
0.741948
0.741951
0.74196
0.741961
0.741963
0.741964
0.74197
0.741971
0.741974
0.741974
0.741981
0.741981
0.741984
0.741991
0.741994
0.742007
0.742008
0.74201
0.742014
0.742014
0.742018
0.742018
0.742027
0.742041
0.742044
0.742047
0.742048
0.742051
0.742053
0.742074
0.742074
0.742084
0.742084
0.742088
0.742088
0.74209
0.742091
0.742095
0.742097
0.742097
0.742117
0.742128
0.742131
0.742137
0.742138
0.742148
0.742154
0.742157
0.742164
0.742164
0.742167
0.742174
0.742184
0.742198
0.742201
0.742208
0.742218
0.742224
0.742224
0.742228
0.742228
0.742238
0.742244
0.742245
0.742247
0.742247
0.742247
0.742247
0.742248
0.742251
0.742251
0.742254
0.742258
0.742274
0.742274
0.742278
0.742283
0.742285
0.742297
0.742304
0.742306
0.742308
0.742308
0.74231
0.742317
0.742318
0.742321
0.742324
0.742325
0.742333
0.742334
0.742337
0.742346
0.742357
0.742357
0.74236
0.742361
0.742371
0.742371
0.742371
0.742381
0.742383
0.742384
0.742394
0.742401
0.742401
0.742407
0.74241
0.742411
0.74243
0.74243
0.742431
0.742437
0.742437
0.742441
0.742447
0.742453
0.742455
0.742467
0.74247
0.742474
0.742474
0.742477
0.742478
0.742481
0.742488
0.742494
0.742504
0.742505
0.742507
0.74251
0.742511
0.742511
0.742518
0.74252
0.74252
0.742524
0.742528
0.742534
0.742534
0.742544
0.742551
0.742558
0.742561
0.742573
0.742576
0.742577
0.742581
0.742581
0.742581
0.742594
0.742597
0.742598
0.742601
0.742608
0.742614
0.742615
0.742618
0.742621
0.742624
0.742628
0.742628
0.74263
0.742638
0.742645
0.742651
0.742655
0.742658
0.742661
0.742664
0.742668
0.74267
0.742677
0.742677
0.742681
0.742684
0.742686
0.742688
0.74269
0.742701
0.742711
0.742721
0.74273
0.742734
0.742737
0.74274
0.742741
0.742754
0.742761
0.742761
0.74277
0.742771
0.742773
0.742774
0.74278
0.742786
0.742791
0.742797
0.742797
0.742798
0.7428
0.742801
0.742805
0.742811
0.742811
0.742823
0.742837
0.742841
0.742845
0.742851
0.74286
0.742861
0.742864
0.74287
0.742881
0.742884
0.74289
0.742901
0.742903
0.74291
0.742914
0.742917
0.742921
0.742924
0.742928
0.74293
0.742931
0.742931
0.742948
0.742954
0.742954
0.742965
0.742967
0.742968
0.742973
0.742978
0.742987
0.742995
0.742997
0.743007
0.743007
0.743011
0.743011
0.743014
0.743015
0.74302
0.743021
0.743028
0.74303
0.743031
0.743034
0.743038
0.743041
0.743044
0.743055
0.743058
0.743071
0.743073
0.743074
0.743075
0.743077
0.743078
0.743084
0.74309
0.743097
0.743104
0.743104
0.743104
0.74311
0.743121
0.743128
0.743131
0.743138
0.74314
0.74314
0.743144
0.743177
0.743184
0.74319
0.743198
0.743201
0.743203
0.743203
0.743203
0.743204
0.743204
0.743204
0.743205
0.743211
0.743214
0.743214
0.743217
0.74322
0.743221
0.74323
0.743238
0.74324
0.743241
0.743244
0.743244
0.743245
0.743251
0.743261
0.743264
0.743274
0.743296
0.743301
0.743318
0.743318
0.743321
0.743327
0.743341
0.743343
0.743344
0.743347
0.74335
0.743354
0.743357
0.743364
0.743371
0.743371
0.743388
0.743398
0.743398
0.743401
0.743404
0.743408
0.743411
0.743428
0.74344
0.743447
0.74345
0.74345
0.74345
0.743458
0.743468
0.743477
0.743484
0.743491
0.743491
0.743498
0.743504
0.743507
0.743518
0.743521
0.743521
0.743521
0.743524
0.743534
0.743545
0.743547
0.743548
0.743558
0.743567
0.743577
0.743584
0.743587
0.743594
0.743598
0.743601
0.743607
0.743614
0.74363
0.74364
0.743661
0.743661
0.743661
0.743664
0.743668
0.74367
0.743684
0.743688
0.743691
0.743697
0.743704
0.743705
0.743708
0.743714
0.743716
0.743731
0.743745
0.74375
0.743751
0.743757
0.743757
0.74376
0.743764
0.743771
0.743771
0.743788
0.74379
0.743791
0.743807
0.743808
0.743813
0.743831
0.743831
0.743837
0.743857
0.743857
0.743864
0.74387
0.74387
0.743871
0.743874
0.743874
0.743877
0.743877
0.743884
0.743898
0.743904
0.743905
0.743908
0.743914
0.743915
0.743917
0.743918
0.743928
0.743931
0.743931
0.743934
0.743935
0.743937
0.743938
0.743938
0.743941
0.743944
0.743945
0.743951
0.743955
0.743957
0.743957
0.74396
0.743961
0.743967
0.743974
0.743985
0.743987
0.743988
0.74399
0.743993
0.743994
0.743994
0.744007
0.744011
0.744028
0.744041
0.744045
0.744045
0.74405
0.744051
0.744057
0.74406
0.74407
0.744075
0.744077
0.744081
0.744081
0.744087
0.744094
0.744114
0.744123
0.744125
0.744131
0.744137
0.744138
0.744151
0.744151
0.744151
0.744153
0.744154
0.744155
0.744177
0.744188
0.744194
0.744194
0.744197
0.744197
0.744204
0.744204
0.744207
0.744214
0.744215
0.744217
0.744224
0.744235
0.744238
0.744248
0.744254
0.744261
0.744261
0.744267
0.74427
0.744274
0.74429
0.744291
0.744294
0.744298
0.744317
0.744317
0.744318
0.744318
0.74432
0.744325
0.744346
0.744351
0.744351
0.744354
0.744354
0.744355
0.744364
0.74437
0.744371
0.744371
0.744377
0.744378
0.744384
0.744401
0.744404
0.74441
0.744417
0.74442
0.744424
0.744425
0.74443
0.744433
0.744434
0.744435
0.74444
0.744447
0.74445
0.744453
0.744454
0.744457
0.744468
0.74448
0.744481
0.744484
0.744494
0.744497
0.744501
0.744501
0.744504
0.744511
0.744517
0.744517
0.744524
0.744524
0.744525
0.744527
0.744528
0.744535
0.744544
0.744547
0.74455
0.744553
0.744554
0.744558
0.74456
0.74456
0.744564
0.744564
0.744571
0.744571
0.744571
0.744574
0.744587
0.744588
0.744597
0.744604
0.744613
0.744614
0.744624
0.744624
0.744631
0.744634
0.744637
0.744644
0.744644
0.744644
0.744645
0.744654
0.744654
0.744656
0.744657
0.744664
0.744664
0.744674
0.744674
0.744675
0.744675
0.744681
0.744684
0.744707
0.744707
0.744707
0.744711
0.744714
0.744715
0.744717
0.744721
0.744721
0.744724
0.744731
0.74474
0.744741
0.744741
0.744758
0.744764
0.744768
0.74477
0.744771
0.744777
0.744778
0.744783
0.744783
0.744784
0.744785
0.744787
0.744788
0.744788
0.744797
0.744798
0.744811
0.744818
0.744821
0.744821
0.744824
0.744825
0.744828
0.744831
0.744831
0.744831
0.744835
0.744838
0.74484
0.744844
0.744845
0.744847
0.744848
0.744854
0.744861
0.744871
0.744887
0.744888
0.744908
0.744908
0.744918
0.744924
0.744938
0.744944
0.744944
0.744947
0.744955
0.744964
0.744971
0.744981
0.744981
0.744984
0.744987
0.74499
0.744991
0.744994
0.744994
0.744995
0.745001
0.745011
0.745011
0.745031
0.745035
0.745041
0.745047
0.745048
0.745068
0.745071
0.745077
0.745087
0.745088
0.745098
0.745101
0.745108
0.745108
0.745114
0.745117
0.745124
0.74513
0.745131
0.745141
0.74516
0.745161
0.745161
0.745164
0.74517
0.745177
0.745177
0.745178
0.74519
0.745191
0.745197
0.745197
0.7452
0.745207
0.745211
0.745221
0.745224
0.745237
0.745247
0.745251
0.745251
0.745251
0.745257
0.745268
0.74527
0.745271
0.745273
0.745278
0.745284
0.74529
0.745294
0.745301
0.745301
0.745308
0.745308
0.745314
0.745318
0.745321
0.745324
0.74533
0.745347
0.74535
0.745361
0.745367
0.745368
0.745374
0.745375
0.745375
0.745378
0.745381
0.745384
0.745388
0.745388
0.745391
0.745393
0.745398
0.745404
0.745407
0.745417
0.745417
0.745423
0.745427
0.745434
0.745434
0.745451
0.745451
0.745451
0.745475
0.745477
0.745484
0.745501
0.745521
0.745524
0.745527
0.745534
0.745541
0.745545
0.745548
0.745554
0.745564
0.745567
0.745584
0.745587
0.745587
0.745595
0.745597
0.745601
0.745607
0.745611
0.745614
0.745618
0.74562
0.74562
0.745621
0.745624
0.74563
0.745634
0.745637
0.745638
0.745638
0.745641
0.745647
0.74565
0.745651
0.745651
0.745654
0.745661
0.745661
0.745664
0.745664
0.745665
0.74567
0.745674
0.745677
0.745677
0.74568
0.745688
0.74569
0.745691
0.745693
0.745701
0.745707
0.74571
0.745711
0.745715
0.745721
0.745724
0.745725
0.745728
0.745734
0.745744
0.745747
0.745748
0.74575
0.745757
0.745764
0.745766
0.745767
0.745768
0.745768
0.745774
0.745777
0.745778
0.745778
0.74578
0.745781
0.745795
0.745797
0.745798
0.7458
0.745801
0.745801
0.745804
0.745806
0.74581
0.745811
0.745814
0.745818
0.74582
0.745828
0.745831
0.745834
0.745835
0.745837
0.745841
0.745844
0.745847
0.745854
0.745857
0.745858
0.745858
0.745858
0.745864
0.745866
0.745886
0.745891
0.745895
0.745896
0.745897
0.745898
0.7459
0.745907
0.745914
0.745931
0.745931
0.745934
0.745934
0.745937
0.745941
0.745954
0.745957
0.745964
0.745967
0.745968
0.745971
0.745978
0.74598
0.745991
0.746008
0.746024
0.746034
0.746043
0.746051
0.746051
0.746054
0.74606
0.746061
0.746071
0.746074
0.746077
0.746077
0.746081
0.746085
0.74609
0.746091
0.746097
0.7461
0.746101
0.746111
0.746123
0.746134
0.746137
0.746158
0.746158
0.74616
0.746161
0.746163
0.746168
0.746168
0.746178
0.746187
0.746188
0.746191
0.746194
0.746194
0.746197
0.746198
0.746198
0.746201
0.746205
0.746207
0.746207
0.746211
0.746211
0.746211
0.746214
0.746217
0.746218
0.746223
0.746224
0.746231
0.746231
0.746231
0.746238
0.746238
0.746245
0.746257
0.74626
0.746281
0.746287
0.746293
0.746295
0.746296
0.746297
0.746298
0.7463
0.746304
0.746304
0.746307
0.746311
0.746312
0.746314
0.746314
0.746317
0.746324
0.746334
0.746337
0.746338
0.746341
0.746341
0.746344
0.746348
0.746354
0.746357
0.746358
0.746361
0.746361
0.746367
0.746367
0.746368
0.746378
0.746381
0.746387
0.746401
0.746404
0.746406
0.746423
0.746427
0.746431
0.746441
0.746443
0.746444
0.746448
0.746454
0.746457
0.746458
0.746463
0.746464
0.746468
0.746481
0.746491
0.746491
0.746507
0.746507
0.746508
0.746517
0.746518
0.746524
0.746528
0.74653
0.746533
0.746534
0.746534
0.746538
0.746538
0.746544
0.746544
0.746555
0.746563
0.746564
0.746574
0.746578
0.746581
0.746587
0.746588
0.746594
0.746597
0.746614
0.746624
0.746634
0.746637
0.746637
0.746638
0.746641
0.746645
0.746645
0.746645
0.746647
0.746654
0.746657
0.746658
0.746667
0.746677
0.746677
0.746691
0.746698
0.746707
0.746714
0.746717
0.746721
0.746724
0.746724
0.746725
0.746731
0.746741
0.746741
0.746754
0.746755
0.746758
0.746758
0.746767
0.746768
0.746771
0.74678
0.746781
0.746784
0.746787
0.746788
0.746791
0.746794
0.746804
0.746811
0.746821
0.746821
0.746823
0.746828
0.746834
0.74684
0.74684
0.746851
0.746857
0.746858
0.74686
0.746861
0.746877
0.746885
0.746887
0.746887
0.746891
0.746893
0.746903
0.74691
0.746917
0.746918
0.746918
0.746924
0.746927
0.746927
0.746934
0.746938
0.74694
0.746944
0.746944
0.746948
0.74695
0.746957
0.746957
0.746961
0.746971
0.746974
0.746975
0.746977
0.746987
0.746987
0.746988
0.746991
0.747
0.747007
0.747011
0.747014
0.747018
0.747027
0.747035
0.747037
0.747041
0.747047
0.74705
0.747051
0.747054
0.747054
0.747061
0.747061
0.747065
0.747071
0.747075
0.747081
0.747081
0.747081
0.747083
0.747084
0.747088
0.747091
0.747097
0.747104
0.747104
0.747111
0.747111
0.747114
0.747121
0.747134
0.747137
0.747144
0.747144
0.74715
0.747151
0.747168
0.747171
0.747171
0.747178
0.747181
0.747186
0.747187
0.747194
0.747201
0.747201
0.747201
0.747204
0.747207
0.747213
0.747217
0.747217
0.747218
0.74724
0.747247
0.747248
0.74725
0.747251
0.747251
0.747254
0.747255
0.747257
0.747267
0.747271
0.747291
0.747294
0.7473
0.747301
0.747301
0.747305
0.747305
0.747311
0.747314
0.747315
0.747324
0.747324
0.747324
0.747327
0.747334
0.747345
0.747351
0.74736
0.747364
0.747367
0.747378
0.747381
0.747388
0.747388
0.74739
0.747397
0.747401
0.747404
0.747404
0.747405
0.747414
0.747418
0.74742
0.747421
0.74743
0.747437
0.747447
0.747447
0.747454
0.747471
0.747474
0.747477
0.747481
0.747485
0.747491
0.747493
0.747494
0.747497
0.747506
0.747511
0.747511
0.747511
0.747514
0.747524
0.747524
0.747527
0.747534
0.747537
0.747541
0.747544
0.747551
0.747553
0.747554
0.747557
0.74756
0.747564
0.747565
0.747574
0.747575
0.747578
0.747588
0.747594
0.747608
0.747611
0.747611
0.747621
0.747625
0.747626
0.747628
0.74763
0.747631
0.747631
0.747635
0.747644
0.74765
0.747663
0.747665
0.747666
0.747668
0.747674
0.747691
0.747694
0.747695
0.7477
0.747704
0.747708
0.747708
0.747714
0.747714
0.747724
0.747727
0.747737
0.747741
0.747743
0.747747
0.747748
0.747754
0.747761
0.747771
0.747774
0.747774
0.747774
0.747784
0.747784
0.74779
0.7478
0.7478
0.747827
0.747834
0.747838
0.747847
0.747847
0.747847
0.747851
0.747857
0.74786
0.747861
0.747863
0.747868
0.747874
0.747884
0.747884
0.747891
0.747901
0.747901
0.747904
0.747907
0.747908
0.747911
0.747913
0.747913
0.74792
0.747924
0.747928
0.747941
0.747941
0.747947
0.747948
0.74796
0.747966
0.747967
0.747967
0.747978
0.747984
0.747984
0.747985
0.747993
0.747997
0.748004
0.748007
0.748015
0.748015
0.74802
0.748021
0.748025
0.748031
0.748035
0.748041
0.748051
0.748054
0.748054
0.748061
0.748071
0.748081
0.748088
0.748091
0.748097
0.748101
0.748107
0.748114
0.74812
0.748124
0.748124
0.748125
0.74813
0.748133
0.748141
0.748141
0.748151
0.748151
0.748157
0.748161
0.748167
0.748168
0.74817
0.748171
0.748173
0.748177
0.748181
0.748185
0.748187
0.748187
0.74819
0.748201
0.748214
0.748214
0.748217
0.748218
0.74822
0.748237
0.748241
0.748241
0.748244
0.748247
0.748251
0.748254
0.748261
0.748264
0.748271
0.748297
0.748304
0.748307
0.748311
0.748311
0.748321
0.748324
0.748341
0.748345
0.748347
0.748355
0.748364
0.748368
0.748368
0.748388
0.748394
0.7484
0.748411
0.748413
0.748417
0.748428
0.748437
0.748437
0.748438
0.748438
0.748444
0.748444
0.748457
0.748457
0.748461
0.74847
0.748477
0.74848
0.748481
0.748491
0.748491
0.748494
0.748513
0.748517
0.748518
0.748534
0.748538
0.74854
0.748544
0.748545
0.748548
0.74855
0.748563
0.748564
0.748567
0.748585
0.748593
0.748603
0.748608
0.748611
0.748614
0.748618
0.748624
0.748641
0.748644
0.748654
0.748657
0.748661
0.748667
0.748668
0.748673
0.748687
0.748694
0.748694
0.748694
0.748701
0.74871
0.748711
0.748713
0.748714
0.748715
0.748717
0.74872
0.748728
0.748734
0.748738
0.748738
0.748741
0.748747
0.748747
0.748754
0.748758
0.748767
0.748774
0.748788
0.748794
0.748797
0.748801
0.748804
0.748807
0.748811
0.748821
0.748824
0.748825
0.74883
0.748834
0.748837
0.748841
0.748854
0.748868
0.748874
0.748875
0.748877
0.74888
0.748881
0.748885
0.74889
0.748891
0.748891
0.748891
0.748897
0.748901
0.748904
0.748907
0.748918
0.748924
0.748927
0.748934
0.748934
0.748941
0.748943
0.74896
0.74896
0.748967
0.749014
0.749017
0.749031
0.749037
0.749037
0.749041
0.749047
0.74905
0.749051
0.749057
0.749061
0.749067
0.749074
0.749077
0.749078
0.74908
0.749087
0.749091
0.749107
0.749111
0.749111
0.749123
0.749124
0.749134
0.749134
0.749145
0.749155
0.749161
0.749174
0.749174
0.749181
0.749184
0.749187
0.74919
0.749193
0.749195
0.7492
0.749211
0.749228
0.749228
0.749234
0.749234
0.749241
0.749241
0.749244
0.749247
0.749267
0.74927
0.74927
0.749277
0.749277
0.749283
0.74929
0.749291
0.749294
0.749294
0.749298
0.749301
0.749317
0.74932
0.749321
0.749323
0.749331
0.749334
0.749343
0.749347
0.749363
0.749365
0.749365
0.749367
0.74937
0.749374
0.74938
0.749391
0.749393
0.749394
0.749401
0.749403
0.749404
0.749407
0.749408
0.749411
0.749414
0.749417
0.749431
0.749435
0.749441
0.749447
0.749464
0.749467
0.749471
0.749481
0.749483
0.749486
0.749487
0.749491
0.749494
0.749495
0.749504
0.749511
0.749514
0.749515
0.749517
0.749528
0.749531
0.749546
0.749554
0.74956
0.74956
0.74956
0.74956
0.749581
0.749584
0.749601
0.749605
0.749606
0.749607
0.749624
0.749624
0.74963
0.74964
0.74965
0.749657
0.74966
0.74966
0.749661
0.749667
0.749667
0.74967
0.749674
0.749701
0.749716
0.749717
0.74972
0.749721
0.749727
0.749733
0.749734
0.749737
0.749741
0.749744
0.749753
0.749754
0.749755
0.749757
0.749761
0.749761
0.749764
0.749774
0.749777
0.749791
0.749791
0.749791
0.749801
0.749801
0.749804
0.749814
0.749814
0.749818
0.749828
0.74984
0.749841
0.749858
0.749864
0.749867
0.749867
0.749878
0.749887
0.749895
0.749901
0.749901
0.749917
0.749921
0.749924
0.749928
0.749934
0.74994
0.749951
0.749961
0.749961
0.749971
0.74998
0.749981
0.749983
0.749984
0.750001
0.75001
0.75001
0.750011
0.750014
0.750024
0.75003
0.75003
0.750035
0.750038
0.750041
0.750044
0.750057
0.750071
0.75008
0.750081
0.750088
0.75009
0.750091
0.750093
0.750094
0.750101
0.750111
0.750114
0.750114
0.750124
0.750128
0.750128
0.750145
0.750147
0.750151
0.750151
0.750154
0.750155
0.750161
0.750168
0.750174
0.750181
0.750191
0.750191
0.750197
0.750204
0.750214
0.750217
0.750231
0.750251
0.750255
0.750257
0.750264
0.750275
0.750281
0.750284
0.750294
0.750304
0.750307
0.750318
0.750321
0.750334
0.750341
0.750357
0.750361
0.750364
0.750368
0.750374
0.750375
0.750378
0.750381
0.750385
0.750387
0.750398
0.7504
0.750418
0.75042
0.750423
0.750435
0.750447
0.750448
0.75046
0.750471
0.750478
0.750486
0.750505
0.750506
0.750507
0.750514
0.750527
0.750531
0.750534
0.750537
0.750538
0.75055
0.75056
0.75057
0.750571
0.750574
0.750578
0.750594
0.750597
0.750601
0.750604
0.75062
0.750628
0.750631
0.750631
0.75064
0.750641
0.750654
0.750657
0.75066
0.750661
0.750673
0.750677
0.750678
0.750681
0.750686
0.750695
0.750701
0.750703
0.750714
0.750717
0.75072
0.750724
0.750727
0.750728
0.750741
0.750741
0.750744
0.750748
0.750757
0.750758
0.750768
0.750773
0.750774
0.750781
0.750797
0.750811
0.750817
0.750821
0.750821
0.750824
0.750834
0.750838
0.75084
0.750841
0.750844
0.750844
0.750844
0.750845
0.750861
0.750863
0.750867
0.750873
0.750874
0.750874
0.750877
0.750887
0.750887
0.750891
0.750891
0.750898
0.750901
0.750911
0.750914
0.750915
0.750918
0.750921
0.750925
0.750938
0.750941
0.750944
0.750947
0.75095
0.750951
0.750954
0.750956
0.75096
0.750961
0.750968
0.750971
0.75098
0.750984
0.75099
0.750997
0.750998
0.750999
0.75102
0.751031
0.751031
0.751031
0.751041
0.751051
0.751064
0.751064
0.75107
0.75107
0.75107
0.751071
0.751071
0.751078
0.751087
0.751088
0.751097
0.751107
0.751111
0.751111
0.751117
0.751124
0.751124
0.751127
0.75113
0.751131
0.751151
0.751161
0.751164
0.751167
0.751174
0.751174
0.751181
0.751187
0.751204
0.751217
0.751218
0.751218
0.751221
0.751228
0.751241
0.751244
0.751245
0.751255
0.751258
0.75126
0.751271
0.751273
0.751274
0.751274
0.751274
0.751277
0.75128
0.751285
0.751294
0.751304
0.751307
0.751308
0.751308
0.751314
0.751318
0.751323
0.751325
0.751341
0.751351
0.751354
0.751354
0.751364
0.751371
0.751374
0.751377
0.751378
0.751386
0.751395
0.751414
0.751424
0.751431
0.751434
0.751434
0.751434
0.751441
0.751447
0.751448
0.751453
0.751457
0.751464
0.751478
0.7515
0.751501
0.751503
0.751511
0.751517
0.75152
0.751521
0.751527
0.75153
0.75154
0.751541
0.751545
0.751555
0.751561
0.751564
0.751574
0.751577
0.751578
0.751584
0.751584
0.751601
0.751607
0.75161
0.751614
0.751615
0.751617
0.751623
0.751624
0.751624
0.75163
0.751638
0.751641
0.751644
0.751644
0.75165
0.751651
0.751657
0.751671
0.751674
0.751691
0.751724
0.751728
0.751731
0.751737
0.751741
0.751741
0.751744
0.751748
0.751751
0.75176
0.751761
0.751766
0.751767
0.751787
0.751817
0.751817
0.751818
0.751821
0.751827
0.751837
0.751841
0.75185
0.751858
0.751864
0.751868
0.751871
0.751884
0.751891
0.751894
0.751894
0.751895
0.751895
0.751897
0.751898
0.751904
0.751907
0.751914
0.751924
0.751927
0.751934
0.751934
0.751937
0.75194
0.751947
0.751948
0.751948
0.75195
0.751957
0.751958
0.751971
0.751971
0.751977
0.751984
0.751984
0.75199
0.751995
0.752003
0.752008
0.752011
0.752018
0.752021
0.752024
0.752027
0.752044
0.752067
0.752071
0.752094
0.752101
0.752121
0.752127
0.752131
0.752131
0.752137
0.752137
0.752137
0.752141
0.752143
0.752151
0.752151
0.752157
0.752158
0.752161
0.752171
0.752173
0.752198
0.752204
0.752207
0.752208
0.752211
0.752211
0.752217
0.752217
0.752218
0.75222
0.752228
0.752228
0.752234
0.752237
0.752238
0.752243
0.752248
0.752251
0.752256
0.752257
0.752257
0.752257
0.752258
0.752261
0.752264
0.752267
0.752271
0.752274
0.752274
0.752287
0.752287
0.752304
0.752307
0.752311
0.752314
0.752334
0.752337
0.752341
0.752341
0.75235
0.752357
0.752364
0.752364
0.752364
0.75237
0.752378
0.752383
0.75239
0.752391
0.752397
0.7524
0.752403
0.752411
0.752411
0.752418
0.752421
0.752421
0.752433
0.752434
0.752435
0.752441
0.752444
0.752461
0.75247
0.752478
0.75248
0.752481
0.752483
0.752494
0.752498
0.752501
0.752521
0.752531
0.752534
0.752537
0.752537
0.752554
0.752557
0.752557
0.752558
0.752564
0.752564
0.752581
0.752585
0.752616
0.752621
0.752624
0.752628
0.752644
0.752645
0.752647
0.752651
0.752656
0.752657
0.752657
0.752661
0.752661
0.752667
0.752674
0.752684
0.752686
0.752688
0.75269
0.752694
0.752694
0.752697
0.752701
0.752703
0.752704
0.752704
0.752728
0.752731
0.752737
0.752744
0.752751
0.752757
0.752757
0.752767
0.752784
0.752791
0.752791
0.752797
0.752807
0.752814
0.752818
0.75282
0.752821
0.752821
0.752824
0.752824
0.752825
0.752828
0.752831
0.752834
0.752837
0.75284
0.752858
0.752861
0.752867
0.752881
0.752886
0.752888
0.75289
0.752896
0.752898
0.752901
0.752907
0.752908
0.75291
0.752925
0.752934
0.752937
0.752938
0.752957
0.752958
0.752963
0.752964
0.752965
0.752974
0.752974
0.752978
0.752978
0.752981
0.752987
0.753001
0.753001
0.75302
0.753021
0.753023
0.753024
0.753031
0.753037
0.753047
0.753051
0.753057
0.75306
0.753071
0.753078
0.753091
0.753094
0.753101
0.753104
0.753104
0.753107
0.75311
0.753113
0.753118
0.75312
0.75314
0.75314
0.753144
0.753151
0.753154
0.753155
0.753158
0.753161
0.753171
0.753174
0.753184
0.753187
0.753191
0.753194
0.753194
0.753205
0.753207
0.753215
0.753223
0.753224
0.753231
0.753235
0.753241
0.753254
0.753261
0.753265
0.753271
0.753296
0.753304
0.753347
0.75336
0.753361
0.753371
0.753374
0.753388
0.753397
0.753407
0.753411
0.75342
0.753445
0.753454
0.753457
0.753467
0.753471
0.753484
0.75349
0.753514
0.753521
0.753524
0.753524
0.753535
0.753541
0.753545
0.753548
0.753551
0.753551
0.753557
0.753568
0.753575
0.753575
0.753577
0.75359
0.753597
0.753597
0.753604
0.753614
0.753615
0.753628
0.753651
0.753654
0.753664
0.753674
0.753681
0.753698
0.753701
0.753711
0.753713
0.753725
0.753727
0.753728
0.753741
0.753753
0.753754
0.753754
0.753771
0.753773
0.753774
0.753777
0.753778
0.753781
0.753785
0.753794
0.753797
0.753798
0.753824
0.753824
0.753838
0.753844
0.753848
0.753851
0.753851
0.753867
0.753873
0.7539
0.753901
0.753901
0.753921
0.753924
0.753928
0.75393
0.753934
0.753941
0.753961
0.753963
0.753964
0.753967
0.753968
0.753974
0.753977
0.75398
0.753984
0.753994
0.753994
0.754007
0.754011
0.754015
0.754024
0.754027
0.754044
0.754058
0.754061
0.754064
0.75407
0.754078
0.75408
0.754085
0.754088
0.754101
0.754108
0.754117
0.754148
0.754167
0.754173
0.754177
0.754193
0.754214
0.754234
0.754237
0.754237
0.75424
0.75426
0.754261
0.754264
0.75427
0.754284
0.754291
0.754291
0.754294
0.754297
0.754301
0.754301
0.754304
0.754304
0.754304
0.754317
0.75432
0.754321
0.754324
0.75433
0.754331
0.754341
0.754341
0.754344
0.754348
0.754387
0.754404
0.754404
0.754404
0.754417
0.754421
0.754427
0.754437
0.754437
0.754441
0.754447
0.754448
0.754451
0.754461
0.754477
0.754494
0.754497
0.754498
0.754513
0.754516
0.75452
0.754524
0.754538
0.75454
0.75454
0.754567
0.754567
0.75457
0.754584
0.754595
0.754598
0.754607
0.754607
0.754624
0.754628
0.754661
0.754664
0.754667
0.754667
0.754668
0.754687
0.754701
0.754701
0.754704
0.75471
0.754711
0.754714
0.754727
0.754728
0.754737
0.754745
0.754747
0.754754
0.754767
0.754778
0.754787
0.754797
0.754798
0.754805
0.754807
0.754817
0.754824
0.754828
0.75483
0.75483
0.754834
0.754838
0.754844
0.754845
0.754847
0.754848
0.754864
0.754871
0.754877
0.75488
0.754893
0.754897
0.754917
0.754921
0.754925
0.75493
0.754931
0.754941
0.754943
0.754944
0.75495
0.754951
0.754963
0.754967
0.754971
0.754974
0.754978
0.755037
0.755038
0.75504
0.755045
0.75505
0.755054
0.755057
0.755061
0.755067
0.755068
0.755068
0.755077
0.755084
0.755087
0.755093
0.755107
0.755111
0.755124
0.755124
0.755134
0.755135
0.755168
0.75518
0.755181
0.755184
0.755195
0.755201
0.755217
0.75522
0.755221
0.755237
0.755237
0.755238
0.75524
0.755253
0.755257
0.755267
0.755277
0.755284
0.755291
0.755295
0.755295
0.755296
0.755301
0.755308
0.75531
0.755327
0.755334
0.755337
0.755357
0.755374
0.755377
0.755388
0.755394
0.755395
0.755404
0.75541
0.75542
0.755441
0.755451
0.755464
0.755467
0.755534
0.755547
0.755561
0.755574
0.755581
0.755611
0.755621
0.755627
0.755631
0.755643
0.755644
0.755654
0.755657
0.75566
0.755661
0.755671
0.755674
0.755677
0.755684
0.755684
0.755694
0.755695
0.755698
0.755706
0.755711
0.755714
0.755731
0.755741
0.755741
0.755754
0.755755
0.755771
0.755771
0.755778
0.755791
0.755791
0.755794
0.755807
0.755811
0.755817
0.755847
0.755897
0.755911
0.755914
0.755917
0.755924
0.755924
0.755924
0.755934
0.755938
0.755941
0.755974
0.755974
0.755993
0.755995
0.755995
0.756001
0.756005
0.756014
0.756014
0.756028
0.756034
0.756041
0.756044
0.756054
0.756057
0.756067
0.756068
0.756077
0.756077
0.756081
0.756111
0.756111
0.756117
0.756131
0.756141
0.756144
0.756147
0.756154
0.756154
0.756184
0.75619
0.756194
0.756231
0.756234
0.756245
0.756254
0.756264
0.756297
0.756314
0.756314
0.75633
0.756361
0.756384
0.756385
0.756388
0.756394
0.756411
0.756415
0.75642
0.756427
0.756434
0.756437
0.75644
0.756444
0.756444
0.756448
0.756448
0.756461
0.756467
0.756468
0.75647
0.756487
0.75649
0.756498
0.756501
0.756504
0.756518
0.756521
0.75653
0.756531
0.756538
0.756548
0.756554
0.756558
0.756561
0.756584
0.756591
0.756594
0.756597
0.756617
0.756624
0.756625
0.756637
0.756643
0.756645
0.756651
0.756651
0.756661
0.756667
0.756668
0.756671
0.756674
0.756684
0.756691
0.756691
0.756717
0.756721
0.756734
0.756738
0.756758
0.756781
0.756784
0.756814
0.756821
0.756821
0.756834
0.756851
0.756853
0.756853
0.756854
0.756867
0.75689
0.7569
0.756901
0.756904
0.756908
0.756915
0.756921
0.756936
0.756943
0.756943
0.756948
0.756958
0.756961
0.757014
0.757018
0.757024
0.757031
0.757041
0.757044
0.757047
0.757061
0.757064
0.757065
0.757074
0.757084
0.757094
0.757101
0.757121
0.757131
0.757158
0.757161
0.757174
0.757175
0.7572
0.757224
0.75724
0.757247
0.75725
0.757254
0.757261
0.757291
0.757293
0.757298
0.757303
0.757307
0.757308
0.757318
0.75735
0.757354
0.757356
0.757361
0.757368
0.757388
0.757407
0.757407
0.75741
0.757423
0.757438
0.757441
0.757444
0.757458
0.757461
0.757494
0.757497
0.757497
0.757511
0.757514
0.757518
0.757525
0.757548
0.757561
0.757577
0.757587
0.7576
0.757603
0.757611
0.757614
0.757628
0.757668
0.757674
0.757674
0.757694
0.757731
0.757746
0.75777
0.757775
0.757781
0.757783
0.757784
0.757791
0.757791
0.757797
0.7578
0.757811
0.757817
0.75783
0.757838
0.75784
0.757844
0.757848
0.757866
0.757878
0.757884
0.757894
0.757908
0.75791
0.757911
0.757928
0.757937
0.757951
0.757954
0.757957
0.757958
0.757974
0.757987
0.757995
0.758008
0.758008
0.758011
0.758017
0.758021
0.758027
0.758034
0.758034
0.758035
0.758044
0.758057
0.758067
0.758071
0.75808
0.75808
0.758081
0.758083
0.758117
0.758121
0.758121
0.758138
0.758145
0.758161
0.758164
0.758168
0.758178
0.758178
0.758184
0.758185
0.758186
0.758188
0.758197
0.758204
0.758208
0.758213
0.758215
0.758227
0.758237
0.758251
0.758254
0.758258
0.758278
0.75828
0.758281
0.758284
0.758297
0.758301
0.758304
0.758321
0.758324
0.758325
0.758327
0.758345
0.758348
0.758348
0.75835
0.758357
0.758367
0.758368
0.758375
0.758381
0.758391
0.758391
0.758397
0.75843
0.758441
0.758447
0.758494
0.758497
0.758504
0.758505
0.758507
0.758521
0.758521
0.758531
0.758544
0.75856
0.758577
0.758578
0.758591
0.758598
0.758607
0.75861
0.758614
0.758618
0.758624
0.758624
0.758657
0.758697
0.758714
0.758721
0.758735
0.758767
0.758771
0.758774
0.758794
0.758794
0.758818
0.758821
0.758831
0.758838
0.758857
0.758871
0.7589
0.758934
0.758951
0.758964
0.75897
0.758973
0.758987
0.758987
0.758991
0.759001
0.759001
0.759008
0.759021
0.759024
0.759024
0.759033
0.759077
0.759088
0.75909
0.759091
0.759098
0.759107
0.759117
0.759117
0.759121
0.759123
0.75913
0.759148
0.759148
0.759157
0.759184
0.759194
0.759201
0.759214
0.759218
0.759238
0.759274
0.759278
0.75928
0.759285
0.759291
0.759313
0.759328
0.759337
0.759345
0.759351
0.759354
0.759371
0.759401
0.759407
0.759425
0.75946
0.759461
0.759473
0.75948
0.759491
0.759494
0.759497
0.759514
0.759514
0.759531
0.759538
0.759554
0.75956
0.75956
0.759578
0.759635
0.759651
0.75967
0.759671
0.759671
0.759687
0.759691
0.7597
0.759707
0.759711
0.759711
0.759718
0.759727
0.759758
0.759767
0.759788
0.759797
0.759801
0.759804
0.75983
0.759841
0.759841
0.759854
0.759858
0.759864
0.759915
0.759931
0.759941
0.759944
0.75996
0.759961
0.759988
0.760071
0.760111
0.760114
0.760147
0.760157
0.760161
0.76017
0.760171
0.760171
0.7602
0.760233
0.760254
0.760257
0.760264
0.760288
0.760288
0.760288
0.760317
0.760331
0.760331
0.760335
0.760337
0.760341
0.760351
0.760357
0.76036
0.760397
0.760424
0.760451
0.760457
0.760468
0.76048
0.760485
0.76049
0.760511
0.760514
0.760514
0.760524
0.760527
0.760541
0.760544
0.760577
0.760581
0.760594
0.760595
0.760611
0.760624
0.760631
0.760631
0.760634
0.760634
0.76065
0.76065
0.760674
0.760677
0.760685
0.760691
0.760708
0.760713
0.760714
0.760731
0.760751
0.760761
0.760766
0.760767
0.760787
0.760791
0.760831
0.760831
0.760841
0.760841
0.760847
0.760878
0.760884
0.760887
0.7609
0.760917
0.760933
0.760937
0.760937
0.760948
0.760965
0.760968
0.760981
0.760991
0.761008
0.761034
0.76107
0.761071
0.761104
0.761105
0.761105
0.761128
0.761141
0.761158
0.76119
0.761233
0.761244
0.761245
0.761247
0.761271
0.761277
0.761314
0.761314
0.761353
0.761381
0.761408
0.761434
0.761437
0.761437
0.761441
0.761448
0.761477
0.761498
0.761518
0.761534
0.761604
0.761604
0.761624
0.761654
0.761701
0.761704
0.761724
0.761731
0.761738
0.76176
0.761761
0.761765
0.761781
0.761784
0.761811
0.761815
0.76182
0.761837
0.761855
0.761867
0.761868
0.761881
0.761881
0.761884
0.761904
0.761944
0.761944
0.761954
0.761954
0.761958
0.761968
0.761988
0.761991
0.761998
0.762
0.762015
0.762054
0.762061
0.762074
0.7621
0.762107
0.762141
0.762164
0.762205
0.762211
0.762214
0.76222
0.762228
0.76226
0.762354
0.762354
0.762394
0.762407
0.762411
0.762424
0.762434
0.762494
0.762498
0.762514
0.762521
0.762555
0.762568
0.762574
0.762576
0.762595
0.762604
0.762604
0.76262
0.762628
0.762655
0.762655
0.762657
0.762664
0.762668
0.762671
0.76268
0.762681
0.762694
0.762717
0.762724
0.762737
0.762765
0.76278
0.762838
0.762878
0.762881
0.762885
0.762898
0.762914
0.762927
0.762931
0.762947
0.762968
0.762974
0.762994
0.762995
0.763014
0.763021
0.763047
0.763084
0.763097
0.763107
0.763111
0.763114
0.763154
0.763161
0.763184
0.763197
0.763211
0.763244
0.763281
0.763294
0.763305
0.763308
0.763324
0.763397
0.7634
0.7634
0.763401
0.763434
0.763466
0.76347
0.763487
0.763544
0.763548
0.763561
0.763578
0.763614
0.763617
0.76364
0.763644
0.763647
0.763665
0.76373
0.763734
0.763777
0.763791
0.763801
0.763814
0.763831
0.76384
0.763845
0.763951
0.763961
0.76398
0.763998
0.764041
0.764048
0.764081
0.7641
0.764141
0.764161
0.764173
0.764181
0.764201
0.764224
0.764244
0.764287
0.7643
0.764304
0.764308
0.764334
0.764347
0.764348
0.764404
0.764428
0.764468
0.764481
0.764483
0.764494
0.764511
0.764544
0.764548
0.764574
0.764604
0.764605
0.764614
0.764644
0.764701
0.764711
0.764721
0.764741
0.764775
0.764861
0.764864
0.764864
0.764871
0.764938
0.764961
0.76503
0.765054
0.765085
0.765101
0.765104
0.765124
0.765178
0.765191
0.765226
0.76525
0.765261
0.765271
0.765271
0.765281
0.765288
0.765343
0.765351
0.765351
0.765357
0.765364
0.765374
0.765374
0.765468
0.765481
0.765484
0.765497
0.765508
0.765524
0.765614
0.765624
0.765631
0.765641
0.765664
0.765731
0.765761
0.76577
0.765771
0.765805
0.765818
0.765837
0.765854
0.765857
0.765894
0.765948
0.765956
0.765998
0.766007
0.766007
0.766041
0.766054
0.76608
0.766114
0.766124
0.766157
0.766188
0.76622
0.766221
0.766221
0.76627
0.766294
0.766296
0.766304
0.766347
0.766353
0.766371
0.76638
0.766384
0.766437
0.76653
0.766544
0.766561
0.766575
0.766597
0.766608
0.766635
0.766643
0.76667
0.766674
0.766674
0.766717
0.76675
0.766754
0.766784
0.766813
0.766821
0.766827
0.766828
0.766837
0.766854
0.766861
0.766901
0.76692
0.766921
0.766925
0.766927
0.766954
0.766971
0.766981
0.766998
0.767008
0.767041
0.767108
0.767125
0.767174
0.767197
0.767281
0.767301
0.76731
0.767334
0.767341
0.767381
0.7674
0.767427
0.767443
0.767477
0.767548
0.767551
0.767557
0.767593
0.767624
0.767693
0.767776
0.767794
0.767804
0.76781
0.767811
0.76782
0.767821
0.767905
0.767914
0.767937
0.767938
0.767985
0.767995
0.768001
0.768038
0.768041
0.768044
0.768047
0.768057
0.768068
0.768111
0.768207
0.768217
0.768218
0.768224
0.768244
0.768264
0.768314
0.768318
0.768361
0.768361
0.768451
0.768524
0.768558
0.768577
0.768603
0.768611
0.768628
0.768645
0.768678
0.768681
0.768737
0.768768
0.768784
0.768811
0.768811
0.768811
0.768831
0.768863
0.768891
0.768891
0.76893
0.769014
0.769018
0.769035
0.769053
0.769057
0.769125
0.769193
0.769197
0.769226
0.769278
0.769304
0.769305
0.769324
0.769341
0.769368
0.769405
0.769414
0.769433
0.769474
0.76949
0.769528
0.769566
0.769604
0.76963
0.769637
0.769657
0.769701
0.769704
0.769711
0.769718
0.769794
0.769824
0.769874
0.769875
0.769877
0.769884
0.76998
0.770001
0.770054
0.770101
0.770127
0.770177
0.770223
0.770244
0.77026
0.770305
0.77032
0.770328
0.770333
0.770397
0.770397
0.770408
0.77046
0.770464
0.770465
0.77047
0.770494
0.770527
0.77053
0.770534
0.770534
0.770577
0.770624
0.770651
0.7707
0.77077
0.770787
0.770787
0.770793
0.770814
0.770874
0.770887
0.770901
0.770927
0.770947
0.770967
0.770975
0.771038
0.77106
0.77111
0.771184
0.771204
0.771211
0.771247
0.771395
0.771467
0.771468
0.771481
0.771488
0.771494
0.77151
0.771581
0.771591
0.771594
0.77162
0.771687
0.771697
0.771728
0.771735
0.771757
0.771794
0.771811
0.77183
0.771898
0.771947
0.771954
0.771971
0.771977
0.772031
0.772063
0.772114
0.772121
0.772144
0.772168
0.772181
0.772234
0.772243
0.772281
0.772327
0.772344
0.77236
0.772364
0.772384
0.772443
0.772464
0.772493
0.772521
0.772581
0.772684
0.772788
0.772807
0.772811
0.77285
0.772904
0.772911
0.772921
0.772973
0.773053
0.773184
0.773201
0.773307
0.773318
0.773321
0.773397
0.773531
0.773563
0.773618
0.773631
0.773761
0.773817
0.773861
0.773871
0.773941
0.77397
0.774007
0.774018
0.77406
0.774071
0.774151
0.774161
0.774184
0.7742
0.774288
0.774313
0.774321
0.774378
0.774411
0.774425
0.77449
0.774515
0.774544
0.774547
0.774551
0.774558
0.774641
0.774654
0.77475
0.77485
0.774871
0.774894
0.774895
0.774918
0.774945
0.774971
0.774975
0.774991
0.775021
0.775021
0.775095
0.77514
0.775188
0.775204
0.775227
0.775381
0.775445
0.77546
0.775461
0.775474
0.77554
0.77561
0.775611
0.775637
0.775718
0.775744
0.775755
0.775781
0.77582
0.775861
0.775865
0.775867
0.775908
0.77599
0.775994
0.775997
0.776034
0.776053
0.776127
0.776147
0.776211
0.776214
0.776301
0.776367
0.776505
0.77651
0.776577
0.776587
0.776588
0.776617
0.776677
0.776697
0.776765
0.776777
0.776785
0.776811
0.776931
0.776967
0.77697
0.777034
0.777044
0.777111
0.777111
0.777131
0.777147
0.777224
0.777247
0.777248
0.777291
0.777304
0.777368
0.777368
0.777368
0.777478
0.777537
0.777554
0.777568
0.777585
0.777591
0.777617
0.777627
0.777651
0.777675
0.777675
0.777691
0.77771
0.777738
0.777741
0.777757
0.777777
0.77782
0.777824
0.777827
0.778067
0.778094
0.778128
0.778254
0.778308
0.778373
0.778408
0.778431
0.778443
0.778444
0.778504
0.778518
0.778534
0.778551
0.778591
0.778598
0.778614
0.778674
0.778724
0.778751
0.778754
0.778774
0.778928
0.778933
0.778937
0.77897
0.779031
0.779045
0.779081
0.779135
0.77916
0.779193
0.779218
0.779241
0.779257
0.779328
0.779418
0.779438
0.779441
0.779507
0.779528
0.779584
0.779618
0.77966
0.779665
0.779681
0.779727
0.779731
0.779777
0.779818
0.779844
0.779867
0.779871
0.779898
0.779908
0.780031
0.780051
0.780071
0.780094
0.780121
0.780157
0.780187
0.780201
0.78022
0.780237
0.780301
0.780318
0.780344
0.780357
0.780404
0.780451
0.780491
0.78053
0.780563
0.780587
0.780641
0.780668
0.780691
0.780728
0.780747
0.780811
0.78083
0.780864
0.780918
0.780971
0.781004
0.781005
0.781034
0.781064
0.781071
0.781141
0.78123
0.781234
0.781271
0.781304
0.781348
0.781373
0.781418
0.781435
0.781494
0.781504
0.781511
0.781517
0.781524
0.781531
0.781564
0.781611
0.781611
0.78163
0.781635
0.781677
0.781754
0.781771
0.781774
0.781805
0.781851
0.781871
0.781914
0.781931
0.781931
0.781937
0.781937
0.782027
0.782065
0.782068
0.782088
0.782121
0.782141
0.782141
0.78219
0.78219
0.782221
0.782245
0.782263
0.782311
0.782327
0.782421
0.782573
0.782574
0.782584
0.782598
0.782604
0.782604
0.782608
0.782666
0.782677
0.782687
0.782724
0.78275
0.78277
0.782784
0.782821
0.782841
0.782843
0.782857
0.782863
0.782924
0.782927
0.782978
0.782978
0.783081
0.783121
0.783134
0.783221
0.783247
0.78329
0.783304
0.783321
0.783327
0.783328
0.783341
0.783348
0.783368
0.783371
0.783375
0.783391
0.783424
0.783504
0.783521
0.783587
0.783628
0.783681
0.783693
0.783767
0.783804
0.783808
0.783827
0.783837
0.783845
0.783884
0.783941
0.78395
0.783953
0.783984
0.784021
0.784041
0.784104
0.784151
0.784194
0.784234
0.784261
0.784294
0.784295
0.784373
0.784431
0.784473
0.784474
0.784497
0.784508
0.784555
0.784584
0.784616
0.784674
0.784697
0.784818
0.784857
0.784883
0.784894
0.784894
0.784897
0.784897
0.784917
0.784934
0.784985
0.785004
0.785011
0.78503
0.785094
0.785128
0.785147
0.78518
0.785181
0.785204
0.785211
0.785241
0.785241
0.785257
0.785287
0.7853
0.785301
0.785307
0.785341
0.785355
0.785401
0.78541
0.785491
0.785507
0.785527
0.785547
0.78558
0.785585
0.785617
0.785668
0.785678
0.785687
0.785774
0.785783
0.785804
0.785821
0.785834
0.785894
0.785964
0.786008
0.786021
0.786054
0.786138
0.786141
0.786158
0.786231
0.786248
0.786264
0.786281
0.786281
0.786304
0.786314
0.786321
0.786324
0.78638
0.786445
0.786557
0.786564
0.786565
0.786571
0.786577
0.786588
0.786623
0.786637
0.786658
0.786733
0.786741
0.786744
0.786763
0.78679
0.786798
0.78681
0.786817
0.786844
0.78687
0.786874
0.786881
0.786891
0.786897
0.786914
0.786921
0.786927
0.786933
0.786934
0.786971
0.786977
0.786991
0.787001
0.787008
0.787008
0.787024
0.787083
0.787118
0.78712
0.787124
0.787146
0.787158
0.78716
0.787171
0.787174
0.787204
0.787224
0.78727
0.787291
0.787297
0.787334
0.787401
0.787434
0.7875
0.787521
0.787521
0.787524
0.787541
0.787581
0.787631
0.787664
0.787668
0.787671
0.787753
0.787786
0.787854
0.78789
0.78794
0.787944
0.787961
0.787961
0.787973
0.787978
0.787991
0.788011
0.788011
0.788063
0.7881
0.788197
0.788258
0.788294
0.788318
0.788324
0.788325
0.788338
0.788374
0.788391
0.788427
0.788438
0.788447
0.788448
0.788467
0.788511
0.788524
0.788541
0.788561
0.788561
0.788561
0.788578
0.788631
0.788667
0.788678
0.788725
0.788738
0.788743
0.788755
0.78876
0.788771
0.788773
0.788777
0.788784
0.788788
0.788831
0.788868
0.788894
0.788921
0.788964
0.788971
0.78898
0.788994
0.789
0.789003
0.789015
0.789048
0.789067
0.789091
0.789097
0.789114
0.789124
0.789131
0.789134
0.789165
0.789167
0.789208
0.789218
0.789241
0.789247
0.789264
0.789287
0.789307
0.789344
0.789391
0.789421
0.789485
0.789518
0.789561
0.789577
0.789591
0.789591
0.789614
0.789615
0.789674
0.789677
0.789677
0.789684
0.789691
0.789694
0.789701
0.789703
0.789713
0.789746
0.789748
0.78976
0.789771
0.789771
0.789794
0.789811
0.789821
0.789887
0.789904
0.78991
0.789921
0.789934
0.789938
0.789944
0.789964
0.790001
0.790011
0.790011
0.790024
0.790051
0.790057
0.790071
0.790101
0.790128
0.790134
0.790141
0.790167
0.79019
0.790227
0.790287
0.790354
0.79038
0.790381
0.790388
0.790451
0.790454
0.790461
0.790477
0.790478
0.79052
0.790524
0.790524
0.790556
0.790564
0.790564
0.790581
0.790584
0.790611
0.790618
0.790646
0.790647
0.790664
0.790685
0.790713
0.790728
0.790766
0.790794
0.790804
0.790847
0.790877
0.790881
0.790891
0.790891
0.790904
0.790907
0.790937
0.790975
0.790981
0.790987
0.790995
0.790997
0.791014
0.791017
0.791031
0.791034
0.791047
0.791065
0.791094
0.791117
0.791124
0.791144
0.791175
0.791181
0.791181
0.791187
0.791188
0.791197
0.791218
0.791224
0.791235
0.791238
0.791258
0.791271
0.791301
0.791324
0.791338
0.791347
0.791355
0.791357
0.791365
0.791367
0.791374
0.791384
0.791387
0.791405
0.791426
0.791427
0.791437
0.791481
0.791507
0.791571
0.791581
0.791587
0.791597
0.791621
0.791633
0.791648
0.791658
0.791661
0.791671
0.791721
0.791724
0.791744
0.791767
0.791794
0.791803
0.791805
0.791834
0.791837
0.791854
0.791857
0.79187
0.791875
0.79188
0.7919
0.791907
0.79193
0.79196
0.791964
0.791984
0.791987
0.791994
0.792017
0.792021
0.792021
0.792057
0.792071
0.792088
0.792098
0.792098
0.792113
0.792118
0.792146
0.792146
0.792178
0.792187
0.792228
0.792234
0.792254
0.792256
0.792311
0.792348
0.792371
0.792387
0.792417
0.79242
0.792431
0.792441
0.792451
0.792468
0.792484
0.792507
0.792511
0.792514
0.792514
0.792517
0.792531
0.792541
0.792568
0.792587
0.792604
0.792614
0.792621
0.792677
0.792711
0.792718
0.792737
0.792755
0.792757
0.792768
0.792817
0.79282
0.792848
0.792871
0.792891
0.792894
0.792898
0.792918
0.792921
0.792928
0.792991
0.793051
0.793055
0.793061
0.79307
0.79307
0.793087
0.79309
0.793115
0.793134
0.793138
0.793164
0.793171
0.793191
0.79321
0.793261
0.793261
0.793274
0.793278
0.793284
0.793308
0.793315
0.793321
0.793368
0.79338
0.793395
0.79341
0.793417
0.793435
0.793454
0.793471
0.793517
0.793521
0.793524
0.793557
0.79357
0.793578
0.793597
0.793607
0.793625
0.793638
0.793654
0.793681
0.793687
0.793701
0.793708
0.793724
0.793734
0.793735
0.793754
0.79378
0.793781
0.793814
0.793844
0.793847
0.793905
0.793928
0.793937
0.793947
0.793954
0.793954
0.793958
0.793965
0.793997
0.793997
0.794021
0.794064
0.794067
0.794074
0.794101
0.794121
0.794144
0.794144
0.794167
0.794171
0.794191
0.794228
0.794231
0.794234
0.794251
0.794288
0.794308
0.794321
0.794378
0.794388
0.794437
0.794454
0.794485
0.794508
0.794521
0.794524
0.794525
0.794544
0.794567
0.794577
0.794581
0.794597
0.794645
0.79465
0.794657
0.794664
0.794671
0.794671
0.794675
0.794678
0.794701
0.794734
0.794753
0.794757
0.794771
0.794778
0.794788
0.794797
0.794858
0.794871
0.794894
0.794897
0.794907
0.794917
0.794923
0.794924
0.794967
0.79498
0.795044
0.795057
0.79507
0.795077
0.79516
0.795181
0.795187
0.79519
0.795191
0.795194
0.795245
0.795334
0.79537
0.79541
0.795414
0.795421
0.795441
0.79545
0.795461
0.795467
0.79547
0.795484
0.795491
0.795498
0.795511
0.79554
0.795548
0.795551
0.795557
0.795574
0.795601
0.795611
0.795621
0.795701
0.795741
0.795741
0.795761
0.79577
0.795785
0.795805
0.795885
0.79594
0.795954
0.796014
0.796028
0.796047
0.796058
0.796081
0.796081
0.796084
0.7961
0.796104
0.79612
0.796131
0.796147
0.796191
0.796218
0.796221
0.796231
0.796251
0.796267
0.796281
0.796288
0.796321
0.796338
0.796341
0.796371
0.796397
0.796398
0.7964
0.79642
0.796424
0.796454
0.796477
0.796488
0.796501
0.796511
0.796511
0.796521
0.796544
0.796551
0.796554
0.796611
0.79663
0.796671
0.796684
0.796701
0.796734
0.796754
0.796768
0.796787
0.796794
0.796797
0.796801
0.796801
0.796817
0.796824
0.796827
0.796894
0.796931
0.79694
0.796955
0.796977
0.797011
0.797018
0.797021
0.797028
0.797038
0.797051
0.797067
0.797085
0.797114
0.79712
0.797134
0.797153
0.797157
0.797177
0.797181
0.797181
0.797231
0.797238
0.797277
0.797297
0.7973
0.797391
0.797395
0.797414
0.797437
0.79746
0.797467
0.797507
0.797518
0.797548
0.797564
0.79758
0.797618
0.797621
0.797627
0.797671
0.79768
0.797681
0.797684
0.797718
0.797754
0.797838
0.797871
0.797877
0.797877
0.797877
0.797893
0.797977
0.798017
0.79803
0.798041
0.798081
0.798084
0.798088
0.798104
0.798163
0.798187
0.798191
0.798194
0.798201
0.798207
0.798231
0.798244
0.798258
0.798258
0.798301
0.798301
0.798311
0.798323
0.798328
0.798375
0.798397
0.798401
0.798431
0.798435
0.798464
0.798478
0.798487
0.798501
0.798511
0.798544
0.798561
0.798561
0.798571
0.798588
0.798594
0.7986
0.798607
0.798617
0.798646
0.798668
0.798684
0.798688
0.798797
0.798801
0.798834
0.798861
0.798887
0.798888
0.798894
0.7989
0.7989
0.79893
0.798968
0.799017
0.799038
0.799044
0.799047
0.799064
0.799069
0.799077
0.799131
0.799161
0.7992
0.799201
0.799284
0.799304
0.799308
0.799308
0.799361
0.799508
0.799541
0.799544
0.79955
0.799564
0.799581
0.799601
0.799615
0.799621
0.799627
0.799643
0.79965
0.799651
0.799657
0.799681
0.799761
0.799787
0.799794
0.799797
0.79982
0.799825
0.799834
0.799844
0.799851
0.799855
0.799868
0.799898
0.799907
0.799908
0.799945
0.800001
0.800007
0.80005
0.800054
0.800074
0.800097
0.800108
0.800118
0.800151
0.800181
0.800284
0.800314
0.800321
0.800361
0.800391
0.800414
0.800427
0.80045
0.800513
0.800531
0.800568
0.800608
0.800658
0.80067
0.800727
0.800735
0.800764
0.800771
0.800798
0.800814
0.800841
0.800894
0.800917
0.800975
0.800987
0.801007
0.801014
0.801044
0.801061
0.80112
0.801124
0.801151
0.801161
0.801187
0.801201
0.801204
0.801251
0.801254
0.801258
0.801311
0.801311
0.801357
0.801361
0.80139
0.801458
0.801478
0.801527
0.801537
0.801544
0.801594
0.801624
0.801634
0.801641
0.801651
0.801654
0.801657
0.80167
0.801676
0.801727
0.801734
0.801734
0.801754
0.801794
0.801804
0.801821
0.801831
0.801854
0.801861
0.801901
0.801977
0.802001
0.802013
0.802028
0.802044
0.802044
0.802064
0.802147
0.802148
0.802157
0.802171
0.802174
0.802201
0.802221
0.802238
0.802243
0.802244
0.802244
0.802251
0.802264
0.802291
0.802298
0.802337
0.802354
0.802367
0.802368
0.802377
0.802384
0.802394
0.802414
0.802428
0.802434
0.802453
0.802475
0.802511
0.802574
0.802575
0.802601
0.802607
0.802608
0.802627
0.802633
0.802638
0.802647
0.802647
0.802681
0.802701
0.802737
0.802741
0.802783
0.802791
0.802794
0.802818
0.80283
0.80283
0.802841
0.802857
0.802881
0.802888
0.80289
0.802894
0.802924
0.802937
0.802958
0.802997
0.802998
0.803001
0.803001
0.803007
0.80301
0.803027
0.803047
0.803057
0.803084
0.803091
0.803094
0.803114
0.803114
0.803138
0.803154
0.803181
0.803183
0.803218
0.80326
0.803264
0.803271
0.803275
0.803294
0.803298
0.803301
0.803304
0.803324
0.80334
0.803341
0.803365
0.803368
0.803387
0.803421
0.803435
0.803487
0.803491
0.803525
0.803537
0.803554
0.803571
0.803581
0.803601
0.803611
0.80362
0.803637
0.80368
0.80369
0.803701
0.803705
0.803745
0.803747
0.803765
0.803774
0.803791
0.803824
0.803857
0.803874
0.803908
0.803911
0.803978
0.804027
0.804027
0.804037
0.804048
0.804057
0.80406
0.804078
0.804084
0.804111
0.804134
0.804144
0.804161
0.804215
0.804234
0.804234
0.804244
0.80428
0.804314
0.804317
0.804328
0.804364
0.804385
0.804388
0.804414
0.804487
0.804497
0.804504
0.804565
0.804588
0.804678
0.804697
0.804798
0.804817
0.804821
0.804868
0.804951
0.80496
0.804961
0.804978
0.805001
0.805007
0.805021
0.805025
0.805075
0.8051
0.805158
0.805201
0.805204
0.805263
0.805281
0.80538
0.805381
0.805381
0.805415
0.805431
0.805485
0.805518
0.805568
0.805611
0.805614
0.805641
0.805694
0.80574
0.805811
0.805881
0.805884
0.805897
0.805921
0.805927
0.805951
0.805951
0.805964
0.806011
0.806038
0.806041
0.806048
0.806063
0.806068
0.806111
0.806131
0.80623
0.806244
0.806254
0.806264
0.806321
0.806354
0.806358
0.806384
0.806457
0.806457
0.806465
0.806471
0.806478
0.806514
0.806548
0.806588
0.806597
0.806627
0.806634
0.806647
0.806661
0.806678
0.806697
0.806701
0.806727
0.80673
0.806765
0.806804
0.806811
0.806838
0.806894
0.806925
0.806944
0.806964
0.806987
0.80699
0.807081
0.807094
0.807107
0.807151
0.807164
0.807181
0.807221
0.807227
0.807254
0.807284
0.807288
0.807336
0.807336
0.807348
0.807358
0.807368
0.807394
0.807428
0.807491
0.80754
0.807558
0.807584
0.807594
0.807638
0.807664
0.807671
0.80769
0.807727
0.807761
0.807768
0.807783
0.807794
0.807823
0.807834
0.807844
0.807864
0.807898
0.807917
0.80793
0.808017
0.808041
0.808041
0.808108
0.808131
0.808151
0.808163
0.808213
0.808214
0.808248
0.808301
0.808324
0.808424
0.808457
0.808487
0.808494
0.808508
0.80851
0.808564
0.808661
0.808714
0.808714
0.808717
0.80872
0.808727
0.808734
0.808764
0.808771
0.808794
0.808811
0.808861
0.808867
0.808894
0.808907
0.808907
0.808921
0.808925
0.808964
0.809025
0.809037
0.809041
0.809067
0.809084
0.809087
0.809091
0.809138
0.809154
0.809154
0.809231
0.809251
0.809357
0.809391
0.809431
0.809441
0.809467
0.809487
0.809551
0.809658
0.809683
0.809714
0.809718
0.809738
0.809771
0.809771
0.809821
0.809848
0.809854
0.809941
0.809985
0.810048
0.810091
0.810104
0.810171
0.810188
0.810233
0.810271
0.81028
0.810287
0.810311
0.810425
0.810434
0.810438
0.810495
0.810504
0.810535
0.81055
0.810554
0.810557
0.81058
0.810684
0.810691
0.810708
0.810744
0.810783
0.811018
0.811045
0.811087
0.811108
0.811161
0.811167
0.811197
0.811208
0.811316
0.811344
0.811348
0.811361
0.811377
0.811403
0.811428
0.811438
0.811573
0.811597
0.811601
0.811607
0.811615
0.811641
0.811641
0.811644
0.811687
0.81169
0.811704
0.811717
0.811854
0.811888
0.811914
0.812117
0.812164
0.812181
0.812207
0.812245
0.812251
0.812251
0.812257
0.812277
0.812295
0.812324
0.812347
0.812361
0.812398
0.812451
0.812455
0.812477
0.812571
0.812657
0.812694
0.812777
0.812835
0.812841
0.812843
0.812901
0.81314
0.813174
0.813221
0.813281
0.81337
0.813425
0.813435
0.813451
0.813467
0.813504
0.813557
0.813604
0.813678
0.813717
0.813778
0.813817
0.81385
0.813851
0.813911
0.813927
0.814021
0.814025
0.81404
0.81408
0.814094
0.814135
0.814144
0.81415
0.814308
0.814347
0.814401
0.814434
0.814453
0.814494
0.81459
0.81466
0.814831
0.814845
0.814857
0.814868
0.814875
0.814951
0.815071
0.815101
0.815124
0.815134
0.815248
0.815284
0.815331
0.815421
0.815421
0.815481
0.815488
0.815505
0.815574
0.815661
0.815721
0.815801
0.815887
0.81637
0.816403
0.816425
0.816548
0.816674
0.816691
0.816857
0.816991
0.817
0.817038
0.817071
0.8171
0.817247
0.817307
0.817361
0.8174
0.817501
0.817548
0.817591
0.817604
0.817634
0.817645
0.817654
0.817664
0.817811
0.818014
0.818144
0.818241
0.818311
0.818361
0.81837
0.81846
0.818487
0.818688
0.818694
0.818768
0.818865
0.818885
0.818887
0.819004
0.819074
0.819107
0.819151
0.819294
0.819505
0.819551
0.819581
0.819597
0.819647
0.819661
0.819691
0.819757
0.819927
0.820028
0.820034
0.82012
0.82029
0.82036
0.820421
0.820421
0.820594
0.820657
0.820778
0.820811
0.820881
0.820901
0.821054
0.821167
0.821234
0.821335
0.821361
0.821451
0.821461
0.821461
0.821491
0.82155
0.821574
0.821584
0.821587
0.821874
0.821988
0.822261
0.822534
0.82266
0.822668
0.822737
0.822887
0.823075
0.823124
0.823134
0.823148
0.823234
0.823374
0.823458
0.823767
0.823918
0.823928
0.824057
0.82412
0.824347
0.824358
0.8244
0.824434
0.824434
0.824594
0.824624
0.824671
0.824718
0.824748
0.825394
0.825405
0.825611
0.825717
0.825854
0.826
0.82605
0.826111
0.826218
0.826271
0.82643
0.826494
0.826515
0.826561
0.826567
0.826854
0.826934
0.826971
0.827001
0.827021
0.827037
0.827078
0.827131
0.827284
0.827337
0.827381
0.827428
0.827504
0.827704
0.827771
0.827985
0.828147
0.828178
0.828591
0.828613
0.828678
0.828818
0.828851
0.828851
0.829317
0.829368
0.829371
0.829461
0.829978
0.830177
0.830498
0.830561
0.830858
0.830955
0.831165
0.831234
0.831288
0.831414
0.831441
0.831827
0.832024
0.832184
0.832603
0.832694
0.832713
0.832874
0.833024
0.833197
0.833251
0.833257
0.83329
0.833654
0.833761
0.833845
0.833957
0.833987
0.834144
0.834251
0.834397
0.834415
0.834448
0.834511
0.834604
0.834614
0.834634
0.834734
0.834971
0.83511
0.835218
0.835247
0.835275
0.835664
0.835674
0.835717
0.835791
0.835964
0.836011
0.83603
0.836094
0.836701
0.836817
0.836938
0.837068
0.837221
0.837744
0.837821
0.837921
0.838021
0.838031
0.838154
0.838274
0.838563
0.838684
0.838777
0.839185
0.839581
0.839697
0.83991
0.839944
0.840618
0.840711
0.840741
0.840938
0.841017
0.841031
0.841431
0.841435
0.841778
0.841811
0.841858
0.842325
0.842491
0.842607
0.84261
0.842918
0.842921
0.84306
0.843301
0.843511
0.843525
0.84379
0.84379
0.844067
0.844857
0.844924
0.845055
0.845168
0.845288
0.845815
0.845981
0.846234
0.846805
0.847414
0.848131
0.848457
0.84873
0.848821
0.848874
0.848961
0.849428
0.849771
0.849841
0.850131
0.850401
0.850493
0.850698
0.850701
0.850837
0.85114
0.851207
0.851377
0.851744
0.851784
0.851813
0.851867
0.851964
0.851985
0.852388
0.852941
0.852977
0.853341
0.853431
0.853561
0.853604
0.854037
0.854225
0.855151
0.855745
0.85585
0.856198
0.856381
0.856664
0.856871
0.85704
0.857244
0.858201
0.858638
0.860181
0.860794
0.860817
0.861874
0.862031
0.862358
0.862431
0.862908
0.863
0.864781
0.864781
0.865414
0.865588
0.866061
0.867621
0.869733
0.86975
0.872078
0.872451
0.875927
0.876264
0.877415
0.880854
0.881341
0.883264
0.885201
0.885566
0.891333
0.892461
0.899511
0.899589
0.905284
0.913061
0.914674
0.927381
0.929881
0.932018
0.945444
0.945478
0.957774
0.965234
0.968584
0.969081
0.970397
0.971281
0.972148
0.973711
0.973718
0.973944
0.974483
0.975991
0.976275
0.976338
0.976395
0.976441
0.976464
0.977268
0.977901
0.978688
0.979241
0.979527
0.979542
0.980424
0.981981
0.982014
0.982751
0.984535
0.984714
0.984841
0.984924
0.985974
0.987541
0.987553
0.987924
0.988035
0.988558
0.989375
0.990191
0.990521
0.990808
0.990981
0.992078
0.992281
0.992891
0.992984
0.995941
0.995961
0.996341
0.996418
0.996851
0.997018
0.997091
0.997438
0.997605
0.998285
0.998341
0.998361
0.998471
0.998781
0.999185
0.999498
0.999737
0.999847
1.000587
1.000594
1.000601
1.000848
1.001308
1.001471
1.001615
1.001667
1.002338
1.002431
1.002795
1.00287
1.002924
1.003321
1.003671
1.003754
1.003791
1.004008
1.004408
1.004654
1.005388
1.005598
1.005674
1.005911
1.005954
1.005971
1.006275
1.006377
1.006458
1.006541
1.006998
1.007137
1.007491
1.007501
1.007807
1.008354
1.008405
1.008428
1.008681
1.009181
1.009624
1.009854
1.009998
1.010337
1.010381
1.010394
1.010711
1.011361
1.011427
1.011434
1.011595
1.011877
1.012071
1.012131
1.012821
1.012865
1.013021
1.013265
1.013521
1.013547
1.014208
1.014424
1.014451
1.014724
1.014807
1.014908
1.015788
1.015871
1.015934
1.015961
1.016361
1.016558
1.016574
1.016668
1.017248
1.017581
1.017614
1.018181
1.018487
1.018575
1.018837
1.019047
1.019144
1.019701
1.019872
1.019895
1.020195
1.020438
1.020524
1.020921
1.021167
1.021298
1.021318
1.021417
1.021815
1.022007
1.022271
1.023078
1.023085
1.023387
1.023428
1.023444
1.024141
1.024545
1.024631
1.024721
1.024911
1.025267
1.025681
1.025824
1.025897
1.026128
1.026165
1.026481
1.026667
1.026827
1.026978
1.027055
1.027124
1.027741
1.027764
1.028474
1.028751
1.028848
1.028875
1.029074
1.029237
1.029424
1.029678
1.029837
1.030357
1.030458
1.030471
1.030494
1.030885
1.030935
1.031148
1.031154
1.031246
1.031291
1.031737
1.031828
1.031848
1.031851
1.031924
1.032407
1.032801
1.032934
1.033065
1.033594
1.033834
1.033938
1.034094
1.034134
1.034174
1.034215
1.034551
1.034555
1.034598
1.034657
1.034807
1.035027
1.035131
1.035311
1.035341
1.035612
1.035615
1.035713
1.035721
1.035778
1.035917
1.035957
1.036068
1.036191
1.036268
1.036738
1.037157
1.037267
1.037308
1.037774
1.037871
1.038041
1.038241
1.038754
1.039328
1.039891
1.039907
1.039954
1.040481
1.040731
1.040845
1.040924
1.041601
1.041677
1.041851
1.042284
1.042434
1.042564
1.042928
1.043051
1.043068
1.043088
1.043131
1.043669
1.043727
1.043871
1.043905
1.043905
1.044481
1.044874
1.044991
1.045088
1.045195
1.045215
1.045487
1.045935
1.046185
1.046791
1.046872
1.046934
1.047011
1.047088
1.047118
1.047225
1.047271
1.047411
1.047488
1.047525
1.048315
1.048678
1.049801
1.050121
1.050754
1.050861
1.050891
1.051244
1.051361
1.051555
1.051701
1.052456
1.052478
1.052838
1.053061
1.053131
1.053161
1.053375
1.053548
1.054481
1.054484
1.054784
1.054865
1.055063
1.055211
1.055278
1.055674
1.055758
1.055771
1.056534
1.056597
1.056858
1.057041
1.057205
1.057661
1.057754
1.057831
1.057904
1.058091
1.058678
1.058844
1.058891
1.059011
1.059377
1.059411
1.059791
1.059821
1.059848
1.059868
1.059888
1.059968
1.060127
1.060318
1.060331
1.060348
1.060404
1.060477
1.060497
1.060621
1.060837
1.061098
1.061295
1.061324
1.06134
1.061371
1.061784
1.061898
1.062081
1.062241
1.062365
1.062721
1.062749
1.062898
1.063111
1.063208
1.063358
1.063448
1.063691
1.063775
1.063835
1.063891
1.065531
1.065775
1.066188
1.0662
1.066238
1.066375
1.066741
1.066938
1.066998
1.067107
1.067208
1.067216
1.067821
1.068238
1.068368
1.068467
1.068847
1.069051
1.069087
1.069211
1.069245
1.069435
1.069461
1.069495
1.069607
1.069667
1.069928
1.070028
1.070355
1.070614
1.070648
1.070711
1.070728
1.071104
1.071414
1.071509
1.071577
1.072157
1.072345
1.072589
1.072641
1.072745
1.072755
1.072841
1.073054
1.073144
1.073181
1.073384
1.073691
1.073767
1.073958
1.074095
1.074221
1.074338
1.074617
1.074621
1.074998
1.075055
1.075278
1.075468
1.075531
1.076064
1.076202
1.076664
1.076788
1.076991
1.077031
1.077165
1.077477
1.077581
1.077608
1.077664
1.078038
1.078081
1.078228
1.078625
1.078664
1.078968
1.079511
1.079624
1.079784
1.079908
1.079918
1.080234
1.080335
1.080491
1.080591
1.080621
1.080791
1.080794
1.080961
1.080994
1.08111
1.081208
1.081251
1.081621
1.081905
1.082031
1.082625
1.083091
1.083274
1.083537
1.08372
1.083758
1.083791
1.083811
1.083824
1.083904
1.083964
1.084065
1.084174
1.084261
1.084641
1.084661
1.084684
1.084884
1.084935
1.085045
1.085137
1.085401
1.085768
1.086298
1.086405
1.086518
1.086664
1.086695
1.086712
1.086728
1.086731
1.086744
1.086751
1.086761
1.086935
1.087471
1.087815
1.087823
1.087844
1.088154
1.088158
1.088231
1.08845
1.088454
1.088685
1.089088
1.089141
1.089414
1.089431
1.089437
1.08974
1.089891
1.090045
1.090095
1.090187
1.090441
1.091428
1.091527
1.091558
1.091681
1.091931
1.092155
1.092222
1.092261
1.092261
1.092708
1.093028
1.093061
1.093104
1.093188
1.093194
1.093234
1.093308
1.093474
1.093504
1.093711
1.094214
1.095008
1.095145
1.095378
1.095531
1.095791
1.095981
1.096072
1.096238
1.096494
1.096511
1.096621
1.096648
1.096967
1.096998
1.097264
1.097275
1.097564
1.097638
1.097694
1.098344
1.098394
1.098785
1.098974
1.099388
1.099678
1.099775
1.099834
1.099845
1.100124
1.100374
1.100832
1.101058
1.101398
1.101601
1.102145
1.102271
1.102367
1.102517
1.102671
1.102968
1.103307
1.103311
1.103704
1.103834
1.104311
1.104521
1.104554
1.104605
1.104894
1.104944
1.105104
1.105238
1.105288
1.105318
1.105404
1.105714
1.105851
1.105938
1.105971
1.106205
1.106821
1.106821
1.107279
1.107604
1.107868
1.108028
1.108361
1.108381
1.109008
1.109044
1.109741
1.109784
1.109884
1.110051
1.110381
1.110628
1.110648
1.110811
1.111041
1.111177
1.112288
1.112901
1.113071
1.113191
1.113381
1.113388
1.113454
1.113478
1.113541
1.113887
1.114098
1.114251
1.114254
1.114334
1.114387
1.11439
1.114465
1.114707
1.115028
1.115718
1.115814
1.115932
1.116357
1.116488
1.116494
1.116635
1.116801
1.116918
1.117458
1.117711
1.117848
1.117977
1.118321
1.118557
1.119714
1.119764
1.119824
1.119894
1.120084
1.120554
1.120644
1.120778
1.120858
1.120981
1.121091
1.121228
1.121544
1.121605
1.121791
1.121831
1.122024
1.122654
1.122894
1.123255
1.123891
1.123895
1.124018
1.124074
1.124081
1.124187
1.124201
1.124711
1.12473
1.125082
1.125131
1.125261
1.125388
1.125901
1.126074
1.126471
1.126491
1.126614
1.126835
1.127008
1.127028
1.127058
1.127215
1.127231
1.127394
1.127534
1.127544
1.127755
1.127824
1.128085
1.128301
1.128404
1.128974
1.129281
1.129288
1.130165
1.130227
1.130394
1.130461
1.130504
1.131317
1.131704
1.131864
1.132121
1.132204
1.132384
1.132454
1.132641
1.132741
1.132834
1.133205
1.133205
1.133451
1.133495
1.133725
1.133978
1.134015
1.134248
1.134479
1.135094
1.135381
1.135531
1.135571
1.135954
1.136074
1.136234
1.136494
1.136595
1.136805
1.137241
1.137438
1.137765
1.137788
1.137845
1.138314
1.138612
1.138624
1.139098
1.139888
1.140477
1.140761
1.140784
1.140931
1.140951
1.141118
1.141284
1.141408
1.141522
1.141951
1.142681
1.142694
1.143051
1.143358
1.144058
1.144078
1.144334
1.144784
1.144872
1.145031
1.145041
1.145921
1.145981
1.146158
1.146275
1.146291
1.146298
1.146394
1.146574
1.146781
1.146841
1.146847
1.147081
1.147218
1.147318
1.147427
1.148739
1.148781
1.148851
1.148858
1.149104
1.149124
1.149235
1.149391
1.149491
1.149592
1.149794
1.150171
1.150255
1.150451
1.150741
1.150828
1.151508
1.151868
1.152318
1.152871
1.152877
1.153175
1.153847
1.153911
1.153987
1.154038
1.154188
1.154291
1.154488
1.154591
1.154722
1.155108
1.155108
1.155211
1.155755
1.155801
1.155814
1.156067
1.156136
1.156664
1.156981
1.157182
1.157197
1.157304
1.157561
1.157841
1.157914
1.158071
1.158411
1.158414
1.158607
1.158895
1.158941
1.158951
1.159154
1.159248
1.159488
1.159874
1.159908
1.160224
1.160364
1.160455
1.160538
1.160544
1.160662
1.161231
1.161401
1.161471
1.161484
1.161844
1.162235
1.162375
1.162525
1.162759
1.162847
1.163047
1.163068
1.163141
1.163155
1.163691
1.163888
1.164137
1.164168
1.164354
1.164487
1.164798
1.164804
1.165304
1.165528
1.165594
1.165731
1.165984
1.166148
1.166513
1.166924
1.166988
1.167349
1.167639
1.167641
1.167677
1.168118
1.168234
1.169391
1.169485
1.169618
1.169647
1.169718
1.170291
1.170349
1.170755
1.170918
1.171228
1.171455
1.171545
1.171554
1.171978
1.172038
1.172338
1.172541
1.173118
1.173205
1.173301
1.174571
1.174711
1.175118
1.175274
1.175275
1.175608
1.175668
1.175738
1.175794
1.175868
1.176328
1.176701
1.176717
1.176761
1.177018
1.177591
1.178211
1.178417
1.178477
1.178705
1.178781
1.179161
1.179515
1.179641
1.179641
1.179647
1.179861
1.179901
1.180375
1.181251
1.181298
1.181435
1.181488
1.182084
1.182151
1.182704
1.182725
1.182888
1.183087
1.183234
1.183418
1.183817
1.184084
1.184141
1.184468
1.184484
1.184702
1.184715
1.184931
1.185218
1.185279
1.185325
1.185328
1.185461
1.185611
1.185737
1.186021
1.186205
1.186215
1.186698
1.186731
1.187061
1.187065
1.187351
1.187564
1.187971
1.188068
1.188115
1.188125
1.188321
1.188408
1.188425
1.188695
1.188764
1.188855
1.189354
1.189582
1.189638
1.189718
1.189788
1.189854
1.190111
1.190317
1.190505
1.191197
1.191392
1.191412
1.191611
1.191725
1.192321
1.192421
1.192502
1.192544
1.192564
1.192831
1.193028
1.193318
1.193331
1.193448
1.193549
1.193701
1.193715
1.194225
1.194268
1.194514
1.194538
1.194851
1.194969
1.195005
1.195064
1.195675
1.195711
1.196004
1.196625
1.196897
1.197131
1.197244
1.197245
1.197445
1.198011
1.198117
1.198247
1.198408
1.198435
1.198874
1.199222
1.199408
1.199564
1.199858
1.200065
1.200781
1.200871
1.200931
1.201271
1.201368
1.201578
1.201911
1.201958
1.202914
1.203264
1.203281
1.203454
1.203575
1.203627
1.203748
1.204187
1.204291
1.204357
1.204463
1.204651
1.204791
1.204944
1.205035
1.205051
1.205981
1.206134
1.206268
1.206307
1.206728
1.206825
1.207701
1.207815
1.207922
1.208521
1.208578
1.208631
1.208981
1.209605
1.209641
1.210059
1.210071
1.210161
1.210215
1.210445
1.210868
1.211121
1.211308
1.211398
1.211447
1.211511
1.212594
1.212794
1.213157
1.213241
1.213345
1.213351
1.213897
1.214178
1.214257
1.214259
1.214428
1.214861
1.215214
1.215531
1.215631
1.215888
1.216078
1.216446
1.216791
1.217064
1.217782
1.218547
1.218811
1.218924
1.218991
1.219058
1.219441
1.219528
1.219575
1.220388
1.220487
1.220592
1.220655
1.220929
1.221404
1.221615
1.221641
1.221645
1.221798
1.222351
1.222725
1.222788
1.222975
1.223428
1.223511
1.223768
1.223881
1.223947
1.224871
1.225071
1.225085
1.225214
1.225629
1.225775
1.226218
1.226584
1.226897
1.226908
1.226991
1.227761
1.227944
1.228005
1.228042
1.228204
1.228358
1.228465
1.228641
1.228877
1.229884
1.229925
1.229961
1.230114
1.230541
1.230638
1.231045
1.231085
1.231708
1.232121
1.232335
1.232411
1.232455
1.232838
1.232838
1.233038
1.233522
1.233831
1.233888
1.234417
1.234741
1.234974
1.235141
1.235211
1.235782
1.236231
1.236327
1.236362
1.236521
1.236751
1.236794
1.237117
1.237364
1.238007
1.238015
1.238201
1.238481
1.238628
1.239481
1.239634
1.240161
1.241364
1.241398
1.241581
1.241779
1.241845
1.241954
1.241982
1.241991
1.242934
1.243545
1.243941
1.244861
1.245658
1.246038
1.246131
1.246195
1.247311
1.247437
1.247608
1.247831
1.247878
1.248155
1.248211
1.248465
1.248618
1.248654
1.248665
1.248671
1.250132
1.250715
1.250958
1.251068
1.251391
1.251701
1.251961
1.252708
1.253201
1.253461
1.253562
1.254088
1.254265
1.254358
1.254528
1.254651
1.255297
1.255305
1.255425
1.255528
1.255711
1.256174
1.256628
1.256671
1.256834
1.257211
1.257399
1.258028
1.258168
1.258637
1.259007
1.259565
1.259875
1.260011
1.260375
1.260591
1.260968
1.261321
1.261378
1.262161
1.262768
1.263334
1.263655
1.263747
1.263781
1.264457
1.265154
1.265188
1.265422
1.265881
1.266134
1.266268
1.266365
1.267501
1.267585
1.267656
1.267741
1.268515
1.269179
1.269327
1.269411
1.270378
1.271604
1.271721
1.271908
1.272025
1.272261
1.272375
1.272621
1.272711
1.273021
1.273138
1.273691
1.273777
1.274298
1.274874
1.276118
1.276178
1.277038
1.277131
1.277228
1.278088
1.279551
1.280118
1.280424
1.280661
1.280792
1.281458
1.281664
1.281974
1.282244
1.282691
1.283381
1.284864
1.285521
1.286571
1.286648
1.287161
1.287408
1.287964
1.287968
1.288175
1.288327
1.288611
1.288852
1.289121
1.289491
1.289695
1.289928
1.290041
1.290228
1.291135
1.291911
1.292238
1.294547
1.296488
1.296598
1.296615
1.296768
1.297175
1.297391
1.298001
1.298188
1.298561
1.300044
1.301411
1.301741
1.303921
1.304072
1.304444
1.305512
1.305595
1.306018
1.306662
1.307372
1.307478
1.308052
1.308191
1.308451
1.309085
1.310641
1.311978
1.312425
1.314511
1.314695
1.316001
1.316775
1.317661
1.31771
1.318008
1.324608
1.326604
1.328471
1.328727
1.32892
1.329081
1.331211
1.331211
1.332218
1.332225
1.332535
1.333771
1.335618
1.336021
1.341767
1.342045
1.343195
1.344504
1.344882
1.345395
1.346168
1.346389
1.347331
1.347827
1.349084
1.349358
1.349627
1.349694
1.350592
1.350895
1.351184
1.351228
1.351328
1.351578
1.352471
1.352775
1.353014
1.354075
1.356864
1.357571
1.357766
1.363471
1.366495
1.370738
1.370772
1.370817
1.375965
1.377604
1.379144
1.379355
1.380101
1.382421
1.382601
1.388434
1.391474
1.394282
1.394392
1.394859
1.394891
1.395085
1.397822
1.398098
1.400451
1.402728
1.406662
1.406938
1.409354
1.409634
1.410975
1.419052
1.425795
1.433991
1.436298
1.441368
1.457474
1.463958
1.468597
1.472285
1.478921
1.482422
1.487968
1.540814
1.547206
1.556918
1.556921
1.557415
1.563432
1.568909
1.580284
1.603708
1.617134
1.633239
1.702178
1.757668
1.774194
1.798449
1.817345
1.978322
