0.261903
0.26376
0.268288
0.26969
0.273737
0.275183
0.27533
0.275566
0.275613
0.27567
0.275833
0.276064
0.276337
0.277084
0.277707
0.27824
0.279307
0.2795
0.279807
0.279816
0.279978
0.280084
0.280133
0.280637
0.281097
0.281126
0.28143
0.281513
0.281837
0.282011
0.282034
0.282373
0.282458
0.282534
0.282741
0.282917
0.283674
0.28396
0.283991
0.284104
0.2844
0.2845
0.28476
0.285057
0.285123
0.285127
0.28541
0.285434
0.285588
0.285696
0.28572
0.285853
0.285917
0.28593
0.286014
0.286027
0.286057
0.28608
0.28609
0.28626
0.28628
0.28628
0.28632
0.286495
0.286614
0.286693
0.286783
0.28703
0.28706
0.287063
0.28708
0.287084
0.287243
0.28728
0.287307
0.287493
0.2875
0.287556
0.287807
0.28834
0.288353
0.288514
0.288537
0.28868
0.288977
0.289174
0.289281
0.289407
0.28949
0.289527
0.289564
0.289604
0.289784
0.289934
0.29012
0.290143
0.290183
0.290203
0.290497
0.29059
0.290614
0.290716
0.290717
0.290727
0.290816
0.290851
0.290914
0.291063
0.291124
0.291144
0.291158
0.291327
0.29138
0.291504
0.291544
0.29172
0.291813
0.29199
0.29212
0.292247
0.292261
0.292263
0.29235
0.292508
0.292553
0.292573
0.292594
0.292634
0.292667
0.292677
0.292743
0.292794
0.292844
0.292994
0.293028
0.293093
0.293174
0.29336
0.293483
0.293486
0.293573
0.293588
0.2936
0.293643
0.293688
0.293774
0.293785
0.293898
0.293911
0.294044
0.294107
0.294297
0.294333
0.294437
0.294491
0.294514
0.294594
0.294644
0.294667
0.294754
0.294913
0.294977
0.294994
0.29507
0.29509
0.295184
0.295247
0.2953
0.29534
0.295341
0.295397
0.29542
0.295521
0.295524
0.295537
0.295543
0.29557
0.295614
0.295654
0.295681
0.295707
0.295727
0.295893
0.295918
0.29621
0.296238
0.29628
0.296314
0.296333
0.296483
0.296503
0.296507
0.29667
0.296724
0.296771
0.296798
0.296803
0.296807
0.296867
0.29687
0.296887
0.2969
0.297147
0.297163
0.297173
0.297207
0.297344
0.297371
0.297424
0.297427
0.29743
0.297477
0.29762
0.297631
0.297634
0.297663
0.29785
0.297877
0.297943
0.297947
0.29798
0.298134
0.298144
0.298153
0.29816
0.298173
0.298207
0.29821
0.29822
0.298223
0.298281
0.29829
0.298327
0.298411
0.298435
0.298497
0.298503
0.298527
0.298547
0.298566
0.298586
0.2987
0.29871
0.298713
0.298764
0.298817
0.299037
0.299077
0.299096
0.299104
0.299177
0.299266
0.299306
0.299307
0.299366
0.299394
0.299424
0.29943
0.299497
0.299588
0.299647
0.2997
0.299771
0.29988
0.300007
0.300153
0.30016
0.300187
0.300187
0.300197
0.300215
0.300317
0.300377
0.300397
0.300476
0.300628
0.300638
0.300671
0.300694
0.300717
0.30074
0.300777
0.300821
0.300891
0.300931
0.300967
0.30103
0.301143
0.301157
0.301273
0.301318
0.30136
0.301366
0.301427
0.301443
0.301467
0.30154
0.301556
0.301624
0.30173
0.30175
0.301768
0.30182
0.301871
0.301924
0.301984
0.301987
0.30202
0.30203
0.302054
0.30206
0.302091
0.3021
0.302154
0.302254
0.30226
0.302264
0.302323
0.30243
0.30248
0.302494
0.302494
0.30251
0.302581
0.302613
0.302636
0.30271
0.302797
0.302844
0.30285
0.302854
0.302864
0.302884
0.30289
0.302917
0.302926
0.30293
0.30294
0.302967
0.302987
0.303003
0.303043
0.303057
0.303064
0.303083
0.3031
0.303147
0.303203
0.30321
0.303226
0.303236
0.303243
0.303287
0.303413
0.30346
0.303471
0.30349
0.30351
0.303604
0.303607
0.30362
0.30362
0.303641
0.303664
0.303667
0.303696
0.303697
0.30372
0.303723
0.303734
0.303784
0.303811
0.303834
0.30394
0.303951
0.303963
0.303987
0.303994
0.303998
0.304003
0.304011
0.304028
0.304034
0.304034
0.304054
0.304076
0.304107
0.304167
0.304177
0.304244
0.304274
0.30436
0.30439
0.304393
0.30446
0.304461
0.3045
0.304574
0.304614
0.304663
0.304707
0.304718
0.304721
0.304727
0.304758
0.304777
0.304803
0.304821
0.304867
0.304874
0.304964
0.30498
0.30502
0.305093
0.305094
0.305114
0.305147
0.30516
0.305164
0.305257
0.305261
0.30531
0.305311
0.305341
0.305384
0.305386
0.30542
0.30542
0.305441
0.30547
0.305501
0.30561
0.305676
0.305721
0.30573
0.305744
0.305797
0.305797
0.30582
0.30583
0.305837
0.30588
0.3059
0.305907
0.30591
0.305917
0.305968
0.305995
0.306027
0.306031
0.30604
0.306044
0.306055
0.306097
0.306117
0.30612
0.30613
0.306138
0.30618
0.306204
0.30621
0.306214
0.30622
0.306244
0.306273
0.30629
0.306293
0.306328
0.30634
0.30635
0.306366
0.306387
0.306474
0.30648
0.306482
0.3065
0.306504
0.30655
0.30656
0.306627
0.30665
0.306654
0.306677
0.306685
0.306733
0.306767
0.306783
0.306794
0.30681
0.306828
0.306843
0.30691
0.306954
0.307001
0.30708
0.307097
0.307101
0.30712
0.307161
0.307274
0.307275
0.307287
0.307304
0.307367
0.307374
0.307427
0.307497
0.3075
0.307553
0.30757
0.307617
0.307713
0.30772
0.30772
0.307763
0.307763
0.30778
0.307803
0.30783
0.307835
0.307837
0.30786
0.30791
0.30794
0.30798
0.307997
0.308001
0.308007
0.308017
0.308037
0.30804
0.30805
0.308053
0.308065
0.308067
0.308071
0.308087
0.308107
0.308133
0.30814
0.308267
0.308283
0.308286
0.308304
0.308347
0.308368
0.308394
0.308397
0.308434
0.30844
0.308503
0.308514
0.308526
0.308531
0.308571
0.308577
0.308587
0.308593
0.308621
0.308627
0.308651
0.30866
0.3087
0.308734
0.308754
0.30877
0.308773
0.308807
0.308824
0.308827
0.30885
0.308876
0.308933
0.308941
0.308948
0.308953
0.308987
0.309008
0.30902
0.309041
0.309134
0.30915
0.309197
0.309217
0.30923
0.309241
0.309243
0.30926
0.309264
0.309297
0.3093
0.309357
0.309434
0.309464
0.309487
0.309491
0.309527
0.309534
0.309534
0.309598
0.309641
0.309647
0.30966
0.309713
0.309754
0.309811
0.309821
0.309826
0.309837
0.30987
0.309883
0.309924
0.30995
0.309953
0.309967
0.30999
0.310036
0.310076
0.310078
0.310081
0.31012
0.310123
0.310143
0.31015
0.310161
0.310171
0.310183
0.310191
0.310284
0.310303
0.310347
0.31036
0.310377
0.310381
0.310421
0.310463
0.310467
0.31049
0.3105
0.310511
0.310523
0.310534
0.31056
0.310564
0.310564
0.310586
0.310597
0.310601
0.310631
0.310661
0.310664
0.31069
0.310693
0.310697
0.310697
0.310717
0.310727
0.310734
0.310758
0.310761
0.310791
0.31081
0.310813
0.310845
0.31088
0.310885
0.310893
0.3109
0.310969
0.310971
0.310997
0.311
0.311
0.311004
0.311023
0.311046
0.311063
0.311068
0.311077
0.31108
0.311124
0.31114
0.311203
0.311253
0.31126
0.31126
0.311297
0.311313
0.311317
0.311331
0.31134
0.31138
0.311393
0.311434
0.311441
0.311445
0.311448
0.311463
0.311467
0.311497
0.311504
0.311537
0.311554
0.311584
0.311687
0.31169
0.311704
0.311713
0.311717
0.311741
0.311773
0.311814
0.311837
0.311846
0.311873
0.311943
0.311947
0.311954
0.311964
0.311981
0.311988
0.312014
0.312056
0.312061
0.312101
0.312144
0.31217
0.312181
0.31219
0.312197
0.31223
0.312244
0.312253
0.312261
0.31229
0.312303
0.312343
0.312343
0.312375
0.312397
0.312411
0.312416
0.312418
0.312434
0.312444
0.312463
0.312493
0.312523
0.312547
0.312596
0.312597
0.312597
0.312657
0.312711
0.312724
0.312787
0.312796
0.312797
0.312803
0.31283
0.31283
0.312834
0.312881
0.312894
0.3129
0.312934
0.312958
0.313014
0.313085
0.31312
0.313147
0.313173
0.313213
0.31322
0.313246
0.313323
0.313334
0.313344
0.313364
0.31337
0.31337
0.313417
0.31342
0.31347
0.313503
0.31351
0.31351
0.31352
0.31353
0.313534
0.313534
0.313537
0.31354
0.313561
0.313563
0.31359
0.3136
0.31361
0.313611
0.313623
0.31363
0.313633
0.31364
0.313648
0.313718
0.31373
0.313754
0.313773
0.313796
0.313811
0.313811
0.313813
0.31382
0.313837
0.313861
0.313865
0.31391
0.313921
0.313931
0.31394
0.314021
0.314051
0.314068
0.314124
0.314153
0.314157
0.31416
0.314164
0.314184
0.314197
0.314203
0.31421
0.314228
0.314241
0.314246
0.314257
0.314258
0.314264
0.314274
0.31428
0.314291
0.314314
0.314318
0.314326
0.31434
0.314343
0.314424
0.314447
0.314467
0.314494
0.314494
0.3145
0.314536
0.31454
0.31459
0.3146
0.314604
0.31464
0.314655
0.31466
0.314687
0.314693
0.314717
0.31473
0.314751
0.314767
0.31479
0.314795
0.314823
0.314824
0.314831
0.31487
0.315019
0.315023
0.31504
0.315055
0.31507
0.315074
0.315077
0.315103
0.315124
0.315167
0.315168
0.315177
0.31522
0.315221
0.31523
0.31524
0.315247
0.315261
0.31527
0.315304
0.31532
0.315327
0.315374
0.3154
0.315404
0.31542
0.31542
0.315424
0.315427
0.315557
0.315564
0.315574
0.315593
0.31561
0.315623
0.31564
0.31564
0.31567
0.315684
0.315687
0.315716
0.315723
0.315743
0.315747
0.315826
0.31584
0.31585
0.315867
0.315867
0.31587
0.315874
0.31588
0.315887
0.31592
0.315936
0.315943
0.316004
0.316036
0.316041
0.316041
0.316047
0.316088
0.3161
0.31611
0.31611
0.31611
0.31614
0.316144
0.316147
0.316176
0.316197
0.316214
0.316217
0.316226
0.316243
0.316253
0.31627
0.31628
0.316286
0.31629
0.316291
0.31632
0.316341
0.316344
0.31635
0.316358
0.3164
0.31642
0.31642
0.316448
0.316451
0.316457
0.31654
0.316543
0.316563
0.316584
0.3166
0.316628
0.31664
0.316641
0.316653
0.316693
0.316697
0.3167
0.3167
0.316713
0.316753
0.316794
0.31687
0.31687
0.316878
0.316901
0.316906
0.316927
0.316927
0.31693
0.316953
0.316967
0.316984
0.316996
0.317003
0.317007
0.31705
0.31707
0.317081
0.317094
0.317104
0.31711
0.317164
0.317187
0.317204
0.31722
0.317227
0.31725
0.317267
0.317287
0.317367
0.317393
0.3174
0.317404
0.317406
0.317435
0.317444
0.317447
0.317465
0.317506
0.317526
0.317531
0.317581
0.317623
0.317653
0.317674
0.317697
0.317736
0.31775
0.317774
0.317781
0.317794
0.31781
0.317814
0.317814
0.317853
0.31788
0.317903
0.317913
0.317913
0.317927
0.31796
0.317967
0.317977
0.317994
0.31803
0.318047
0.318053
0.31807
0.31807
0.318071
0.318124
0.318138
0.318147
0.318157
0.318157
0.31817
0.318194
0.318214
0.318214
0.31823
0.318233
0.318254
0.318257
0.318263
0.318284
0.318287
0.318303
0.31832
0.318381
0.318397
0.318407
0.318443
0.318443
0.318447
0.318461
0.318474
0.318476
0.318491
0.3185
0.318515
0.318534
0.318543
0.318556
0.31857
0.318573
0.31859
0.318607
0.31864
0.318643
0.318646
0.31868
0.31872
0.318756
0.318784
0.318784
0.318827
0.318847
0.318854
0.31886
0.318907
0.318911
0.31892
0.318937
0.318983
0.318987
0.318997
0.319
0.319008
0.319024
0.319027
0.319063
0.319083
0.31911
0.319111
0.319118
0.319128
0.319133
0.319137
0.319157
0.31919
0.319203
0.319221
0.319224
0.319227
0.319257
0.319261
0.319294
0.319296
0.319306
0.319314
0.31933
0.319333
0.319337
0.31938
0.319401
0.319403
0.319428
0.31943
0.319467
0.319473
0.319493
0.31956
0.31958
0.319587
0.3196
0.31961
0.319627
0.31966
0.319667
0.31968
0.319697
0.319704
0.31971
0.319711
0.319714
0.31973
0.319747
0.319754
0.319758
0.319771
0.319804
0.319813
0.319815
0.319823
0.319823
0.319827
0.319847
0.31985
0.319866
0.319867
0.31987
0.319881
0.319903
0.319907
0.319913
0.31995
0.319951
0.319967
0.319987
0.319997
0.320036
0.320047
0.320073
0.320094
0.320154
0.320181
0.320196
0.320207
0.32025
0.320261
0.320266
0.32027
0.320277
0.320283
0.320297
0.320304
0.320317
0.32034
0.320344
0.32035
0.320356
0.320367
0.320371
0.320374
0.320397
0.320397
0.320413
0.320434
0.320437
0.320447
0.320514
0.320521
0.320527
0.320531
0.320598
0.320604
0.320621
0.32063
0.320644
0.320646
0.320656
0.320681
0.320693
0.320694
0.32071
0.32072
0.320744
0.320755
0.32079
0.3208
0.320804
0.32084
0.320844
0.32085
0.320854
0.320858
0.320868
0.320875
0.320886
0.320888
0.32091
0.320927
0.320934
0.320978
0.320991
0.320996
0.321004
0.321011
0.321021
0.321031
0.321046
0.321058
0.321061
0.321063
0.32107
0.321084
0.321134
0.32115
0.321171
0.32118
0.3212
0.321214
0.32124
0.321257
0.321287
0.321304
0.321317
0.321328
0.321334
0.321363
0.321367
0.321384
0.321387
0.321426
0.321427
0.321447
0.321464
0.321519
0.321523
0.321533
0.321553
0.32156
0.321583
0.321594
0.321597
0.321627
0.321627
0.321634
0.32165
0.321656
0.321657
0.321673
0.321674
0.321683
0.321697
0.321723
0.321728
0.321744
0.321754
0.32177
0.321783
0.321784
0.321793
0.321821
0.321825
0.32188
0.321884
0.321894
0.321904
0.32192
0.321958
0.321967
0.321987
0.322
0.322003
0.322026
0.32205
0.32205
0.322054
0.322071
0.32209
0.322093
0.322108
0.322114
0.322127
0.322137
0.322153
0.322176
0.322188
0.322188
0.32219
0.322193
0.322203
0.322213
0.322216
0.32222
0.322227
0.322234
0.322237
0.32224
0.322257
0.322264
0.322266
0.32227
0.322311
0.32232
0.32237
0.322387
0.322396
0.3224
0.322407
0.32242
0.322426
0.32245
0.32247
0.32247
0.322474
0.322492
0.322494
0.322505
0.322524
0.322536
0.32255
0.322557
0.322611
0.32262
0.322643
0.322664
0.322671
0.322697
0.3227
0.322714
0.322797
0.322823
0.322825
0.322844
0.322851
0.32286
0.32287
0.322873
0.32289
0.322897
0.322911
0.322923
0.32294
0.322944
0.322974
0.322977
0.32298
0.322981
0.323003
0.323047
0.323053
0.323067
0.323074
0.32309
0.3232
0.323203
0.323217
0.32322
0.323246
0.323247
0.323258
0.323274
0.323295
0.323297
0.32332
0.323334
0.32339
0.323408
0.323414
0.323443
0.323464
0.3235
0.323524
0.323534
0.323553
0.323574
0.323583
0.323594
0.3236
0.323607
0.323607
0.323637
0.323684
0.323696
0.323698
0.323724
0.323737
0.323746
0.32376
0.323764
0.323766
0.32377
0.323771
0.323787
0.32379
0.3238
0.323816
0.323817
0.32384
0.323847
0.323851
0.32386
0.323884
0.323894
0.323937
0.323957
0.323957
0.323961
0.323967
0.323971
0.32398
0.32398
0.323988
0.324
0.324014
0.32402
0.324031
0.324034
0.32404
0.324047
0.32405
0.324058
0.324067
0.324074
0.324096
0.324097
0.3241
0.324107
0.324161
0.324164
0.324167
0.3242
0.324204
0.324214
0.324234
0.324241
0.32425
0.32426
0.324277
0.324293
0.324334
0.324336
0.324344
0.324353
0.324434
0.324457
0.324473
0.324484
0.324508
0.32451
0.32451
0.324512
0.324534
0.324564
0.324594
0.32463
0.324637
0.324651
0.324654
0.32466
0.324681
0.324684
0.324713
0.324714
0.324721
0.32473
0.324734
0.324747
0.324761
0.324763
0.324777
0.324781
0.324783
0.324787
0.32479
0.324801
0.32481
0.32484
0.324847
0.324866
0.324878
0.32493
0.32493
0.324931
0.324933
0.32496
0.324967
0.32497
0.324974
0.32499
0.325003
0.325011
0.325076
0.325094
0.325108
0.325126
0.325138
0.325151
0.325166
0.32521
0.325211
0.325224
0.325247
0.32526
0.32526
0.325287
0.325304
0.325307
0.325337
0.32536
0.325363
0.325374
0.325377
0.325394
0.32541
0.325417
0.325447
0.325447
0.32547
0.325474
0.32548
0.3255
0.32552
0.325537
0.32555
0.32558
0.325583
0.325595
0.325603
0.325617
0.325623
0.325633
0.325637
0.325661
0.325697
0.325727
0.32573
0.325733
0.32575
0.325751
0.325761
0.325774
0.325777
0.325787
0.325813
0.325816
0.325831
0.32585
0.32587
0.32587
0.325885
0.3259
0.325907
0.325953
0.32599
0.326017
0.32602
0.326025
0.326044
0.326053
0.326056
0.326058
0.326074
0.326084
0.32609
0.32612
0.32615
0.32616
0.32618
0.326184
0.326197
0.326223
0.326233
0.326244
0.326271
0.326297
0.326307
0.326317
0.326327
0.326346
0.326365
0.326367
0.326373
0.326398
0.326407
0.32641
0.326413
0.32642
0.326436
0.326437
0.32645
0.326454
0.326454
0.326457
0.32646
0.326461
0.326555
0.32657
0.326588
0.326597
0.326605
0.326607
0.32662
0.326643
0.326661
0.32667
0.326701
0.326704
0.32672
0.326747
0.326748
0.326748
0.326777
0.326778
0.326797
0.326797
0.326804
0.326814
0.32683
0.326834
0.326844
0.32685
0.326863
0.326883
0.326893
0.326896
0.3269
0.326924
0.326927
0.326937
0.326954
0.326986
0.32699
0.327
0.327003
0.327004
0.32701
0.327014
0.32702
0.32706
0.327077
0.327081
0.327084
0.327094
0.327128
0.327145
0.327154
0.327174
0.327223
0.327224
0.327234
0.327243
0.327246
0.327258
0.327273
0.327287
0.327288
0.32729
0.3273
0.327307
0.327327
0.327327
0.327337
0.32736
0.327367
0.327377
0.327387
0.327387
0.327387
0.327407
0.327416
0.327427
0.327434
0.32744
0.327447
0.32747
0.327471
0.327474
0.327483
0.327486
0.327487
0.327517
0.327517
0.327526
0.327527
0.327537
0.32754
0.327557
0.32757
0.32758
0.3276
0.327606
0.327616
0.327617
0.327648
0.327657
0.327672
0.327674
0.327687
0.327696
0.327713
0.32775
0.32775
0.32775
0.327754
0.327766
0.327768
0.327773
0.327779
0.327794
0.3278
0.327806
0.32782
0.32783
0.327847
0.327857
0.327887
0.327893
0.327897
0.327904
0.327907
0.327907
0.327911
0.327924
0.327967
0.328003
0.328007
0.328008
0.328033
0.328034
0.32804
0.328096
0.32811
0.328114
0.328136
0.328147
0.328173
0.32818
0.328184
0.328191
0.328197
0.328204
0.328206
0.32822
0.32822
0.328224
0.328263
0.328273
0.328277
0.328283
0.328304
0.32831
0.328311
0.328335
0.328343
0.328353
0.32836
0.32836
0.328363
0.328397
0.32841
0.32841
0.328417
0.328434
0.328444
0.32845
0.328454
0.328477
0.32848
0.328481
0.328491
0.328507
0.328537
0.32855
0.32857
0.32857
0.32859
0.328678
0.32869
0.328707
0.32871
0.328714
0.328743
0.328747
0.32875
0.32878
0.32878
0.328797
0.3288
0.328811
0.328824
0.328825
0.32883
0.328837
0.328841
0.328858
0.328864
0.328864
0.328867
0.328874
0.328887
0.32889
0.328894
0.3289
0.328906
0.328913
0.328913
0.32892
0.32893
0.328931
0.328937
0.328943
0.328947
0.328953
0.328954
0.328981
0.328984
0.328985
0.329001
0.329001
0.329007
0.32903
0.329037
0.32904
0.329061
0.32908
0.329083
0.32909
0.329097
0.329104
0.329107
0.329117
0.32914
0.329143
0.329147
0.329147
0.329178
0.32918
0.329187
0.329194
0.329204
0.329206
0.329211
0.329214
0.329217
0.329237
0.32924
0.32927
0.329328
0.329331
0.329333
0.329357
0.32936
0.329373
0.329374
0.329386
0.329387
0.329397
0.3294
0.329427
0.329473
0.32949
0.329493
0.329497
0.329503
0.32951
0.32952
0.329537
0.329554
0.329557
0.32957
0.329573
0.329587
0.329591
0.329594
0.3296
0.329617
0.329641
0.329645
0.329671
0.329683
0.32969
0.329694
0.329717
0.329731
0.329734
0.329738
0.32974
0.32974
0.32975
0.329813
0.329824
0.329826
0.329837
0.329881
0.329937
0.32996
0.329974
0.329987
0.32999
0.329994
0.329994
0.329996
0.329998
0.33001
0.330018
0.330028
0.330041
0.330044
0.33005
0.330057
0.330067
0.33007
0.330074
0.330074
0.330077
0.33009
0.33011
0.330114
0.330124
0.330127
0.33013
0.330174
0.330174
0.330177
0.330201
0.330207
0.33021
0.330217
0.330227
0.330234
0.330253
0.330255
0.33026
0.33026
0.330267
0.33027
0.33027
0.330278
0.330281
0.330317
0.330351
0.330353
0.33037
0.330378
0.330383
0.330387
0.330387
0.330387
0.330387
0.330388
0.330424
0.330431
0.33047
0.33047
0.330481
0.330503
0.330517
0.330537
0.330541
0.330567
0.330577
0.330577
0.330608
0.330613
0.330613
0.330618
0.330634
0.33064
0.33064
0.330647
0.330651
0.330657
0.330667
0.330667
0.33067
0.330674
0.330678
0.33069
0.330691
0.330691
0.330697
0.33071
0.330717
0.330733
0.330738
0.33074
0.330747
0.33075
0.33076
0.33077
0.330784
0.330801
0.330811
0.33083
0.330843
0.330847
0.33085
0.330857
0.33086
0.330866
0.330871
0.33092
0.330921
0.330927
0.330948
0.330951
0.330983
0.330984
0.33102
0.33103
0.331033
0.331057
0.331061
0.331066
0.331077
0.331084
0.33109
0.331094
0.331098
0.33111
0.331118
0.33112
0.331141
0.331141
0.331144
0.331146
0.331161
0.33118
0.331197
0.331201
0.331227
0.331277
0.33129
0.331297
0.331304
0.331307
0.33132
0.331323
0.331334
0.331337
0.331338
0.331363
0.331368
0.33137
0.331394
0.331397
0.331403
0.331415
0.331454
0.331471
0.331474
0.33148
0.331486
0.331491
0.331503
0.331506
0.331507
0.331513
0.331524
0.331596
0.3316
0.331623
0.331627
0.331628
0.331631
0.331638
0.331644
0.331644
0.331658
0.331658
0.331661
0.33167
0.331671
0.331675
0.331677
0.331687
0.331691
0.33171
0.331714
0.331717
0.331731
0.33174
0.331743
0.331756
0.331757
0.33176
0.331767
0.331767
0.331804
0.331813
0.331814
0.33187
0.331874
0.331881
0.3319
0.331927
0.331934
0.331954
0.331986
0.331997
0.332007
0.332014
0.332036
0.332037
0.33204
0.332046
0.33205
0.33205
0.332051
0.332063
0.332087
0.3321
0.332113
0.33214
0.332144
0.33216
0.332161
0.332183
0.33219
0.332194
0.332195
0.332201
0.332216
0.332221
0.332221
0.332225
0.332227
0.332228
0.332233
0.332237
0.33224
0.332247
0.332248
0.332251
0.33228
0.332283
0.332304
0.332306
0.33232
0.33232
0.332325
0.332326
0.332343
0.332346
0.332378
0.33239
0.33239
0.332424
0.332464
0.332464
0.332465
0.33247
0.332501
0.332503
0.332523
0.332533
0.332543
0.332554
0.332561
0.332574
0.332587
0.33259
0.332596
0.33261
0.33262
0.332627
0.33263
0.33263
0.332636
0.332666
0.33267
0.33268
0.332686
0.33269
0.332697
0.33271
0.33273
0.332754
0.332764
0.332764
0.332781
0.332781
0.332784
0.332794
0.332794
0.332811
0.332836
0.332841
0.332871
0.332888
0.332907
0.332913
0.332924
0.33293
0.33293
0.332937
0.332938
0.332955
0.332964
0.332971
0.332991
0.332994
0.332997
0.333004
0.333014
0.333016
0.333027
0.33304
0.333056
0.333067
0.333067
0.333074
0.333083
0.333121
0.333134
0.33315
0.33316
0.333161
0.333164
0.333177
0.333191
0.333191
0.333201
0.333204
0.333223
0.33323
0.33323
0.333233
0.33324
0.333264
0.33327
0.333273
0.333276
0.333286
0.33329
0.333296
0.333303
0.333307
0.333308
0.333308
0.333323
0.333327
0.333341
0.333356
0.333364
0.333371
0.333388
0.333393
0.333401
0.33341
0.333414
0.333418
0.333424
0.333431
0.33345
0.33345
0.333497
0.33351
0.333514
0.333527
0.33353
0.333534
0.333543
0.333554
0.333557
0.333563
0.333567
0.333568
0.33357
0.333573
0.33361
0.333627
0.333653
0.333661
0.333662
0.333667
0.333676
0.333683
0.33369
0.333704
0.33371
0.33372
0.33373
0.33373
0.333737
0.333753
0.333757
0.33376
0.333783
0.333796
0.333797
0.333797
0.3338
0.3338
0.33382
0.33383
0.33384
0.333844
0.333863
0.333864
0.333883
0.333883
0.33389
0.333927
0.333934
0.333934
0.33394
0.33395
0.333954
0.333963
0.333977
0.33398
0.334001
0.334021
0.334023
0.334028
0.334036
0.334044
0.334054
0.334057
0.33407
0.334074
0.334096
0.334111
0.334117
0.334134
0.334143
0.334166
0.334167
0.33417
0.334173
0.334178
0.334207
0.33421
0.334225
0.33423
0.334234
0.334254
0.334257
0.33426
0.33427
0.334274
0.33428
0.33428
0.334281
0.334287
0.334318
0.33432
0.334327
0.334328
0.334331
0.334344
0.334344
0.334364
0.334388
0.3344
0.334403
0.334403
0.334404
0.334417
0.33443
0.33445
0.334464
0.334466
0.33447
0.334473
0.334476
0.334476
0.33448
0.334527
0.334537
0.33455
0.334563
0.334567
0.334597
0.3346
0.334601
0.334611
0.33462
0.334624
0.334633
0.334634
0.334637
0.33464
0.334644
0.334644
0.334647
0.33466
0.334666
0.33467
0.334687
0.334704
0.33472
0.33472
0.334726
0.334734
0.334734
0.334737
0.334747
0.334751
0.33476
0.334768
0.33477
0.334774
0.334783
0.334794
0.334817
0.33484
0.334853
0.334863
0.334873
0.334884
0.334894
0.334896
0.334911
0.334966
0.334966
0.334978
0.334984
0.335007
0.33501
0.335011
0.335013
0.335017
0.335031
0.335031
0.335041
0.33507
0.33507
0.335073
0.335084
0.335104
0.335107
0.335127
0.335156
0.335164
0.335168
0.33517
0.335174
0.33518
0.335184
0.335191
0.335201
0.335201
0.33522
0.335223
0.335238
0.335274
0.335278
0.335288
0.335326
0.335331
0.335343
0.335344
0.33536
0.335377
0.335384
0.33539
0.335394
0.33541
0.335447
0.33545
0.335451
0.335461
0.335461
0.33547
0.335517
0.335527
0.33555
0.335553
0.335561
0.335574
0.335575
0.33558
0.33559
0.335607
0.335623
0.33563
0.335631
0.335648
0.335657
0.33566
0.335666
0.33567
0.335671
0.33571
0.335721
0.335731
0.33574
0.335743
0.335748
0.335748
0.335751
0.335767
0.335772
0.335783
0.335784
0.335806
0.335807
0.335807
0.335825
0.33588
0.335883
0.335888
0.33589
0.3359
0.335902
0.33591
0.33591
0.335917
0.335917
0.335934
0.335943
0.335951
0.33596
0.335964
0.335974
0.335976
0.336004
0.336004
0.336014
0.336018
0.336034
0.336034
0.33604
0.33604
0.336077
0.336087
0.3361
0.336104
0.336117
0.336127
0.33613
0.336148
0.336167
0.336173
0.336177
0.33618
0.336191
0.336193
0.336206
0.336219
0.33622
0.33623
0.336234
0.336241
0.336241
0.336263
0.336297
0.336306
0.336313
0.336327
0.336347
0.336347
0.336357
0.336363
0.336367
0.336371
0.336373
0.336374
0.336383
0.336387
0.33639
0.33641
0.33641
0.336417
0.336433
0.336434
0.336443
0.336444
0.336444
0.336447
0.336456
0.336464
0.33648
0.336485
0.336487
0.336514
0.336524
0.33654
0.336547
0.33656
0.336587
0.336588
0.336594
0.336594
0.336596
0.336614
0.336623
0.33663
0.336647
0.336684
0.336696
0.336697
0.336707
0.336721
0.336744
0.336757
0.336777
0.336781
0.336787
0.336793
0.3368
0.336804
0.336817
0.336831
0.336837
0.336853
0.336855
0.336856
0.336878
0.33688
0.336888
0.336891
0.336898
0.3369
0.33691
0.336927
0.33697
0.33699
0.336994
0.337
0.337007
0.337007
0.337007
0.33703
0.337051
0.337053
0.337068
0.33708
0.337117
0.337117
0.33712
0.337121
0.337134
0.337147
0.337157
0.33716
0.337163
0.337164
0.337184
0.337201
0.33721
0.337217
0.33722
0.337243
0.337257
0.33726
0.337264
0.337275
0.33728
0.337281
0.33729
0.337294
0.337311
0.337323
0.33734
0.33735
0.337353
0.337361
0.337364
0.337367
0.337367
0.337383
0.337398
0.337401
0.337407
0.337407
0.337413
0.337421
0.337424
0.337424
0.33743
0.337443
0.33745
0.337471
0.337487
0.337517
0.33752
0.337521
0.337531
0.337543
0.33755
0.337551
0.33756
0.337564
0.337567
0.337574
0.337577
0.33758
0.337584
0.337586
0.337595
0.3376
0.337633
0.337641
0.337647
0.337653
0.33766
0.33767
0.337673
0.337677
0.337681
0.337684
0.33769
0.33769
0.337714
0.337717
0.337754
0.33777
0.337787
0.337787
0.33779
0.337793
0.3378
0.337804
0.337814
0.33783
0.337834
0.33784
0.337844
0.337848
0.33785
0.33785
0.337867
0.337867
0.337868
0.33787
0.33787
0.337906
0.337914
0.337941
0.337944
0.337956
0.33796
0.33797
0.33798
0.337987
0.337987
0.337995
0.33801
0.338014
0.338018
0.338023
0.338024
0.338068
0.33807
0.338097
0.338107
0.338114
0.338117
0.33812
0.338124
0.338138
0.338153
0.338164
0.338166
0.338177
0.33818
0.338184
0.338191
0.338205
0.338211
0.338213
0.338227
0.338237
0.338257
0.338273
0.338287
0.338291
0.338323
0.338326
0.338344
0.338346
0.338358
0.338358
0.33836
0.33836
0.338371
0.338377
0.338383
0.33839
0.338394
0.338395
0.3384
0.338403
0.338414
0.338417
0.33843
0.33846
0.338474
0.338484
0.338487
0.338507
0.338507
0.338514
0.338531
0.338534
0.338543
0.338544
0.338544
0.33855
0.338574
0.338583
0.338607
0.338617
0.338627
0.338656
0.338663
0.338678
0.33868
0.33868
0.338684
0.338687
0.338691
0.338727
0.338747
0.338758
0.338758
0.33876
0.338774
0.338774
0.33878
0.338781
0.338787
0.3388
0.33881
0.338814
0.338863
0.338871
0.338873
0.338887
0.338893
0.338897
0.33891
0.338911
0.338913
0.338914
0.338916
0.338917
0.338918
0.33892
0.33893
0.33894
0.338954
0.338957
0.338963
0.338973
0.339
0.339007
0.339007
0.33904
0.339048
0.339094
0.339103
0.33912
0.339123
0.339137
0.33915
0.339154
0.339154
0.339156
0.33916
0.339163
0.339171
0.339184
0.339197
0.33921
0.339218
0.339224
0.339244
0.339246
0.33926
0.339261
0.339293
0.339293
0.339303
0.339303
0.339344
0.339387
0.339394
0.339396
0.339397
0.3394
0.339401
0.33941
0.339418
0.33943
0.339431
0.339436
0.33944
0.339443
0.33945
0.33947
0.339484
0.339484
0.339493
0.3395
0.33951
0.339511
0.339521
0.339524
0.33953
0.339536
0.339541
0.339543
0.339544
0.339557
0.339564
0.339567
0.339573
0.339576
0.339587
0.339603
0.339604
0.33963
0.33964
0.339641
0.339643
0.339663
0.33967
0.33969
0.33969
0.339713
0.339733
0.339757
0.3398
0.3398
0.339803
0.339813
0.339817
0.339821
0.339833
0.33987
0.339877
0.339893
0.3399
0.339917
0.33992
0.339934
0.339937
0.33994
0.339948
0.339948
0.339964
0.339967
0.339973
0.339974
0.339987
0.339987
0.339994
0.339997
0.340004
0.340013
0.340027
0.340031
0.340043
0.340077
0.340087
0.340107
0.340107
0.34011
0.340114
0.340121
0.340121
0.340137
0.340148
0.34015
0.340157
0.34017
0.3402
0.340203
0.340207
0.340213
0.340233
0.340243
0.340251
0.340257
0.340258
0.34027
0.340273
0.340287
0.340293
0.340301
0.340307
0.34031
0.340314
0.34032
0.340321
0.340321
0.34033
0.34035
0.34035
0.34035
0.340353
0.340353
0.340366
0.340377
0.340381
0.340387
0.340391
0.340407
0.340413
0.340416
0.340437
0.340438
0.340477
0.340477
0.34048
0.34048
0.34048
0.340484
0.340491
0.340501
0.340514
0.340517
0.340521
0.340523
0.340531
0.340543
0.340544
0.340553
0.340564
0.340584
0.340594
0.340597
0.3406
0.340611
0.340617
0.340618
0.34063
0.340634
0.340644
0.340644
0.34065
0.340653
0.340659
0.340667
0.340667
0.34069
0.3407
0.340707
0.34071
0.340734
0.340751
0.34078
0.340784
0.340788
0.34079
0.3408
0.340803
0.340811
0.340835
0.340844
0.340844
0.340854
0.340861
0.340867
0.340883
0.340887
0.340897
0.340914
0.340917
0.340923
0.34093
0.34095
0.34096
0.34102
0.34102
0.341024
0.341037
0.341038
0.341041
0.34105
0.341053
0.341057
0.341067
0.34107
0.341074
0.34108
0.341087
0.341093
0.3411
0.341113
0.341118
0.341121
0.341121
0.341144
0.34115
0.341153
0.341174
0.341177
0.34118
0.341184
0.341187
0.341187
0.341196
0.341197
0.3412
0.34122
0.341228
0.34123
0.341241
0.341256
0.341267
0.341273
0.341291
0.341294
0.341298
0.34131
0.341314
0.341314
0.34132
0.341323
0.341343
0.341344
0.341367
0.34137
0.341383
0.341391
0.341394
0.34141
0.341417
0.34142
0.341437
0.34145
0.341455
0.341467
0.341473
0.341476
0.341507
0.34152
0.341521
0.341527
0.341544
0.341547
0.341553
0.34156
0.341568
0.341573
0.341583
0.341594
0.341596
0.341597
0.341607
0.341613
0.341614
0.341633
0.341634
0.34164
0.34164
0.341651
0.34167
0.341671
0.341674
0.34168
0.341687
0.3417
0.34171
0.34171
0.341736
0.34174
0.34174
0.341753
0.341766
0.34177
0.341783
0.341787
0.341814
0.341821
0.341837
0.341853
0.341854
0.34186
0.341881
0.341884
0.341914
0.341924
0.341931
0.341941
0.341943
0.341951
0.341954
0.341956
0.341961
0.341963
0.34197
0.341994
0.342006
0.34201
0.34203
0.34203
0.342043
0.342044
0.342047
0.342051
0.342066
0.342071
0.34209
0.342091
0.342096
0.342097
0.3421
0.342117
0.342124
0.342127
0.34214
0.342143
0.342144
0.342157
0.342167
0.342178
0.342183
0.3422
0.342201
0.342208
0.34221
0.342211
0.342217
0.34222
0.34223
0.342233
0.342234
0.342241
0.34226
0.3423
0.342308
0.342317
0.342338
0.342341
0.342343
0.342354
0.342358
0.342395
0.342414
0.342414
0.342417
0.342437
0.342437
0.34244
0.342453
0.342453
0.34246
0.342494
0.342497
0.342507
0.342514
0.34252
0.342524
0.342526
0.342531
0.342534
0.342543
0.342554
0.342554
0.34256
0.342576
0.342581
0.3426
0.342607
0.342613
0.34263
0.342643
0.342649
0.342651
0.342664
0.34267
0.342671
0.342674
0.342681
0.3427
0.342704
0.34272
0.342724
0.342743
0.342747
0.34275
0.342765
0.342798
0.34282
0.342831
0.342833
0.342837
0.342847
0.34285
0.342863
0.342887
0.3429
0.342904
0.34291
0.342914
0.342937
0.342941
0.342941
0.342943
0.342951
0.342954
0.34296
0.34297
0.342981
0.34299
0.342996
0.343007
0.343014
0.343023
0.343034
0.343043
0.343044
0.34305
0.343067
0.34307
0.343071
0.343081
0.343087
0.343087
0.343091
0.3431
0.34311
0.34311
0.34312
0.34313
0.34313
0.343131
0.343136
0.343138
0.34316
0.343167
0.34317
0.343183
0.343187
0.343188
0.34319
0.34319
0.343207
0.343218
0.34322
0.343228
0.34324
0.343243
0.34325
0.343253
0.34326
0.343266
0.34327
0.343277
0.343281
0.34329
0.343308
0.343313
0.343341
0.343343
0.343346
0.343347
0.343347
0.343354
0.343357
0.343363
0.343363
0.343368
0.34338
0.343393
0.343401
0.343406
0.343407
0.343437
0.343453
0.343464
0.343481
0.343483
0.343484
0.343493
0.343497
0.343521
0.343528
0.343544
0.343547
0.34355
0.343551
0.343553
0.343563
0.343577
0.343584
0.343584
0.34361
0.343611
0.343616
0.343623
0.343625
0.343633
0.343663
0.343673
0.34368
0.343681
0.343683
0.34369
0.34369
0.343693
0.343697
0.343704
0.343708
0.343727
0.343754
0.34376
0.343761
0.34377
0.343771
0.343795
0.343797
0.343807
0.343811
0.343813
0.343817
0.34382
0.34382
0.343827
0.343838
0.343844
0.343847
0.343853
0.343864
0.343883
0.343893
0.343894
0.343896
0.3439
0.343907
0.34391
0.343913
0.34393
0.343934
0.343936
0.343947
0.343957
0.343957
0.343961
0.343978
0.344003
0.344004
0.344007
0.344007
0.344027
0.34404
0.344041
0.34405
0.344057
0.344061
0.344067
0.344067
0.344075
0.34408
0.344081
0.344091
0.344107
0.344113
0.344121
0.344127
0.34413
0.344151
0.344154
0.344168
0.344174
0.344188
0.34419
0.344201
0.344204
0.344225
0.344231
0.34425
0.344267
0.344271
0.34429
0.3443
0.344326
0.34436
0.344361
0.344361
0.344367
0.344367
0.344384
0.344391
0.344407
0.344433
0.344435
0.34444
0.34445
0.344461
0.344463
0.344463
0.344463
0.344466
0.344477
0.344477
0.344481
0.344481
0.3445
0.34452
0.344537
0.344541
0.344541
0.344546
0.344564
0.344564
0.344575
0.344591
0.344593
0.344616
0.344623
0.344658
0.344668
0.344674
0.344687
0.344697
0.344703
0.344707
0.344714
0.344718
0.344723
0.344727
0.344735
0.344737
0.344743
0.344747
0.344747
0.34476
0.344777
0.344783
0.344802
0.344816
0.344817
0.34483
0.34484
0.344844
0.344857
0.344866
0.344867
0.344867
0.344871
0.344873
0.344884
0.344891
0.344903
0.344915
0.344917
0.344921
0.344925
0.344938
0.344947
0.344947
0.344971
0.344983
0.344987
0.34499
0.345004
0.345011
0.345014
0.34502
0.34502
0.34502
0.345031
0.345033
0.345037
0.345054
0.345057
0.345064
0.345071
0.345077
0.345078
0.345111
0.345123
0.345163
0.345163
0.345168
0.345186
0.345187
0.345191
0.3452
0.345207
0.34523
0.345238
0.34524
0.345247
0.345251
0.345256
0.345267
0.345267
0.345273
0.345275
0.345277
0.3453
0.345303
0.345316
0.345317
0.345324
0.34533
0.345333
0.345334
0.345334
0.345341
0.345344
0.345367
0.345373
0.345407
0.34542
0.345421
0.345423
0.34543
0.34544
0.34545
0.34545
0.345454
0.345457
0.345467
0.345478
0.345487
0.3455
0.345503
0.345514
0.34552
0.345527
0.345531
0.345547
0.345567
0.345597
0.3456
0.34562
0.345627
0.345633
0.345633
0.345643
0.345661
0.34567
0.345674
0.345676
0.34569
0.345707
0.345717
0.345728
0.345744
0.345755
0.345774
0.34578
0.34579
0.345797
0.3458
0.345804
0.345804
0.34581
0.345817
0.345821
0.345841
0.345857
0.345874
0.34591
0.34591
0.345913
0.34593
0.34595
0.34595
0.345967
0.345996
0.345997
0.346007
0.346033
0.346043
0.346047
0.346053
0.346054
0.346054
0.346074
0.346082
0.346083
0.34609
0.346094
0.346097
0.3461
0.346114
0.34612
0.346145
0.346151
0.346173
0.34621
0.346221
0.346248
0.346266
0.346273
0.346291
0.34631
0.346317
0.346333
0.346333
0.346334
0.346334
0.346337
0.346341
0.346343
0.346347
0.34635
0.346353
0.34637
0.34637
0.34638
0.34638
0.34638
0.346383
0.346387
0.346403
0.346414
0.346423
0.346426
0.346437
0.346457
0.34647
0.346484
0.34652
0.346521
0.34653
0.346537
0.346544
0.346553
0.34657
0.346587
0.346596
0.346618
0.346627
0.346627
0.346627
0.34664
0.346658
0.346674
0.34668
0.346684
0.346707
0.34671
0.346724
0.346735
0.346736
0.34674
0.346748
0.346774
0.346793
0.346807
0.346807
0.34681
0.34681
0.346811
0.346817
0.34683
0.34683
0.346848
0.34685
0.346851
0.346854
0.34686
0.346863
0.346864
0.346884
0.346884
0.346918
0.34693
0.34693
0.346947
0.346954
0.34696
0.34696
0.346964
0.346964
0.346976
0.346976
0.346988
0.347011
0.347028
0.34703
0.347031
0.347036
0.347068
0.34707
0.347091
0.347099
0.347113
0.34712
0.347127
0.347131
0.34714
0.347153
0.34716
0.347174
0.347187
0.347193
0.347194
0.347206
0.34722
0.347241
0.347244
0.347247
0.347267
0.347281
0.347293
0.347307
0.347323
0.347341
0.347343
0.347347
0.347372
0.347375
0.347377
0.347378
0.347397
0.347397
0.347398
0.347404
0.347404
0.34741
0.347414
0.347414
0.347417
0.347463
0.347463
0.347464
0.347467
0.347488
0.347503
0.34751
0.34752
0.347541
0.347553
0.347554
0.347561
0.347561
0.347564
0.347584
0.347591
0.3476
0.347607
0.347617
0.347617
0.347641
0.347677
0.347678
0.34768
0.347684
0.34769
0.347704
0.347717
0.34772
0.347733
0.347745
0.347746
0.347757
0.347757
0.347761
0.347765
0.347778
0.347781
0.347784
0.34779
0.347794
0.347807
0.34781
0.347811
0.347826
0.347827
0.347831
0.347837
0.347847
0.347847
0.347851
0.347854
0.34787
0.347871
0.347874
0.347874
0.347881
0.347924
0.347934
0.347947
0.347951
0.347957
0.347971
0.347976
0.347987
0.348007
0.348018
0.348021
0.348037
0.348037
0.34804
0.348043
0.34806
0.348073
0.348074
0.348097
0.348097
0.348101
0.348107
0.34811
0.348113
0.348113
0.348117
0.348127
0.348137
0.348144
0.348153
0.34816
0.348163
0.348164
0.348174
0.348184
0.348196
0.348207
0.34821
0.34822
0.348224
0.34825
0.348278
0.348283
0.348293
0.348306
0.348331
0.348333
0.348344
0.34835
0.34835
0.348361
0.348361
0.348367
0.34837
0.348404
0.348405
0.348416
0.34843
0.348433
0.348437
0.348447
0.348467
0.348474
0.348477
0.348487
0.34849
0.348505
0.348517
0.348517
0.34853
0.348553
0.348587
0.348603
0.348607
0.34863
0.34863
0.34866
0.348664
0.348666
0.348677
0.348677
0.348694
0.348697
0.3487
0.348717
0.348721
0.348746
0.348777
0.348793
0.348797
0.34882
0.348836
0.348836
0.348853
0.348877
0.348883
0.348884
0.348893
0.348894
0.348901
0.348901
0.348911
0.34892
0.34894
0.348951
0.34899
0.348997
0.349004
0.349014
0.349034
0.349037
0.349038
0.349056
0.349057
0.34906
0.349074
0.349093
0.349094
0.349107
0.349108
0.349117
0.349123
0.349154
0.349161
0.349164
0.349176
0.34918
0.349191
0.349194
0.349204
0.349224
0.34923
0.349237
0.349238
0.34927
0.349281
0.349283
0.349324
0.34934
0.349347
0.349367
0.349371
0.349387
0.349397
0.349426
0.349446
0.349457
0.349458
0.349463
0.349467
0.349469
0.349481
0.349483
0.349494
0.349501
0.349536
0.34956
0.349563
0.349568
0.349581
0.349591
0.349597
0.349598
0.349598
0.349606
0.34961
0.349613
0.349618
0.349631
0.349638
0.349644
0.349664
0.349673
0.349674
0.34968
0.349694
0.3497
0.349709
0.349718
0.349726
0.349727
0.349737
0.34975
0.34977
0.349783
0.349787
0.349804
0.34982
0.349823
0.349831
0.349835
0.349837
0.34987
0.349894
0.349906
0.34992
0.349923
0.349928
0.34993
0.34996
0.34997
0.349981
0.349988
0.34999
0.349994
0.350014
0.350023
0.350027
0.350033
0.350037
0.350044
0.350046
0.350048
0.350054
0.350058
0.350063
0.350074
0.35008
0.350087
0.350124
0.350124
0.350127
0.35014
0.350156
0.350157
0.35016
0.35017
0.350176
0.350201
0.350224
0.350227
0.35023
0.35023
0.350237
0.350277
0.350291
0.350293
0.350294
0.350317
0.35032
0.350333
0.35036
0.35037
0.350377
0.35042
0.350444
0.350447
0.350455
0.350475
0.35048
0.350484
0.350487
0.350487
0.350494
0.3505
0.350506
0.350521
0.350521
0.350533
0.350564
0.350576
0.35058
0.350584
0.350593
0.350637
0.350638
0.35064
0.350654
0.350658
0.350661
0.350663
0.350663
0.350667
0.35067
0.350677
0.350684
0.35071
0.350713
0.350733
0.350734
0.350737
0.350754
0.350761
0.350763
0.35077
0.350774
0.35078
0.350794
0.350806
0.35082
0.350828
0.350837
0.35084
0.35084
0.35085
0.350851
0.350858
0.350877
0.350881
0.350884
0.350887
0.350891
0.350893
0.35091
0.350933
0.350941
0.350943
0.350944
0.350947
0.350951
0.350963
0.350964
0.350994
0.350994
0.351016
0.351018
0.35102
0.351024
0.351033
0.351034
0.351037
0.351044
0.351054
0.35106
0.351067
0.35107
0.351083
0.351084
0.351084
0.351097
0.3511
0.351107
0.35111
0.351114
0.351114
0.351127
0.351151
0.351157
0.351157
0.35118
0.351207
0.35121
0.351213
0.35122
0.351233
0.35126
0.35126
0.351268
0.351273
0.351294
0.35131
0.351316
0.351323
0.351324
0.351328
0.351334
0.351348
0.35137
0.351371
0.351371
0.351375
0.351397
0.351397
0.351398
0.351417
0.35143
0.35143
0.351437
0.351454
0.35147
0.351491
0.351503
0.351514
0.351514
0.351517
0.351538
0.351564
0.35157
0.351576
0.351593
0.351598
0.351598
0.351608
0.35161
0.351614
0.351633
0.351634
0.351638
0.35164
0.351643
0.351644
0.351646
0.351687
0.3517
0.3517
0.3517
0.351701
0.351711
0.351711
0.351714
0.35172
0.35174
0.35174
0.351743
0.351751
0.351754
0.351756
0.351763
0.351774
0.351781
0.351784
0.351787
0.351791
0.351793
0.351794
0.3518
0.351801
0.351827
0.351833
0.351837
0.35185
0.351874
0.351887
0.35189
0.35191
0.351911
0.351924
0.35193
0.351943
0.35197
0.351987
0.351994
0.352024
0.352027
0.352036
0.352037
0.352044
0.35206
0.35207
0.35207
0.35208
0.352083
0.352111
0.352151
0.352164
0.352166
0.352168
0.352171
0.352173
0.3522
0.3522
0.352204
0.352204
0.352204
0.352207
0.35221
0.352224
0.352228
0.352241
0.352243
0.35225
0.352253
0.352277
0.352277
0.352297
0.352304
0.352304
0.352305
0.35231
0.35232
0.352331
0.352336
0.352337
0.352343
0.352367
0.352367
0.352374
0.352393
0.352394
0.352404
0.35241
0.35241
0.35242
0.35243
0.352437
0.352444
0.352494
0.3525
0.352501
0.352503
0.352513
0.352534
0.352538
0.352538
0.352544
0.352547
0.352547
0.35255
0.352553
0.352554
0.352554
0.352554
0.352556
0.352561
0.35257
0.352574
0.352577
0.3526
0.352601
0.352604
0.352617
0.35262
0.352627
0.352633
0.352634
0.352657
0.35266
0.352687
0.352698
0.35271
0.352721
0.352733
0.352734
0.35274
0.352744
0.352758
0.3528
0.352847
0.35285
0.352851
0.352875
0.352878
0.352883
0.352893
0.352923
0.352927
0.352928
0.352946
0.352967
0.352967
0.352968
0.352971
0.352973
0.352977
0.352984
0.352987
0.353007
0.353013
0.353017
0.353047
0.35305
0.353051
0.353057
0.353063
0.353077
0.353081
0.353087
0.353091
0.353098
0.3531
0.353111
0.353123
0.353124
0.35313
0.353134
0.353136
0.353137
0.353157
0.353173
0.353184
0.353203
0.353203
0.35321
0.35323
0.353231
0.35324
0.353243
0.353247
0.353251
0.353254
0.353256
0.353261
0.353287
0.35329
0.3533
0.3533
0.353317
0.35333
0.353347
0.353367
0.353393
0.353404
0.353423
0.35343
0.353433
0.353434
0.353437
0.353447
0.353457
0.353474
0.353474
0.35348
0.353491
0.353503
0.353517
0.353524
0.353543
0.353546
0.353546
0.353557
0.353561
0.353573
0.353577
0.35358
0.353584
0.353584
0.353598
0.353613
0.353651
0.35367
0.35368
0.353681
0.353683
0.3537
0.353707
0.353714
0.35372
0.353726
0.353737
0.353756
0.353774
0.353775
0.353784
0.35379
0.353793
0.353801
0.353804
0.353806
0.353807
0.353823
0.353823
0.35384
0.353844
0.353848
0.353854
0.353858
0.353883
0.35391
0.353911
0.353911
0.353931
0.353944
0.353947
0.353953
0.353977
0.353998
0.35402
0.354025
0.354027
0.354027
0.354027
0.354031
0.354037
0.354038
0.35404
0.354058
0.354061
0.354062
0.354073
0.354073
0.354077
0.354084
0.354091
0.354097
0.354097
0.3541
0.354104
0.354107
0.35411
0.354114
0.354144
0.35416
0.354204
0.35421
0.35421
0.35422
0.354221
0.354224
0.354233
0.354238
0.354253
0.354257
0.35427
0.354271
0.354276
0.35428
0.354283
0.354297
0.354303
0.354317
0.354323
0.354341
0.354367
0.354393
0.354396
0.35441
0.354431
0.354434
0.35444
0.354484
0.354496
0.354514
0.35452
0.354541
0.354554
0.354557
0.354567
0.354574
0.354581
0.354587
0.354616
0.354619
0.35466
0.354664
0.354671
0.354676
0.35468
0.354681
0.354707
0.35473
0.354733
0.354756
0.354764
0.354766
0.354767
0.354773
0.354784
0.35479
0.35482
0.354825
0.354847
0.354857
0.35487
0.354877
0.354881
0.35489
0.354893
0.3549
0.354918
0.354933
0.354934
0.354944
0.354991
0.355
0.35502
0.355035
0.355048
0.355053
0.355054
0.355057
0.355078
0.355087
0.355087
0.35509
0.355097
0.355097
0.355103
0.355114
0.35512
0.355127
0.35514
0.35515
0.355154
0.35518
0.35521
0.355213
0.355214
0.355217
0.355217
0.355217
0.355218
0.355224
0.355227
0.35527
0.35529
0.355307
0.355314
0.355315
0.355348
0.35536
0.355363
0.355367
0.35537
0.355378
0.355393
0.35541
0.355421
0.35545
0.35546
0.355467
0.35549
0.355497
0.3555
0.35551
0.355514
0.35552
0.355533
0.35555
0.35555
0.355555
0.355562
0.355564
0.35558
0.355586
0.355586
0.355634
0.355643
0.35565
0.35567
0.35569
0.355694
0.355697
0.355706
0.355707
0.35571
0.355714
0.35572
0.35573
0.355731
0.355731
0.355737
0.355748
0.355756
0.355758
0.355764
0.35578
0.355784
0.355807
0.355831
0.355847
0.355854
0.355864
0.355867
0.355873
0.35588
0.355891
0.355891
0.355893
0.355903
0.355904
0.355904
0.35592
0.355924
0.355937
0.355944
0.355957
0.355957
0.355973
0.355977
0.35598
0.35599
0.355994
0.355996
0.356
0.356014
0.356027
0.356037
0.356037
0.35604
0.356054
0.356064
0.356098
0.356104
0.35613
0.35614
0.356143
0.356156
0.35617
0.356184
0.35619
0.356221
0.356227
0.356237
0.356244
0.356267
0.35628
0.356286
0.356287
0.35629
0.35629
0.356294
0.356297
0.356303
0.356305
0.356317
0.356334
0.356344
0.356353
0.356355
0.356358
0.356361
0.356413
0.356423
0.356427
0.35645
0.356454
0.356464
0.356476
0.356483
0.356494
0.356496
0.356504
0.356511
0.35652
0.35653
0.356533
0.356541
0.356544
0.356544
0.356554
0.356563
0.356564
0.356614
0.35662
0.356624
0.356624
0.35663
0.356631
0.356661
0.356664
0.356671
0.356671
0.356673
0.356676
0.356696
0.356697
0.35671
0.356714
0.356725
0.35673
0.356732
0.356747
0.356751
0.356763
0.356783
0.35679
0.356794
0.356803
0.356807
0.356824
0.356844
0.35685
0.356873
0.356881
0.356911
0.356927
0.356927
0.356933
0.356934
0.356941
0.356944
0.356947
0.356961
0.356978
0.35698
0.356981
0.356984
0.35699
0.356991
0.356994
0.357013
0.357017
0.35703
0.357044
0.357047
0.357067
0.357074
0.357083
0.357087
0.357104
0.357108
0.357117
0.35714
0.357145
0.35715
0.35715
0.35716
0.35717
0.357173
0.35718
0.357188
0.357191
0.357191
0.357197
0.357213
0.357224
0.357237
0.35724
0.357243
0.357247
0.357248
0.357264
0.357273
0.35728
0.357283
0.357287
0.35729
0.357291
0.357323
0.35734
0.357363
0.35739
0.357397
0.3574
0.357401
0.357402
0.357408
0.357424
0.35744
0.357453
0.357475
0.357497
0.3575
0.357501
0.357515
0.357533
0.357554
0.357563
0.357567
0.35758
0.357588
0.357601
0.357607
0.35761
0.357627
0.357637
0.35764
0.357653
0.357656
0.357661
0.357663
0.357664
0.357681
0.357707
0.357738
0.357747
0.357757
0.35776
0.357761
0.357761
0.35777
0.357771
0.357774
0.357798
0.357804
0.357816
0.357834
0.357835
0.357838
0.357841
0.357847
0.357854
0.357866
0.357887
0.357893
0.357904
0.357907
0.357924
0.357927
0.357957
0.357957
0.357977
0.357995
0.357997
0.35802
0.358077
0.358087
0.358107
0.35811
0.358128
0.358134
0.358141
0.358154
0.358171
0.358204
0.358226
0.358226
0.35823
0.35826
0.358261
0.358273
0.358284
0.358288
0.358311
0.35834
0.358351
0.358404
0.358426
0.358431
0.35844
0.358456
0.358474
0.358483
0.358493
0.358504
0.35851
0.358517
0.35852
0.358524
0.358524
0.358537
0.35854
0.35854
0.35855
0.358554
0.358556
0.358557
0.358573
0.358576
0.358594
0.358604
0.358617
0.35862
0.35862
0.358634
0.358644
0.358644
0.35867
0.35868
0.35868
0.358687
0.358693
0.358694
0.358717
0.358721
0.35873
0.358752
0.358756
0.358764
0.358777
0.358784
0.358784
0.358794
0.35881
0.358817
0.35882
0.358828
0.358844
0.358883
0.358883
0.35889
0.35889
0.358897
0.35891
0.358917
0.358933
0.358933
0.358936
0.358937
0.35894
0.358954
0.358954
0.358957
0.35896
0.358967
0.358975
0.358978
0.35899
0.359
0.35903
0.359037
0.359047
0.35905
0.359051
0.359056
0.359077
0.359087
0.35909
0.359094
0.359098
0.359101
0.35911
0.359114
0.35913
0.359131
0.359133
0.359161
0.359163
0.359193
0.359197
0.3592
0.35921
0.359217
0.359224
0.35923
0.35924
0.35924
0.359248
0.359257
0.35926
0.35926
0.359263
0.359278
0.35929
0.359297
0.359304
0.359307
0.35932
0.359323
0.359327
0.359331
0.359344
0.359347
0.35936
0.35936
0.359367
0.359368
0.359378
0.359387
0.359391
0.359403
0.35941
0.359418
0.359433
0.35944
0.35944
0.359444
0.359447
0.359447
0.359451
0.359466
0.35947
0.359474
0.359477
0.359491
0.359494
0.359497
0.359523
0.359533
0.359537
0.359544
0.359553
0.359557
0.359557
0.359558
0.359587
0.359588
0.359593
0.359603
0.359604
0.359607
0.359623
0.359624
0.359627
0.359641
0.359641
0.359656
0.359714
0.359716
0.359731
0.359734
0.359741
0.359746
0.359758
0.359767
0.359774
0.359783
0.359783
0.359816
0.359817
0.359817
0.359818
0.359827
0.359847
0.359864
0.35988
0.359881
0.35989
0.359894
0.359897
0.359904
0.359911
0.35994
0.359954
0.359957
0.359957
0.359963
0.36002
0.36002
0.360024
0.360046
0.360068
0.360077
0.36008
0.360108
0.360121
0.360134
0.360147
0.360154
0.360164
0.360187
0.360194
0.360204
0.360226
0.360227
0.360251
0.360257
0.36028
0.3603
0.36032
0.360337
0.360341
0.360347
0.360351
0.36036
0.360366
0.360367
0.36037
0.360376
0.360384
0.360407
0.360414
0.360437
0.360441
0.36045
0.360471
0.360478
0.36048
0.36048
0.360486
0.360494
0.360507
0.360517
0.36053
0.360534
0.360536
0.360564
0.360596
0.360605
0.36063
0.360637
0.360638
0.36064
0.36064
0.360643
0.360657
0.36066
0.36067
0.360671
0.360676
0.360693
0.360696
0.360704
0.360711
0.360733
0.36074
0.360767
0.360773
0.360784
0.360784
0.36079
0.360807
0.360813
0.360823
0.360834
0.360843
0.360846
0.360851
0.360863
0.360866
0.360867
0.360881
0.360887
0.360888
0.360903
0.360904
0.36092
0.360924
0.360924
0.360927
0.360934
0.360937
0.360963
0.36097
0.360973
0.360983
0.360987
0.360997
0.360998
0.361
0.361004
0.361004
0.361017
0.361018
0.361023
0.361024
0.361024
0.361028
0.361031
0.361034
0.361037
0.36104
0.361041
0.361048
0.36105
0.361051
0.361058
0.36107
0.361074
0.361087
0.361094
0.3611
0.361107
0.361127
0.361133
0.36115
0.361153
0.361157
0.361157
0.361164
0.36118
0.361187
0.361191
0.36121
0.361213
0.361225
0.361235
0.361248
0.361253
0.36126
0.361267
0.361274
0.361275
0.361297
0.361333
0.361338
0.36135
0.361353
0.361353
0.361354
0.361373
0.36138
0.361381
0.36139
0.361424
0.361427
0.361427
0.361433
0.36144
0.361443
0.361486
0.361494
0.361501
0.361503
0.361507
0.361523
0.361524
0.361524
0.361558
0.36157
0.36157
0.361574
0.361578
0.36158
0.361581
0.3616
0.361607
0.361614
0.361621
0.36166
0.361664
0.361667
0.36167
0.36167
0.361686
0.361687
0.3617
0.361707
0.361714
0.361717
0.361718
0.361743
0.361747
0.361753
0.361757
0.36178
0.361781
0.361801
0.361828
0.361831
0.361837
0.361846
0.36186
0.361861
0.361888
0.361896
0.361896
0.361901
0.361901
0.361904
0.361904
0.361927
0.36195
0.361954
0.361961
0.361967
0.361967
0.36198
0.361987
0.361996
0.361997
0.361998
0.362023
0.362078
0.362078
0.362083
0.362087
0.36209
0.362094
0.362094
0.362104
0.362111
0.362113
0.362124
0.36214
0.362147
0.362154
0.36216
0.362164
0.362178
0.362187
0.362193
0.362198
0.362208
0.362241
0.362247
0.36225
0.362251
0.362257
0.3623
0.362303
0.362305
0.36232
0.362344
0.362366
0.362374
0.362393
0.362411
0.36242
0.362421
0.36243
0.362447
0.362452
0.362457
0.36246
0.362463
0.362464
0.362481
0.3625
0.3625
0.362503
0.362507
0.362526
0.362533
0.362534
0.362537
0.362564
0.362615
0.362617
0.362617
0.362643
0.362664
0.36268
0.362686
0.362694
0.362708
0.36271
0.36276
0.362767
0.362768
0.362776
0.362777
0.362784
0.362793
0.362797
0.362816
0.36282
0.36282
0.362847
0.362847
0.362861
0.362861
0.362863
0.362887
0.3629
0.362907
0.362914
0.362923
0.362978
0.362994
0.363011
0.363021
0.363074
0.363074
0.363087
0.36309
0.36309
0.3631
0.363111
0.363127
0.363131
0.363133
0.36314
0.36314
0.363144
0.363147
0.363151
0.363157
0.363181
0.363186
0.363187
0.3632
0.363207
0.36322
0.36322
0.36325
0.363261
0.36328
0.363281
0.363283
0.3633
0.363301
0.363308
0.363338
0.363347
0.363355
0.363357
0.36336
0.36336
0.363368
0.36338
0.363384
0.363401
0.36342
0.363424
0.363441
0.363443
0.363447
0.363458
0.363477
0.363487
0.363497
0.36351
0.363513
0.363517
0.363524
0.363527
0.363551
0.363557
0.363597
0.36362
0.363627
0.363627
0.363634
0.363637
0.363644
0.36365
0.36366
0.363667
0.36367
0.363671
0.36368
0.363681
0.363683
0.36369
0.363697
0.363705
0.363713
0.363717
0.363717
0.36372
0.363724
0.363724
0.36373
0.363757
0.363768
0.36377
0.363774
0.363776
0.363777
0.363784
0.363787
0.363797
0.363804
0.363807
0.36381
0.363818
0.36382
0.363823
0.363837
0.363851
0.363857
0.363868
0.363874
0.363874
0.363897
0.363927
0.363943
0.363947
0.36395
0.363961
0.363961
0.363963
0.363967
0.363973
0.363987
0.363991
0.364001
0.364014
0.364064
0.364067
0.36407
0.364071
0.364071
0.364074
0.364074
0.364077
0.364087
0.364094
0.364098
0.364101
0.364111
0.364121
0.364134
0.364134
0.364136
0.36414
0.364157
0.364157
0.364166
0.364167
0.364168
0.36417
0.36417
0.364173
0.364174
0.364177
0.364177
0.364181
0.364193
0.364201
0.364205
0.36421
0.36421
0.364217
0.364223
0.364224
0.364226
0.36424
0.36428
0.364281
0.364281
0.36429
0.364317
0.364325
0.364327
0.36433
0.364334
0.364334
0.364343
0.364344
0.364348
0.364353
0.364354
0.36436
0.364374
0.364376
0.364376
0.364401
0.364406
0.36441
0.364411
0.364417
0.36442
0.364426
0.364428
0.364433
0.36444
0.36444
0.364454
0.364463
0.364475
0.3645
0.364503
0.364511
0.364517
0.364517
0.364517
0.364527
0.364547
0.36455
0.364557
0.364561
0.364563
0.364563
0.364567
0.36457
0.364571
0.364573
0.364607
0.36461
0.364614
0.364624
0.364628
0.364635
0.36464
0.364644
0.364647
0.36466
0.364664
0.364673
0.364673
0.364691
0.364714
0.36472
0.364724
0.364733
0.364737
0.364758
0.364761
0.364767
0.364771
0.364771
0.364773
0.364805
0.364807
0.364814
0.364824
0.364846
0.36486
0.364863
0.364867
0.364867
0.364868
0.364873
0.36488
0.364904
0.364907
0.364924
0.36494
0.364941
0.36497
0.364976
0.36498
0.364983
0.364987
0.36499
0.365006
0.365008
0.365014
0.365017
0.365037
0.365044
0.365044
0.365044
0.365051
0.365054
0.365057
0.365067
0.365074
0.36508
0.365108
0.365118
0.365118
0.365127
0.365134
0.365138
0.365157
0.36517
0.365171
0.365181
0.365184
0.365184
0.365186
0.365193
0.365207
0.365213
0.365214
0.36523
0.365246
0.365254
0.365274
0.365293
0.365297
0.365306
0.36531
0.365316
0.365321
0.365321
0.365328
0.365332
0.365334
0.365341
0.365351
0.365353
0.365353
0.365364
0.365383
0.365383
0.365406
0.36542
0.365425
0.365431
0.365434
0.365467
0.365474
0.365483
0.365493
0.365497
0.365514
0.36552
0.36554
0.365546
0.36555
0.365576
0.365584
0.365587
0.3656
0.3656
0.365623
0.365623
0.365627
0.36564
0.365647
0.365647
0.365648
0.365653
0.36566
0.365667
0.365684
0.365696
0.3657
0.36571
0.365714
0.365723
0.365736
0.365743
0.36575
0.365751
0.365753
0.365756
0.365757
0.365761
0.365771
0.365777
0.365777
0.365807
0.365807
0.365841
0.365844
0.36585
0.36585
0.36586
0.365884
0.365884
0.365887
0.365901
0.365914
0.365933
0.365945
0.365945
0.365961
0.36598
0.365981
0.365994
0.366016
0.366018
0.366021
0.366034
0.366043
0.366044
0.366053
0.366057
0.36607
0.36607
0.366077
0.36608
0.366093
0.366093
0.366104
0.36612
0.366124
0.366127
0.366128
0.36613
0.366147
0.36615
0.36616
0.366163
0.366163
0.366167
0.366173
0.366178
0.36621
0.36622
0.36622
0.366227
0.366231
0.366253
0.366261
0.36627
0.366277
0.366281
0.366286
0.366288
0.366297
0.3663
0.366333
0.366347
0.366351
0.36636
0.366363
0.366368
0.36639
0.366404
0.366411
0.366416
0.366427
0.366437
0.36646
0.366473
0.366474
0.366477
0.36648
0.366493
0.366493
0.3665
0.366504
0.366513
0.366517
0.366523
0.366524
0.366547
0.36655
0.36655
0.366553
0.366557
0.366564
0.366571
0.366571
0.366607
0.366617
0.366657
0.366657
0.366664
0.366666
0.366694
0.366696
0.366697
0.366697
0.3667
0.366703
0.366707
0.366708
0.36671
0.366717
0.366717
0.366731
0.36674
0.366741
0.36676
0.366761
0.36678
0.366787
0.36679
0.366791
0.366791
0.366797
0.36681
0.366814
0.36682
0.36682
0.366833
0.366847
0.366851
0.366853
0.366867
0.366884
0.366886
0.36689
0.366894
0.3669
0.366907
0.366914
0.366921
0.36694
0.36695
0.36695
0.366957
0.366966
0.366966
0.366967
0.366968
0.367004
0.367006
0.367051
0.36706
0.367091
0.367093
0.367103
0.367104
0.367107
0.367107
0.367133
0.367161
0.36717
0.367174
0.367181
0.367201
0.367201
0.367201
0.367204
0.36721
0.367211
0.367211
0.36722
0.367225
0.367226
0.367228
0.367231
0.367241
0.367243
0.367247
0.367247
0.367247
0.367248
0.367251
0.367264
0.36727
0.36728
0.367291
0.367314
0.367318
0.36732
0.367324
0.367327
0.36734
0.367346
0.367353
0.367358
0.367367
0.367367
0.36737
0.367371
0.367377
0.367377
0.367391
0.367392
0.367403
0.367413
0.36742
0.367424
0.367427
0.367446
0.36745
0.36746
0.367466
0.367474
0.367474
0.367474
0.367477
0.367491
0.367497
0.36751
0.36751
0.36752
0.36752
0.36753
0.367541
0.367547
0.367547
0.367547
0.367558
0.367582
0.367586
0.367604
0.367607
0.367607
0.367611
0.367633
0.367641
0.367655
0.367664
0.367673
0.36768
0.367687
0.36769
0.367693
0.367701
0.367703
0.367717
0.367721
0.36773
0.367733
0.367757
0.36777
0.367784
0.367784
0.367802
0.367803
0.367804
0.367807
0.36785
0.36785
0.367867
0.367877
0.36789
0.36789
0.36789
0.367901
0.367913
0.367931
0.367931
0.367943
0.367946
0.367957
0.367977
0.368023
0.368027
0.368028
0.368054
0.368067
0.368067
0.36807
0.368098
0.368103
0.36811
0.368114
0.368124
0.36813
0.368147
0.36815
0.368156
0.368157
0.368164
0.368171
0.368184
0.36819
0.368196
0.368197
0.368201
0.368214
0.36822
0.368221
0.368224
0.368225
0.368231
0.368234
0.368248
0.368261
0.368287
0.368294
0.3683
0.368301
0.368324
0.368331
0.368334
0.368354
0.368363
0.368364
0.368368
0.368373
0.368377
0.36838
0.36838
0.368381
0.368426
0.368433
0.36844
0.368451
0.36847
0.368474
0.368494
0.368497
0.368497
0.368503
0.368507
0.368508
0.368514
0.368524
0.368525
0.368528
0.36854
0.368543
0.368544
0.368545
0.368546
0.36855
0.368553
0.368557
0.368563
0.368567
0.368587
0.368595
0.368624
0.368625
0.36863
0.368631
0.368631
0.368637
0.36864
0.368643
0.368647
0.36865
0.368667
0.368677
0.368678
0.36868
0.368683
0.368686
0.368688
0.3687
0.368704
0.368711
0.368725
0.368741
0.368758
0.368767
0.368774
0.368774
0.368775
0.368777
0.368783
0.36879
0.368794
0.368807
0.36882
0.368835
0.368854
0.368857
0.368871
0.368898
0.368908
0.36891
0.368921
0.368926
0.36893
0.36893
0.368933
0.368944
0.36898
0.36899
0.369007
0.36902
0.369021
0.369047
0.369064
0.369067
0.369067
0.369074
0.369092
0.369107
0.36911
0.369127
0.369131
0.369137
0.369144
0.369146
0.369146
0.36916
0.369171
0.369175
0.369213
0.369225
0.369227
0.369234
0.369236
0.369254
0.369257
0.369264
0.369267
0.369283
0.369283
0.369284
0.3693
0.369321
0.369336
0.369337
0.369354
0.369358
0.369381
0.369413
0.369413
0.369414
0.369427
0.369447
0.369447
0.36945
0.36946
0.36947
0.369477
0.369484
0.369496
0.369497
0.36952
0.36955
0.36956
0.36957
0.36958
0.369586
0.369597
0.3696
0.369601
0.36961
0.369623
0.369643
0.369654
0.36966
0.369664
0.369667
0.369667
0.369674
0.369677
0.369694
0.36975
0.369753
0.369768
0.36978
0.369783
0.369798
0.36981
0.36982
0.36983
0.369835
0.36984
0.36985
0.36986
0.369868
0.36987
0.36987
0.369881
0.369887
0.36989
0.369891
0.369891
0.369901
0.369904
0.369905
0.36991
0.36991
0.369911
0.369923
0.369924
0.369934
0.369941
0.369943
0.369957
0.369967
0.369968
0.369981
0.36999
0.370001
0.370003
0.370007
0.370007
0.370036
0.370043
0.370053
0.370054
0.370055
0.370061
0.37008
0.370081
0.370091
0.370091
0.370094
0.370097
0.370101
0.370107
0.370138
0.37014
0.370147
0.37015
0.370181
0.370184
0.370191
0.370194
0.370197
0.370201
0.370224
0.370263
0.370273
0.370274
0.370274
0.370283
0.370298
0.370301
0.370301
0.370301
0.370313
0.370327
0.370336
0.370353
0.370357
0.370358
0.370364
0.370366
0.370374
0.370384
0.370387
0.370388
0.37039
0.370401
0.37044
0.370441
0.370454
0.370463
0.370463
0.370473
0.370484
0.370504
0.370518
0.370527
0.37053
0.37053
0.370534
0.37055
0.370561
0.370563
0.37057
0.370597
0.370616
0.37062
0.37062
0.37064
0.370646
0.370654
0.370656
0.370666
0.370668
0.370684
0.370717
0.370727
0.37074
0.37075
0.370758
0.370784
0.370794
0.370803
0.370803
0.370804
0.370808
0.370808
0.37081
0.370817
0.370817
0.37082
0.370827
0.37083
0.370837
0.370843
0.370863
0.370867
0.37092
0.370923
0.370931
0.370971
0.370993
0.370994
0.371014
0.37102
0.371051
0.37107
0.371074
0.371077
0.371093
0.371097
0.371107
0.371114
0.371114
0.371117
0.371127
0.371143
0.371147
0.371157
0.371167
0.37119
0.371203
0.371213
0.371223
0.37123
0.371231
0.371234
0.37124
0.371247
0.371257
0.371267
0.371271
0.371287
0.371287
0.371297
0.371303
0.37131
0.37133
0.371337
0.37134
0.371347
0.371368
0.37137
0.371386
0.3714
0.371404
0.371407
0.371417
0.371424
0.371427
0.371453
0.371454
0.371458
0.37147
0.371474
0.371483
0.371495
0.371511
0.371513
0.371523
0.371527
0.371547
0.371551
0.371564
0.37157
0.371576
0.371601
0.371606
0.371607
0.371621
0.371624
0.371625
0.371638
0.371643
0.37166
0.371664
0.371683
0.371684
0.371687
0.371697
0.371717
0.371728
0.371733
0.371734
0.37174
0.371753
0.371754
0.37177
0.371777
0.371784
0.371816
0.371825
0.371827
0.371844
0.371857
0.371863
0.371864
0.371867
0.37187
0.371883
0.371908
0.371908
0.371918
0.371937
0.371941
0.371947
0.37195
0.371957
0.371966
0.371968
0.37201
0.372027
0.372035
0.372043
0.372044
0.372044
0.372046
0.372051
0.372056
0.372074
0.372077
0.37208
0.372087
0.3721
0.372107
0.372107
0.372114
0.372116
0.37213
0.372137
0.372141
0.372154
0.372158
0.372186
0.372204
0.372227
0.37223
0.37223
0.372237
0.372244
0.372267
0.372284
0.372303
0.372307
0.372311
0.372314
0.372331
0.372334
0.372334
0.372368
0.372411
0.372416
0.372421
0.372424
0.372427
0.372428
0.372441
0.372444
0.372451
0.372477
0.372481
0.372481
0.3725
0.372501
0.372508
0.37251
0.372514
0.37252
0.372524
0.372538
0.372567
0.372577
0.372581
0.372607
0.372607
0.372611
0.372633
0.37265
0.37265
0.37265
0.37265
0.372661
0.372674
0.372677
0.37268
0.372697
0.372727
0.372737
0.372741
0.372743
0.37275
0.372766
0.372778
0.37279
0.37279
0.372801
0.372827
0.372833
0.372851
0.372854
0.372857
0.372858
0.37286
0.37286
0.372868
0.372901
0.372911
0.372914
0.372931
0.372933
0.372937
0.372941
0.372953
0.372957
0.372987
0.372988
0.372998
0.373003
0.373006
0.373024
0.373037
0.373058
0.373064
0.373074
0.373103
0.373117
0.37313
0.373144
0.373153
0.373153
0.373166
0.373178
0.373188
0.3732
0.373243
0.373243
0.373267
0.373273
0.373277
0.373277
0.37331
0.373313
0.373313
0.373328
0.373353
0.373356
0.373373
0.373373
0.373373
0.373377
0.37338
0.373381
0.373413
0.373438
0.373443
0.373453
0.373454
0.373467
0.373468
0.373477
0.37349
0.373498
0.3735
0.3735
0.373512
0.373523
0.373528
0.373567
0.373568
0.373597
0.373601
0.37361
0.373613
0.373627
0.373633
0.373643
0.373657
0.373664
0.373667
0.37367
0.373684
0.373691
0.3737
0.373714
0.37374
0.373743
0.37376
0.373761
0.373776
0.373777
0.373777
0.3738
0.373805
0.37381
0.373825
0.37384
0.373847
0.373853
0.37386
0.373887
0.373897
0.373901
0.373906
0.37391
0.373917
0.373924
0.373927
0.373936
0.373943
0.373961
0.373971
0.373973
0.373978
0.374
0.374007
0.374017
0.374031
0.374037
0.374037
0.374044
0.37405
0.37409
0.374107
0.374113
0.374114
0.374134
0.374134
0.374136
0.37414
0.374151
0.374153
0.374164
0.37419
0.374206
0.374224
0.374226
0.374247
0.37425
0.374278
0.374323
0.37433
0.374331
0.374358
0.374363
0.37437
0.374404
0.37442
0.37444
0.374446
0.374468
0.374484
0.37449
0.374495
0.374503
0.374516
0.37452
0.374554
0.374567
0.374583
0.37459
0.374593
0.374597
0.374607
0.374631
0.374637
0.374637
0.374657
0.37466
0.374661
0.374675
0.37468
0.374717
0.374734
0.374734
0.37474
0.374741
0.37475
0.374774
0.374785
0.374793
0.374794
0.37481
0.374813
0.374814
0.374824
0.374827
0.374833
0.374881
0.37492
0.374924
0.374928
0.374928
0.374937
0.374945
0.374951
0.374953
0.374954
0.374957
0.374963
0.374964
0.374968
0.374977
0.374994
0.375
0.375004
0.375013
0.375014
0.375018
0.375026
0.375028
0.375047
0.375068
0.37508
0.375123
0.37514
0.375141
0.375144
0.375153
0.37516
0.37517
0.375174
0.3752
0.375217
0.375221
0.375226
0.37525
0.375294
0.375301
0.375313
0.375375
0.375378
0.375387
0.375394
0.375411
0.37544
0.375446
0.375447
0.375463
0.375467
0.37547
0.37547
0.375479
0.375494
0.375504
0.375507
0.375508
0.375547
0.375563
0.375575
0.375577
0.375627
0.375638
0.37565
0.375677
0.375727
0.37579
0.3758
0.37581
0.375837
0.375854
0.375857
0.375861
0.37588
0.375881
0.375884
0.375884
0.375887
0.375904
0.375921
0.37593
0.37595
0.375954
0.375954
0.37596
0.375967
0.375968
0.375983
0.375986
0.376016
0.376017
0.376027
0.376047
0.376084
0.376113
0.37613
0.376157
0.376167
0.37619
0.376198
0.3762
0.376203
0.376246
0.376257
0.37626
0.376287
0.376307
0.376307
0.376317
0.376347
0.37635
0.376356
0.37636
0.376363
0.376363
0.376367
0.376371
0.376377
0.37638
0.376381
0.3764
0.376401
0.376401
0.376403
0.376414
0.376418
0.376418
0.376454
0.376463
0.376479
0.376481
0.376484
0.376487
0.376534
0.376537
0.37656
0.37657
0.376651
0.376673
0.376696
0.376734
0.376777
0.37678
0.376786
0.376794
0.376806
0.376826
0.376844
0.376867
0.376877
0.37688
0.376887
0.376894
0.376897
0.376917
0.376925
0.376933
0.376934
0.376957
0.376997
0.37707
0.377086
0.377104
0.37711
0.377114
0.377123
0.377134
0.377137
0.377157
0.37716
0.37717
0.377173
0.377174
0.377184
0.377204
0.377206
0.377217
0.377217
0.377237
0.377243
0.377251
0.377261
0.377278
0.377294
0.377303
0.37731
0.37731
0.37733
0.377354
0.377371
0.377377
0.3774
0.3774
0.377407
0.377431
0.377431
0.377451
0.377464
0.377491
0.3775
0.377517
0.377541
0.37757
0.377628
0.37769
0.377697
0.37771
0.377714
0.377747
0.377751
0.377771
0.377775
0.377778
0.377784
0.377787
0.377788
0.377791
0.377797
0.377813
0.377824
0.377827
0.377846
0.377936
0.377949
0.378
0.37801
0.378011
0.378023
0.378041
0.378066
0.378067
0.378074
0.378081
0.378087
0.37809
0.378156
0.378163
0.378167
0.378171
0.378183
0.378184
0.378203
0.378214
0.37822
0.37825
0.37826
0.378274
0.37828
0.378283
0.378295
0.37832
0.37833
0.378351
0.378363
0.37837
0.378371
0.378404
0.378413
0.378421
0.378423
0.37845
0.378473
0.378484
0.378497
0.378513
0.378547
0.37855
0.378567
0.37857
0.378571
0.378583
0.3786
0.378657
0.37867
0.378674
0.37869
0.37873
0.378734
0.378744
0.378767
0.37879
0.378834
0.37885
0.37887
0.378917
0.378917
0.378923
0.37893
0.378933
0.378933
0.378934
0.378963
0.378965
0.378968
0.378976
0.378977
0.379007
0.37901
0.379014
0.379017
0.37902
0.379058
0.379064
0.379081
0.379093
0.379094
0.37912
0.379168
0.379178
0.379201
0.379234
0.379237
0.379251
0.379261
0.379273
0.37928
0.379313
0.379318
0.379347
0.379407
0.379413
0.379414
0.379486
0.379491
0.379493
0.379521
0.379537
0.37955
0.37956
0.379561
0.379587
0.379591
0.37961
0.379616
0.379648
0.379667
0.379673
0.379704
0.379715
0.379726
0.379764
0.379777
0.37978
0.37978
0.379781
0.379808
0.379816
0.37982
0.379823
0.379833
0.379847
0.37988
0.379896
0.379904
0.379953
0.380003
0.380033
0.38005
0.380051
0.380068
0.380086
0.380104
0.380157
0.38016
0.38019
0.380211
0.380216
0.380247
0.380257
0.380266
0.380271
0.380294
0.380324
0.380331
0.380335
0.380337
0.380374
0.380377
0.380421
0.380424
0.380431
0.380463
0.380473
0.380474
0.380485
0.380487
0.38049
0.380497
0.380504
0.380531
0.380534
0.38057
0.380591
0.380594
0.380597
0.380618
0.38065
0.380655
0.380661
0.380663
0.380667
0.380681
0.380683
0.380697
0.3807
0.380721
0.380721
0.380747
0.380817
0.38082
0.380823
0.38087
0.380894
0.380897
0.380903
0.380916
0.380927
0.380947
0.380958
0.380964
0.380997
0.38101
0.38104
0.381041
0.381051
0.381077
0.381078
0.381087
0.381088
0.381091
0.381097
0.381098
0.381137
0.38114
0.381158
0.381176
0.381201
0.381203
0.381206
0.381207
0.381208
0.381248
0.381277
0.381311
0.381317
0.38133
0.38134
0.381357
0.381377
0.381387
0.381388
0.381388
0.381404
0.381414
0.38144
0.381457
0.381468
0.381494
0.381513
0.381514
0.381527
0.38154
0.38155
0.381567
0.381601
0.381611
0.38166
0.381668
0.381684
0.381684
0.381705
0.381734
0.381795
0.381795
0.381803
0.381823
0.381824
0.38184
0.381846
0.381887
0.381893
0.381894
0.381903
0.381917
0.381951
0.381957
0.381963
0.38198
0.381997
0.382
0.382017
0.38203
0.382047
0.382057
0.382063
0.382066
0.382077
0.38208
0.382094
0.382107
0.382175
0.382178
0.382213
0.382214
0.382257
0.382264
0.382307
0.38232
0.382354
0.382357
0.382373
0.382403
0.382424
0.38249
0.382491
0.382507
0.382507
0.38252
0.38252
0.382523
0.382537
0.382537
0.382556
0.382644
0.38269
0.382711
0.382723
0.382727
0.382728
0.38275
0.382773
0.38278
0.38279
0.382793
0.382857
0.382857
0.382887
0.382904
0.382957
0.382963
0.382966
0.382985
0.382997
0.383027
0.38306
0.383064
0.383081
0.383098
0.38311
0.383111
0.383113
0.383114
0.38312
0.383127
0.383147
0.38316
0.383194
0.383228
0.383243
0.383244
0.383253
0.383258
0.383267
0.383278
0.383293
0.383297
0.383326
0.383351
0.38338
0.383384
0.38339
0.3834
0.383454
0.383501
0.383524
0.383563
0.383587
0.38359
0.383606
0.383617
0.383618
0.383625
0.383626
0.383653
0.383654
0.383671
0.38371
0.383721
0.383736
0.38378
0.383787
0.383788
0.383801
0.383821
0.38386
0.383874
0.383938
0.383955
0.38397
0.38398
0.38398
0.383998
0.384008
0.384031
0.38405
0.384087
0.38409
0.384093
0.384131
0.384167
0.38417
0.384177
0.384178
0.384194
0.3842
0.384217
0.384238
0.384277
0.384288
0.384297
0.384301
0.384326
0.384343
0.38435
0.384417
0.384444
0.38447
0.384504
0.384507
0.384511
0.384526
0.384555
0.384681
0.384697
0.384706
0.38474
0.38478
0.384784
0.384817
0.384837
0.384837
0.384838
0.38486
0.384864
0.384904
0.384953
0.385
0.385003
0.385004
0.385004
0.385063
0.385067
0.385117
0.385154
0.385204
0.385221
0.385224
0.385227
0.385274
0.385307
0.385307
0.385316
0.385317
0.385346
0.385347
0.385367
0.385376
0.385377
0.385386
0.385427
0.38547
0.385486
0.385494
0.385501
0.385511
0.385537
0.385577
0.385613
0.385647
0.38568
0.385687
0.385701
0.385714
0.385804
0.385847
0.385847
0.385851
0.385878
0.385897
0.385927
0.385928
0.385946
0.385967
0.38597
0.38601
0.386017
0.386028
0.386065
0.386074
0.386103
0.386104
0.386116
0.386118
0.386148
0.38616
0.386301
0.386301
0.386331
0.386353
0.38636
0.386366
0.386403
0.38642
0.386428
0.386464
0.38648
0.386504
0.386544
0.386553
0.386564
0.386583
0.386591
0.386604
0.386617
0.386626
0.386637
0.386654
0.38668
0.386684
0.386687
0.386691
0.386721
0.386724
0.3868
0.386804
0.386814
0.38682
0.386831
0.386831
0.386834
0.386841
0.38686
0.386893
0.38694
0.386943
0.386963
0.387004
0.38701
0.38705
0.387124
0.387211
0.387234
0.387237
0.387255
0.387274
0.387277
0.387333
0.387367
0.38739
0.387394
0.387397
0.3874
0.387454
0.387474
0.387513
0.387521
0.38753
0.387548
0.387564
0.38757
0.387574
0.387604
0.387628
0.387631
0.387633
0.387684
0.38769
0.38771
0.387718
0.387721
0.387747
0.38775
0.387778
0.387797
0.387804
0.387847
0.387854
0.387874
0.387877
0.387878
0.38789
0.387914
0.387937
0.387947
0.387961
0.387984
0.387988
0.388011
0.388017
0.388047
0.388093
0.388153
0.388156
0.388163
0.388184
0.388191
0.3882
0.388243
0.388244
0.388247
0.388278
0.388287
0.38831
0.388337
0.388354
0.388381
0.38846
0.388467
0.388484
0.388486
0.388546
0.388547
0.388548
0.388587
0.388594
0.388611
0.38864
0.388644
0.388677
0.388677
0.388693
0.388718
0.38874
0.38875
0.38877
0.388784
0.388807
0.388807
0.38883
0.388857
0.38886
0.38887
0.388877
0.388923
0.38901
0.389037
0.38905
0.389071
0.389143
0.389147
0.389157
0.38922
0.389246
0.389255
0.389261
0.389277
0.38928
0.389281
0.3893
0.389311
0.389346
0.389367
0.389374
0.389383
0.389394
0.389403
0.389414
0.389493
0.389493
0.389528
0.389538
0.389577
0.38958
0.389595
0.389604
0.38963
0.389643
0.38965
0.389667
0.389674
0.389686
0.389687
0.389688
0.389711
0.389717
0.389777
0.38978
0.389797
0.38981
0.389815
0.389837
0.389874
0.389911
0.389934
0.38998
0.389984
0.389991
0.390007
0.390033
0.39005
0.390067
0.390101
0.390127
0.390135
0.390177
0.390203
0.390208
0.390225
0.390227
0.390244
0.390255
0.390276
0.390338
0.390361
0.390378
0.390378
0.390387
0.390393
0.390404
0.390417
0.390427
0.390438
0.390448
0.390465
0.390504
0.390517
0.390524
0.390564
0.39057
0.39059
0.390597
0.390638
0.390673
0.39068
0.39071
0.390741
0.390746
0.390777
0.390801
0.39083
0.390837
0.390927
0.391005
0.391013
0.391048
0.391147
0.391167
0.391177
0.3912
0.391201
0.391228
0.391261
0.391284
0.391343
0.391418
0.39146
0.391501
0.391543
0.391601
0.39161
0.391633
0.391634
0.391641
0.39165
0.391657
0.39166
0.391663
0.391717
0.391733
0.391751
0.391784
0.391823
0.391831
0.391863
0.391877
0.391904
0.391993
0.392003
0.392031
0.39206
0.392071
0.392074
0.392088
0.392096
0.392101
0.39222
0.392237
0.392264
0.392274
0.392281
0.392294
0.392316
0.392327
0.39234
0.392353
0.392374
0.39238
0.392394
0.392403
0.392404
0.392437
0.392466
0.392486
0.3925
0.39252
0.392536
0.392544
0.39259
0.392611
0.392631
0.392674
0.392677
0.392687
0.39269
0.392715
0.392723
0.392727
0.392733
0.392734
0.392853
0.39287
0.39288
0.392891
0.39292
0.39294
0.392977
0.392994
0.393007
0.393034
0.393086
0.393088
0.393097
0.393158
0.393173
0.393187
0.393197
0.393217
0.39323
0.393285
0.393287
0.393294
0.393317
0.393328
0.393357
0.393374
0.393408
0.393433
0.393451
0.393467
0.393467
0.39347
0.393484
0.393517
0.393542
0.393545
0.393547
0.39355
0.3936
0.393603
0.393607
0.393627
0.393658
0.393667
0.39367
0.393694
0.393727
0.393751
0.393796
0.393904
0.393911
0.39392
0.393933
0.393994
0.39401
0.394071
0.394114
0.394167
0.394214
0.394221
0.39425
0.394274
0.39431
0.39433
0.394333
0.394345
0.394361
0.39437
0.39438
0.394394
0.394407
0.39441
0.394417
0.394424
0.394434
0.394451
0.394471
0.394477
0.39448
0.394483
0.394504
0.394514
0.39454
0.39456
0.394596
0.3946
0.394617
0.39462
0.394647
0.394661
0.394694
0.39477
0.394777
0.394864
0.394887
0.39489
0.39492
0.394923
0.394934
0.394983
0.39499
0.395017
0.395023
0.395047
0.395057
0.395131
0.395143
0.395196
0.395213
0.395214
0.395294
0.395297
0.395308
0.39535
0.395371
0.395378
0.395386
0.3954
0.395404
0.39541
0.395437
0.395467
0.39551
0.395511
0.395527
0.395547
0.39557
0.395584
0.39559
0.395624
0.39563
0.395634
0.395687
0.395731
0.395765
0.395798
0.395835
0.39586
0.395891
0.395893
0.39592
0.39593
0.39594
0.39594
0.395943
0.395957
0.395997
0.396021
0.39603
0.39604
0.39609
0.396113
0.396114
0.396147
0.396147
0.39615
0.396178
0.396247
0.396296
0.396304
0.396317
0.396324
0.396367
0.396373
0.39639
0.396406
0.396413
0.396416
0.396418
0.396446
0.396483
0.3965
0.39654
0.396557
0.396588
0.396598
0.396607
0.396613
0.39667
0.396687
0.396688
0.396728
0.396747
0.396748
0.396784
0.396854
0.396863
0.396918
0.39692
0.396926
0.396957
0.396961
0.396966
0.396981
0.396997
0.397011
0.397014
0.397024
0.397025
0.397031
0.397063
0.397064
0.39708
0.397097
0.397114
0.397137
0.397156
0.397157
0.397167
0.397253
0.397261
0.397283
0.397303
0.397307
0.397308
0.39737
0.397397
0.397431
0.39744
0.397443
0.397461
0.39747
0.397471
0.397478
0.397498
0.397543
0.397545
0.397548
0.39757
0.397581
0.397634
0.397711
0.397712
0.397721
0.397737
0.397751
0.397797
0.3978
0.397801
0.397821
0.397881
0.397897
0.39791
0.397927
0.397958
0.397985
0.398
0.39803
0.398033
0.398046
0.398094
0.398101
0.398127
0.398131
0.398143
0.398204
0.398233
0.398234
0.39824
0.398251
0.398259
0.39828
0.398284
0.398334
0.398391
0.398401
0.398417
0.398447
0.398453
0.398457
0.39849
0.398503
0.398518
0.398527
0.39853
0.398551
0.398567
0.398577
0.398617
0.39862
0.39863
0.398657
0.398733
0.398736
0.398736
0.398811
0.398813
0.39883
0.398837
0.398886
0.398906
0.39893
0.39896
0.398974
0.399
0.399057
0.399077
0.399091
0.399104
0.399111
0.399137
0.399195
0.399197
0.399217
0.399223
0.399267
0.399274
0.39928
0.399303
0.399333
0.39935
0.399367
0.399373
0.399404
0.399433
0.39944
0.399484
0.399521
0.399524
0.399525
0.399571
0.399577
0.399584
0.399613
0.399647
0.399654
0.399661
0.399686
0.399697
0.399707
0.39971
0.399747
0.399793
0.399843
0.39986
0.399941
0.400001
0.400063
0.400118
0.400163
0.400183
0.400186
0.40021
0.400217
0.400254
0.400327
0.400341
0.400354
0.400373
0.400375
0.40039
0.400437
0.40046
0.400467
0.400481
0.400496
0.400507
0.400524
0.400541
0.400657
0.400658
0.40068
0.400704
0.400754
0.400783
0.400784
0.400816
0.400897
0.400997
0.401027
0.40103
0.40105
0.40106
0.401064
0.4011
0.401104
0.401108
0.401123
0.401127
0.40113
0.401151
0.401154
0.401166
0.401167
0.401171
0.401304
0.401341
0.40138
0.401387
0.401404
0.401405
0.401407
0.401424
0.401427
0.401474
0.401484
0.401494
0.401497
0.4015
0.401504
0.401566
0.401566
0.401607
0.401676
0.401677
0.401717
0.401725
0.401747
0.401788
0.401805
0.401814
0.401824
0.401885
0.401943
0.401953
0.401974
0.401975
0.40202
0.402024
0.40205
0.402064
0.402071
0.402168
0.402227
0.402278
0.402338
0.40236
0.402383
0.402397
0.402423
0.402477
0.402561
0.402578
0.402604
0.402616
0.40264
0.402667
0.402747
0.402825
0.40284
0.402864
0.402877
0.402923
0.402927
0.402937
0.402952
0.402987
0.403028
0.403031
0.403061
0.403063
0.40307
0.403132
0.403157
0.403157
0.403157
0.403221
0.403294
0.403307
0.40332
0.403396
0.403404
0.403407
0.403408
0.40342
0.403427
0.403436
0.403441
0.403452
0.403477
0.40349
0.4035
0.403524
0.403527
0.403537
0.403568
0.403607
0.403611
0.403623
0.403637
0.403744
0.403794
0.40382
0.403843
0.403887
0.40389
0.403934
0.403953
0.404013
0.404024
0.404037
0.404043
0.40405
0.404071
0.404091
0.404123
0.404124
0.404136
0.404147
0.404174
0.404191
0.404194
0.4042
0.404204
0.404216
0.40426
0.404277
0.404281
0.404294
0.404324
0.404347
0.404348
0.404353
0.404434
0.404481
0.404506
0.40453
0.404598
0.4046
0.404624
0.404635
0.40464
0.404653
0.404671
0.4047
0.404707
0.404724
0.404737
0.404764
0.40477
0.404796
0.404801
0.40481
0.404841
0.404844
0.404851
0.404867
0.404873
0.40491
0.404916
0.404946
0.405023
0.405058
0.405064
0.40507
0.405096
0.40513
0.405143
0.405154
0.405167
0.405184
0.405203
0.405227
0.405267
0.40539
0.405407
0.405447
0.405447
0.405453
0.405471
0.405486
0.405507
0.405517
0.405577
0.405587
0.405594
0.405624
0.405626
0.405634
0.405641
0.405661
0.405681
0.405684
0.405687
0.405705
0.40574
0.405744
0.405763
0.405816
0.405817
0.405834
0.405932
0.405944
0.405946
0.406013
0.406031
0.406108
0.40618
0.406193
0.4063
0.4063
0.406357
0.406377
0.406412
0.406477
0.406481
0.406507
0.406577
0.406583
0.406593
0.4066
0.406634
0.406658
0.40675
0.406777
0.406784
0.406808
0.406831
0.406928
0.406937
0.406966
0.407014
0.407017
0.407034
0.407094
0.407097
0.407133
0.407156
0.407183
0.40726
0.407304
0.40736
0.407391
0.407464
0.407537
0.407573
0.407717
0.40775
0.407803
0.407861
0.407891
0.407891
0.407904
0.407984
0.408014
0.40802
0.408044
0.4081
0.408104
0.408137
0.408147
0.408195
0.408393
0.408424
0.408424
0.408447
0.40846
0.408491
0.408498
0.408517
0.408531
0.408537
0.408541
0.408554
0.408594
0.40868
0.40868
0.408686
0.408695
0.408727
0.408731
0.40874
0.408755
0.408757
0.408783
0.408804
0.408831
0.408863
0.40887
0.4089
0.408937
0.408949
0.409017
0.409037
0.409087
0.409111
0.409157
0.409171
0.40921
0.409284
0.409303
0.409315
0.40937
0.409371
0.409383
0.409387
0.4094
0.409468
0.409524
0.409567
0.409607
0.40964
0.409657
0.40979
0.40983
0.409837
0.409881
0.409896
0.409901
0.409947
0.409957
0.409983
0.409984
0.410004
0.410016
0.410121
0.410174
0.410211
0.410236
0.41027
0.410293
0.410343
0.410347
0.41036
0.41038
0.41039
0.410431
0.410434
0.410447
0.410484
0.41052
0.410544
0.410544
0.410551
0.410556
0.410623
0.410634
0.410667
0.410668
0.410701
0.410798
0.4108
0.410817
0.410834
0.41084
0.410854
0.410956
0.410969
0.410995
0.410998
0.411003
0.411018
0.411061
0.41109
0.41111
0.41116
0.411181
0.411193
0.41128
0.411316
0.411326
0.411361
0.411414
0.411416
0.41145
0.411473
0.411484
0.41151
0.411544
0.411547
0.41155
0.411553
0.411577
0.411581
0.411583
0.411615
0.41162
0.411633
0.411644
0.411654
0.411657
0.411667
0.411716
0.411731
0.4118
0.41181
0.411817
0.411818
0.411853
0.411858
0.411865
0.411881
0.41197
0.412013
0.412043
0.41205
0.412071
0.412096
0.41213
0.412207
0.412213
0.412214
0.41224
0.412248
0.412267
0.41227
0.412307
0.41232
0.412337
0.412351
0.412361
0.41237
0.41239
0.412395
0.412401
0.412437
0.412452
0.412457
0.412464
0.412487
0.412497
0.412544
0.41255
0.412607
0.41261
0.412647
0.412657
0.412681
0.412691
0.412723
0.41279
0.412813
0.41285
0.412881
0.412901
0.412927
0.412933
0.41303
0.413074
0.413098
0.413138
0.41316
0.413162
0.41326
0.413261
0.41327
0.4133
0.413321
0.413346
0.413371
0.413391
0.413434
0.41345
0.413457
0.413501
0.413503
0.413573
0.413577
0.41358
0.413624
0.41363
0.413651
0.413654
0.413683
0.413734
0.413741
0.413743
0.413784
0.413797
0.413807
0.413823
0.413837
0.413871
0.413874
0.413896
0.41395
0.413956
0.413987
0.414004
0.414007
0.41408
0.414114
0.414127
0.41413
0.414134
0.414305
0.414337
0.414341
0.41435
0.414397
0.414401
0.414418
0.414438
0.414471
0.414548
0.414551
0.414564
0.414644
0.414676
0.414757
0.414774
0.414778
0.414815
0.414828
0.414848
0.41486
0.41487
0.41488
0.414937
0.414955
0.414974
0.415034
0.415107
0.41511
0.41521
0.415273
0.415283
0.4153
0.415327
0.41538
0.415397
0.415434
0.415443
0.415478
0.41548
0.415503
0.415667
0.41574
0.415841
0.415857
0.415903
0.415914
0.415931
0.415938
0.415957
0.415963
0.415983
0.415995
0.416008
0.416024
0.416045
0.416113
0.416115
0.416147
0.416174
0.416187
0.416193
0.416224
0.41623
0.416284
0.416291
0.41632
0.416324
0.416341
0.41635
0.416366
0.416376
0.416437
0.416477
0.416551
0.416563
0.416566
0.41657
0.416571
0.416583
0.416601
0.416641
0.41665
0.416674
0.416747
0.416776
0.4168
0.416813
0.416868
0.416874
0.416887
0.416905
0.41693
0.416944
0.41695
0.41696
0.416981
0.416997
0.417021
0.417033
0.417046
0.417048
0.417098
0.41716
0.417194
0.417195
0.417241
0.4173
0.417328
0.417353
0.417391
0.417401
0.417404
0.417443
0.41745
0.417481
0.417483
0.417498
0.41755
0.417588
0.417624
0.417626
0.417644
0.417703
0.417794
0.417801
0.417833
0.417841
0.417911
0.417956
0.418033
0.41804
0.418067
0.418087
0.418127
0.41815
0.418207
0.418233
0.41824
0.41827
0.418273
0.418277
0.4183
0.41833
0.418341
0.418376
0.418387
0.41839
0.41843
0.418441
0.41845
0.418524
0.41859
0.418603
0.418604
0.418634
0.41864
0.418681
0.418684
0.41873
0.418777
0.418781
0.418812
0.418818
0.418854
0.41888
0.4189
0.418906
0.418914
0.418923
0.418941
0.418954
0.41896
0.418967
0.418983
0.419033
0.419057
0.419091
0.419124
0.419145
0.41915
0.419167
0.419173
0.419211
0.41923
0.419236
0.419256
0.419274
0.419275
0.419307
0.419367
0.41941
0.419439
0.419441
0.419449
0.41945
0.419454
0.41949
0.419517
0.419518
0.419551
0.419557
0.419594
0.419601
0.419607
0.419648
0.419658
0.419661
0.419663
0.419666
0.41971
0.419744
0.41975
0.419786
0.419807
0.419828
0.419831
0.419877
0.419907
0.419914
0.419943
0.41998
0.419984
0.419997
0.420011
0.420014
0.420034
0.420051
0.420087
0.420098
0.420177
0.420201
0.420204
0.42026
0.420276
0.420281
0.42029
0.420301
0.420304
0.42034
0.420343
0.420381
0.420397
0.420411
0.420451
0.420467
0.420474
0.4205
0.420501
0.420524
0.420554
0.420594
0.42061
0.42062
0.420634
0.420723
0.42073
0.420764
0.420778
0.420784
0.420801
0.420841
0.420863
0.420903
0.420911
0.420917
0.42092
0.420924
0.420944
0.42097
0.421006
0.42105
0.421063
0.421064
0.421078
0.421093
0.421157
0.421167
0.421168
0.421177
0.421208
0.421247
0.421248
0.421293
0.421294
0.421313
0.421337
0.42137
0.42137
0.421381
0.421383
0.421388
0.421401
0.421447
0.421457
0.421491
0.421517
0.421524
0.421571
0.421581
0.421633
0.421738
0.42174
0.421744
0.421767
0.421797
0.421817
0.421898
0.421913
0.421954
0.421975
0.421977
0.421983
0.422003
0.422003
0.422011
0.422067
0.422067
0.422097
0.422105
0.42212
0.422134
0.422147
0.422151
0.422154
0.422157
0.422183
0.42219
0.422213
0.422231
0.42224
0.42225
0.422254
0.422267
0.422278
0.422284
0.4223
0.422317
0.422317
0.422321
0.422354
0.42236
0.422384
0.422451
0.422451
0.422497
0.4225
0.422501
0.42254
0.422554
0.422561
0.422607
0.422631
0.422654
0.422704
0.422727
0.422744
0.422787
0.422807
0.422824
0.422824
0.422827
0.422894
0.42294
0.422957
0.422996
0.423004
0.423042
0.423119
0.42312
0.423157
0.423168
0.423174
0.42319
0.423194
0.423253
0.423348
0.423451
0.423458
0.423505
0.423527
0.423544
0.423597
0.423617
0.423637
0.423667
0.423705
0.423713
0.423714
0.423738
0.423761
0.42377
0.423818
0.423881
0.423904
0.423911
0.423921
0.423974
0.423978
0.423988
0.424031
0.424077
0.424087
0.424264
0.424265
0.424323
0.424354
0.424356
0.424401
0.424473
0.424533
0.424537
0.42454
0.42459
0.424606
0.424621
0.424637
0.424694
0.424707
0.424728
0.42476
0.424767
0.424768
0.424774
0.424787
0.424827
0.424828
0.424864
0.424867
0.424904
0.424909
0.42491
0.424924
0.424934
0.424964
0.425026
0.425036
0.425063
0.425093
0.425141
0.425181
0.425223
0.42525
0.425258
0.425267
0.425314
0.425344
0.425364
0.425374
0.425397
0.4254
0.425407
0.425455
0.425477
0.425481
0.425538
0.425583
0.425621
0.425644
0.425677
0.425754
0.425758
0.42576
0.425766
0.425767
0.42578
0.425801
0.425804
0.425844
0.425877
0.42594
0.425957
0.425997
0.426126
0.426147
0.426181
0.426186
0.426213
0.426263
0.426264
0.426277
0.42634
0.426367
0.42637
0.426374
0.426453
0.426467
0.426513
0.426516
0.426534
0.426561
0.426654
0.426654
0.426686
0.42669
0.426697
0.426717
0.426747
0.426907
0.42693
0.426938
0.426967
0.426971
0.427015
0.427053
0.427057
0.427163
0.427174
0.42725
0.427263
0.4273
0.427303
0.427311
0.427323
0.42734
0.427394
0.427503
0.427567
0.427568
0.427594
0.427623
0.427626
0.427661
0.427663
0.427704
0.427761
0.427813
0.427828
0.427833
0.427844
0.427891
0.42792
0.427937
0.427961
0.42802
0.428036
0.428168
0.428175
0.42818
0.428191
0.428283
0.42829
0.42834
0.428344
0.428361
0.42837
0.428387
0.4284
0.428424
0.42844
0.428531
0.428534
0.428553
0.428614
0.428637
0.428644
0.428644
0.428653
0.428663
0.428773
0.428781
0.428913
0.428953
0.42896
0.42902
0.429021
0.429034
0.429051
0.429073
0.4291
0.4291
0.429101
0.429116
0.429131
0.429174
0.429211
0.42925
0.429261
0.429263
0.429291
0.42931
0.429323
0.429327
0.429407
0.429474
0.42951
0.42952
0.429555
0.42959
0.42964
0.429667
0.42968
0.429683
0.429714
0.429747
0.42978
0.429783
0.429854
0.429914
0.429957
0.429967
0.429976
0.430034
0.430118
0.430171
0.430191
0.430211
0.430237
0.43034
0.43035
0.430354
0.430373
0.430433
0.430442
0.430474
0.430484
0.430517
0.43053
0.430551
0.430663
0.430677
0.430717
0.430717
0.430721
0.430773
0.430864
0.430897
0.430904
0.430931
0.431057
0.431094
0.431201
0.431214
0.431215
0.431233
0.43124
0.4313
0.431334
0.431336
0.43134
0.431347
0.431433
0.431437
0.431444
0.43145
0.43152
0.431564
0.43164
0.431657
0.431677
0.431681
0.431718
0.431731
0.4318
0.43184
0.431861
0.431999
0.43205
0.432054
0.432134
0.432287
0.432451
0.432451
0.432494
0.432523
0.432535
0.432537
0.432583
0.432677
0.432684
0.432728
0.43275
0.43276
0.43297
0.432977
0.433211
0.43323
0.433284
0.43329
0.433294
0.433295
0.433303
0.433347
0.43338
0.433397
0.433407
0.433537
0.433648
0.433663
0.433683
0.433725
0.433737
0.433751
0.43378
0.43384
0.433913
0.433943
0.434074
0.434083
0.434111
0.434204
0.43422
0.43424
0.434244
0.434397
0.434507
0.434527
0.43457
0.43459
0.4346
0.434633
0.43468
0.43471
0.434736
0.434814
0.434817
0.43486
0.434937
0.435001
0.435047
0.435118
0.435138
0.435173
0.435217
0.435245
0.435321
0.43534
0.43539
0.435404
0.435488
0.435517
0.43557
0.435593
0.435667
0.43568
0.435695
0.435745
0.435773
0.435837
0.436
0.436
0.436108
0.436177
0.436195
0.436263
0.436271
0.436281
0.436413
0.436443
0.43657
0.43663
0.436727
0.436788
0.436855
0.436901
0.43695
0.437044
0.437098
0.437114
0.43713
0.437137
0.437247
0.43727
0.437363
0.437363
0.437397
0.437404
0.437481
0.437483
0.4375
0.437511
0.437517
0.437518
0.437527
0.437544
0.43764
0.437666
0.437733
0.437763
0.4378
0.437808
0.437813
0.437838
0.437893
0.437934
0.437993
0.438043
0.438161
0.438224
0.4383
0.438303
0.438303
0.438325
0.438337
0.438383
0.438427
0.438433
0.438454
0.4385
0.438654
0.438741
0.438756
0.4388
0.439
0.439077
0.439137
0.439147
0.439167
0.439217
0.43925
0.439281
0.439311
0.439324
0.43934
0.439367
0.439376
0.439448
0.439587
0.439607
0.439671
0.4397
0.439711
0.439837
0.43989
0.439971
0.439977
0.439987
0.440033
0.440068
0.440079
0.440111
0.440261
0.440286
0.440348
0.44043
0.440461
0.440666
0.440696
0.440704
0.44079
0.440843
0.440845
0.440903
0.441018
0.441106
0.441113
0.441201
0.441271
0.441283
0.441305
0.441377
0.441483
0.441514
0.44152
0.441681
0.441691
0.441721
0.441733
0.441974
0.44199
0.442087
0.442121
0.442131
0.442263
0.442317
0.442358
0.442414
0.442531
0.442557
0.442561
0.442594
0.442601
0.442636
0.442648
0.442704
0.44277
0.442773
0.44289
0.443243
0.443247
0.443324
0.443361
0.443401
0.443454
0.443524
0.443627
0.443654
0.443751
0.443757
0.443788
0.443871
0.443934
0.443941
0.443978
0.444071
0.444085
0.444122
0.444133
0.444167
0.4443
0.444381
0.44446
0.444684
0.444727
0.444804
0.444808
0.444914
0.445021
0.445046
0.445053
0.445094
0.445128
0.44519
0.445238
0.445377
0.445393
0.445408
0.445454
0.445643
0.445667
0.445673
0.44581
0.445815
0.445934
0.445953
0.446147
0.446303
0.446464
0.446554
0.446683
0.44679
0.44688
0.447101
0.447316
0.447588
0.447627
0.447671
0.447738
0.447741
0.447898
0.448061
0.448164
0.448261
0.44828
0.448363
0.448502
0.448544
0.448621
0.448755
0.449097
0.44917
0.449263
0.449303
0.449507
0.449584
0.449678
0.449734
0.449735
0.44987
0.449897
0.449927
0.450078
0.450121
0.450143
0.450863
0.450883
0.450961
0.451011
0.45109
0.451187
0.45125
0.451275
0.451417
0.451454
0.451674
0.451681
0.45174
0.45181
0.451837
0.451967
0.452007
0.45225
0.452337
0.452536
0.45258
0.452776
0.4528
0.45281
0.45288
0.453061
0.45313
0.453148
0.453221
0.453405
0.453434
0.453451
0.453451
0.453864
0.453951
0.4541
0.4542
0.454258
0.454298
0.454417
0.45454
0.45455
0.454753
0.454793
0.454796
0.454861
0.454934
0.454957
0.455135
0.455224
0.455387
0.45556
0.455686
0.455867
0.455873
0.456307
0.456325
0.456391
0.45648
0.45651
0.45689
0.456924
0.45709
0.457331
0.45762
0.458141
0.458281
0.45846
0.458684
0.458788
0.45889
0.458967
0.458986
0.459131
0.45935
0.45936
0.459545
0.459656
0.459834
0.459857
0.459897
0.459974
0.459989
0.460117
0.460123
0.460406
0.460571
0.460907
0.46095
0.461037
0.46122
0.461277
0.461297
0.461574
0.461608
0.462101
0.462345
0.462403
0.462438
0.46246
0.462483
0.46303
0.46314
0.463214
0.46333
0.463776
0.464849
0.465104
0.46573
0.465788
0.46633
0.466357
0.46669
0.467354
0.467444
0.467513
0.46764
0.468075
0.468124
0.468364
0.468926
0.469724
0.470533
0.470624
0.470808
0.471053
0.471437
0.471673
0.472526
0.473313
0.473362
0.473404
0.473753
0.473757
0.473858
0.474734
0.475358
0.47549
0.476367
0.476984
0.477275
0.478087
0.47833
0.478568
0.478918
0.47972
0.481597
0.481991
0.482643
0.482874
0.485653
0.486041
0.486658
0.489317
0.489877
0.490967
0.491718
0.494428
0.49578
0.495871
0.497744
0.499848
0.501033
0.501316
0.504081
0.509821
0.51294
0.515918
0.519634
0.523424
0.52488
0.525844
0.533537
0.537
0.53792
0.538729
0.540341
0.562134
0.562167
0.565857
0.568815
0.573103
0.575521
0.577841
0.578644
0.582905
0.585011
0.585398
0.586574
0.59001
0.593814
0.596884
0.599178
0.604196
0.620256
0.622197
0.624607
0.630361
0.633297
0.643571
0.646031
0.647005
0.648134
0.65128
0.651489
0.671844
0.681564
0.693901
0.695394
0.698014
0.705493
0.70878
0.710404
0.711811
0.713241
0.714584
0.719907
0.726594
0.73059
0.730633
0.731081
0.735787
0.737884
0.738309
0.741353
0.745011
0.747587
0.747784
0.752137
0.767774
0.768391
0.769407
0.771804
0.772404
0.774065
0.776429
0.783984
0.787251
0.78837
0.789564
0.791127
0.792031
0.79251
0.809859
0.810494
0.812287
0.814094
0.81749
0.821797
0.826948
0.827524
0.829114
0.833957
0.842891
0.844794
0.851844
0.869845
0.88454
0.89557
0.910278
0.922091
0.926081
0.930844
0.938178
0.945574
0.992083
1.012756
1.014897
1.015558
1.026791
1.101484
1.210694
1.244328
