0.27331
0.276491
0.280593
0.28288
0.28796
0.290127
0.290263
0.292529
0.2947
0.294843
0.295184
0.296078
0.296083
0.296595
0.296813
0.297253
0.29731
0.298344
0.298367
0.29866
0.299563
0.299837
0.300071
0.300313
0.300594
0.301087
0.301353
0.30147
0.301527
0.301723
0.302437
0.302637
0.303093
0.303573
0.303923
0.304153
0.304377
0.304497
0.304687
0.305206
0.305377
0.305703
0.305967
0.306068
0.306928
0.307011
0.307293
0.307351
0.307397
0.307651
0.307831
0.307853
0.307871
0.307873
0.308318
0.30835
0.308497
0.308558
0.308583
0.30869
0.308778
0.30881
0.308974
0.309234
0.309374
0.30954
0.309553
0.309817
0.309947
0.310067
0.310267
0.310377
0.310457
0.310537
0.310678
0.310707
0.31075
0.311018
0.311127
0.311131
0.31121
0.311294
0.311377
0.311381
0.311631
0.311834
0.311883
0.311897
0.311943
0.312086
0.312154
0.3123
0.31232
0.312373
0.312421
0.312454
0.31248
0.312827
0.313174
0.313204
0.313344
0.313364
0.31345
0.313477
0.313513
0.313517
0.31369
0.313717
0.313727
0.313733
0.313737
0.31383
0.313864
0.313892
0.313967
0.314067
0.31416
0.314227
0.314257
0.314316
0.314373
0.314384
0.31455
0.314594
0.314651
0.314671
0.314797
0.3148
0.314854
0.314921
0.314921
0.31497
0.315064
0.315171
0.315253
0.31534
0.3155
0.315768
0.315857
0.315976
0.316251
0.316341
0.31641
0.316504
0.316577
0.316747
0.31675
0.316774
0.316827
0.31711
0.31713
0.317131
0.317195
0.317233
0.317238
0.317346
0.317673
0.317683
0.31769
0.317714
0.317725
0.317937
0.317967
0.317974
0.318013
0.3181
0.318284
0.318284
0.3183
0.318333
0.31836
0.318487
0.318547
0.318643
0.318755
0.318794
0.318833
0.318864
0.318931
0.31898
0.319028
0.319137
0.319194
0.319383
0.319466
0.319493
0.319511
0.319541
0.319556
0.31963
0.319637
0.319657
0.319694
0.319757
0.319803
0.319807
0.319881
0.31992
0.320204
0.320247
0.320307
0.32034
0.320451
0.320454
0.32047
0.32047
0.320681
0.320703
0.32081
0.320847
0.32085
0.320931
0.320941
0.32095
0.320971
0.32099
0.32101
0.321047
0.321077
0.321084
0.321183
0.32121
0.32135
0.321461
0.32151
0.321518
0.32152
0.321576
0.32158
0.321584
0.321643
0.321648
0.32165
0.321673
0.32169
0.3217
0.32182
0.321844
0.32187
0.321871
0.321948
0.321998
0.322007
0.32207
0.322234
0.32227
0.322283
0.322401
0.322438
0.322464
0.32247
0.322483
0.322494
0.322614
0.322615
0.32264
0.322661
0.322684
0.32287
0.322873
0.322927
0.322963
0.322977
0.323017
0.3231
0.323117
0.323143
0.323187
0.32319
0.323193
0.32321
0.32326
0.323314
0.323371
0.323454
0.323594
0.323717
0.323738
0.32382
0.323907
0.323957
0.323999
0.3241
0.32411
0.324164
0.324257
0.324277
0.324293
0.324357
0.324364
0.32442
0.324533
0.324741
0.324764
0.324767
0.32478
0.32481
0.324847
0.324851
0.324917
0.324966
0.324977
0.324997
0.32503
0.32504
0.325058
0.32508
0.325093
0.325161
0.32517
0.325174
0.325247
0.325291
0.325414
0.32547
0.325484
0.32549
0.325523
0.32559
0.325614
0.325627
0.325634
0.325647
0.325681
0.325731
0.325813
0.325817
0.325838
0.325873
0.325907
0.325918
0.325927
0.32594
0.32601
0.326025
0.32613
0.326207
0.326263
0.326287
0.326308
0.326324
0.326353
0.326427
0.326444
0.326464
0.326487
0.326533
0.326534
0.326551
0.326637
0.326677
0.326687
0.326693
0.326721
0.326814
0.326827
0.32693
0.326955
0.326977
0.326984
0.32704
0.327043
0.327047
0.327047
0.327048
0.32723
0.32727
0.327283
0.327334
0.327358
0.327461
0.327466
0.327471
0.32751
0.327564
0.327598
0.32761
0.327627
0.327691
0.32771
0.327724
0.327747
0.327774
0.327881
0.327883
0.327894
0.327904
0.32794
0.327954
0.32796
0.32797
0.328041
0.32807
0.328077
0.328117
0.328144
0.328167
0.328167
0.328176
0.3282
0.328224
0.328263
0.32829
0.328368
0.32838
0.32839
0.328391
0.32848
0.32849
0.32852
0.328523
0.328647
0.32874
0.328754
0.328774
0.328783
0.328807
0.328818
0.32882
0.328853
0.328963
0.32908
0.32913
0.32914
0.329141
0.329147
0.32915
0.329173
0.32928
0.329403
0.329417
0.329431
0.329436
0.329453
0.329464
0.329466
0.329497
0.329538
0.329581
0.32961
0.329644
0.329645
0.32971
0.32973
0.329734
0.329754
0.32978
0.329787
0.329801
0.329807
0.329836
0.329837
0.329891
0.329963
0.32997
0.329994
0.330017
0.330024
0.330034
0.33011
0.330187
0.33024
0.330274
0.330308
0.330318
0.33032
0.33037
0.33039
0.330484
0.330503
0.330527
0.330546
0.330607
0.330647
0.330677
0.330693
0.330697
0.33071
0.330826
0.330881
0.330893
0.330894
0.330904
0.330921
0.330925
0.330956
0.33096
0.330973
0.331064
0.331094
0.331156
0.331187
0.331217
0.331224
0.331227
0.331246
0.331298
0.331314
0.331363
0.331373
0.331386
0.33144
0.33148
0.331493
0.331537
0.331597
0.33163
0.331647
0.331707
0.33172
0.33175
0.331804
0.331854
0.331857
0.331894
0.33198
0.33198
0.331991
0.332027
0.332061
0.332077
0.332103
0.332133
0.332151
0.332173
0.33219
0.332207
0.332211
0.33223
0.33223
0.332244
0.332264
0.332294
0.332294
0.332334
0.332334
0.33235
0.332357
0.332427
0.332443
0.332454
0.332464
0.332521
0.332567
0.33261
0.33261
0.332641
0.332698
0.332724
0.332767
0.332794
0.332827
0.33283
0.332847
0.332867
0.332874
0.332916
0.332957
0.332977
0.33299
0.333006
0.333013
0.33309
0.333141
0.333151
0.33318
0.333184
0.333184
0.333187
0.333214
0.333254
0.333257
0.33333
0.333343
0.333357
0.333378
0.33338
0.333381
0.33341
0.333447
0.333464
0.333507
0.33352
0.333587
0.333643
0.333643
0.333647
0.33375
0.333823
0.333833
0.333837
0.333847
0.333874
0.333878
0.333897
0.333924
0.33397
0.333973
0.333993
0.334031
0.334037
0.334038
0.334044
0.334071
0.334104
0.334127
0.334161
0.334181
0.334184
0.334205
0.33421
0.334231
0.334297
0.334311
0.334334
0.334338
0.334367
0.334387
0.334417
0.334427
0.334427
0.334457
0.334483
0.334513
0.334513
0.334521
0.334523
0.33454
0.33457
0.33459
0.334636
0.334646
0.33469
0.3347
0.334701
0.334747
0.33479
0.334797
0.334854
0.334857
0.33487
0.334936
0.334963
0.334963
0.334984
0.33499
0.334998
0.335024
0.335043
0.335096
0.335117
0.335131
0.335137
0.33523
0.335244
0.335247
0.335254
0.335344
0.33539
0.3354
0.335404
0.335416
0.33543
0.335457
0.33546
0.335484
0.33551
0.335534
0.335544
0.335598
0.3356
0.335703
0.335703
0.335784
0.335827
0.335834
0.33586
0.335863
0.335873
0.335874
0.335944
0.33595
0.336037
0.336044
0.336047
0.336084
0.336096
0.336104
0.336183
0.336197
0.336203
0.33622
0.336226
0.336261
0.336307
0.33633
0.33637
0.33641
0.33642
0.3365
0.336528
0.336637
0.33666
0.336687
0.336707
0.336756
0.33676
0.33676
0.336847
0.336854
0.336934
0.33695
0.336977
0.336983
0.337001
0.33701
0.337028
0.33703
0.33706
0.337069
0.33707
0.337077
0.337113
0.33713
0.337161
0.337183
0.337188
0.337197
0.33722
0.33726
0.33732
0.33733
0.337354
0.337397
0.337404
0.337447
0.337457
0.337457
0.33747
0.337503
0.337514
0.337534
0.337538
0.337551
0.337557
0.337564
0.337572
0.337578
0.337581
0.337591
0.337596
0.337603
0.337667
0.337685
0.337697
0.337738
0.33778
0.337801
0.337835
0.337841
0.337848
0.337854
0.33786
0.337884
0.337887
0.337894
0.33791
0.33794
0.337983
0.338024
0.338037
0.338084
0.338116
0.338137
0.338167
0.33817
0.33817
0.338174
0.33819
0.338253
0.338273
0.338275
0.338276
0.33829
0.338317
0.33832
0.338344
0.33843
0.338433
0.338444
0.338454
0.338467
0.338484
0.338534
0.338551
0.338558
0.338567
0.338571
0.3386
0.3386
0.338614
0.338633
0.338661
0.33873
0.338733
0.338742
0.338793
0.338794
0.338824
0.338834
0.33884
0.339013
0.33903
0.33904
0.33906
0.339104
0.33913
0.339166
0.339183
0.339191
0.33921
0.339227
0.339241
0.339261
0.33927
0.339297
0.339297
0.339314
0.339324
0.33934
0.339361
0.339381
0.339398
0.3394
0.339404
0.33942
0.33946
0.339523
0.339556
0.33959
0.339594
0.339597
0.339597
0.339657
0.339671
0.339673
0.339676
0.33968
0.339681
0.339687
0.339753
0.339754
0.33978
0.33983
0.339843
0.339857
0.339861
0.339867
0.339898
0.339927
0.339987
0.339998
0.340021
0.340097
0.340124
0.340153
0.340167
0.340176
0.340177
0.340257
0.340263
0.340287
0.340307
0.340327
0.340375
0.340423
0.340428
0.34043
0.340448
0.34052
0.340521
0.34055
0.34056
0.340564
0.340567
0.34066
0.340681
0.340727
0.340743
0.340743
0.340748
0.340751
0.340753
0.340813
0.340827
0.340834
0.340864
0.340873
0.340887
0.340913
0.340947
0.34095
0.340964
0.34107
0.341074
0.341113
0.341117
0.34115
0.341157
0.341184
0.34121
0.34124
0.341247
0.34129
0.341354
0.341357
0.3414
0.341434
0.341478
0.341491
0.341568
0.341584
0.341644
0.341667
0.341667
0.341691
0.34172
0.34173
0.341733
0.341747
0.341787
0.34183
0.341845
0.341847
0.3419
0.34192
0.341937
0.34195
0.341957
0.34199
0.342037
0.342044
0.342046
0.34207
0.342107
0.342141
0.34215
0.342156
0.34217
0.342173
0.34219
0.342257
0.342273
0.342284
0.34229
0.342293
0.342321
0.342327
0.34235
0.342428
0.342437
0.342468
0.34248
0.342485
0.342496
0.342523
0.34255
0.34255
0.342604
0.34261
0.342647
0.342673
0.342707
0.342724
0.342741
0.34277
0.342815
0.342827
0.342854
0.342884
0.342893
0.342897
0.342904
0.342914
0.342916
0.342917
0.342967
0.343007
0.343013
0.343014
0.343024
0.34304
0.343053
0.343073
0.343084
0.34309
0.343093
0.343158
0.34318
0.343214
0.343241
0.343247
0.343264
0.343267
0.343283
0.343287
0.343296
0.343313
0.343361
0.343371
0.343374
0.343381
0.343387
0.343414
0.343417
0.343431
0.343444
0.343494
0.343508
0.343541
0.34356
0.343567
0.34359
0.343606
0.343623
0.343627
0.34363
0.343687
0.34372
0.343736
0.343743
0.343744
0.343753
0.343773
0.3438
0.343801
0.343803
0.343816
0.343848
0.343864
0.343874
0.343876
0.343887
0.343933
0.343961
0.343964
0.343977
0.343993
0.344016
0.344017
0.34402
0.344066
0.344074
0.344123
0.34414
0.34416
0.344171
0.344181
0.344183
0.344227
0.344251
0.344256
0.344271
0.344277
0.344287
0.3443
0.344307
0.344327
0.344344
0.34436
0.34438
0.344383
0.344404
0.34441
0.344424
0.344431
0.344441
0.344486
0.34449
0.344497
0.344507
0.344521
0.344536
0.344567
0.344583
0.344607
0.344607
0.34462
0.344621
0.344637
0.34465
0.344707
0.344723
0.344737
0.344756
0.344777
0.344785
0.344797
0.344827
0.344884
0.344923
0.344943
0.34495
0.344954
0.344964
0.344988
0.345035
0.345037
0.345087
0.345093
0.345101
0.345134
0.345171
0.345196
0.345237
0.345263
0.345307
0.345311
0.345318
0.345351
0.345404
0.345413
0.345487
0.345493
0.345507
0.34551
0.345518
0.345536
0.345537
0.345544
0.345554
0.345597
0.345657
0.345687
0.345717
0.345724
0.345731
0.345738
0.34574
0.345767
0.34578
0.34579
0.345797
0.345833
0.34585
0.345864
0.34588
0.34593
0.345948
0.345963
0.34599
0.345994
0.34603
0.346037
0.346066
0.346092
0.346121
0.346174
0.346184
0.346193
0.3462
0.346206
0.34621
0.346214
0.346214
0.346273
0.346278
0.34628
0.346285
0.34631
0.346323
0.346348
0.346355
0.346357
0.34636
0.346387
0.346403
0.346413
0.346428
0.346437
0.346484
0.3465
0.346504
0.346534
0.346544
0.346544
0.346581
0.346628
0.346657
0.346657
0.34666
0.346667
0.34669
0.3467
0.34672
0.346727
0.346754
0.346797
0.3468
0.346804
0.346833
0.346837
0.346838
0.346853
0.346854
0.346857
0.346863
0.346871
0.34689
0.346894
0.34691
0.34692
0.34694
0.346983
0.347
0.347003
0.347011
0.347064
0.347068
0.347077
0.347087
0.347118
0.34717
0.347207
0.347233
0.347246
0.347248
0.34727
0.347301
0.347323
0.347327
0.34734
0.347388
0.347407
0.347437
0.34745
0.347467
0.347478
0.347484
0.347484
0.347501
0.347503
0.347523
0.347523
0.347551
0.347561
0.34757
0.347594
0.347598
0.347607
0.347654
0.347684
0.347694
0.347701
0.347708
0.347725
0.347734
0.347748
0.347767
0.347775
0.347803
0.347811
0.34782
0.347843
0.347844
0.347871
0.347928
0.347934
0.34794
0.347981
0.348001
0.348001
0.34803
0.348033
0.348054
0.348061
0.348067
0.348074
0.348107
0.348124
0.348143
0.348154
0.348157
0.348168
0.348201
0.348204
0.348217
0.34822
0.348231
0.348233
0.348243
0.34825
0.348288
0.348295
0.3483
0.348324
0.348334
0.348356
0.348373
0.348384
0.348426
0.348436
0.34845
0.34853
0.348534
0.348554
0.348567
0.348627
0.348691
0.348717
0.348757
0.348761
0.34879
0.348874
0.34888
0.348897
0.348923
0.34893
0.348957
0.34897
0.348973
0.348976
0.348983
0.348987
0.349041
0.34905
0.34906
0.349083
0.349084
0.349087
0.349094
0.349104
0.349167
0.349193
0.349204
0.34924
0.349243
0.349247
0.349256
0.349367
0.349378
0.34939
0.349391
0.349423
0.349424
0.349427
0.349427
0.349516
0.349527
0.349554
0.349573
0.349597
0.349638
0.34967
0.34969
0.349697
0.34971
0.349713
0.349736
0.349757
0.34977
0.349788
0.349788
0.349797
0.349841
0.349888
0.349964
0.349967
0.349977
0.349983
0.350004
0.350063
0.350074
0.350081
0.350111
0.350111
0.350134
0.350146
0.350156
0.350157
0.350172
0.350177
0.350181
0.350194
0.350207
0.350214
0.350235
0.350281
0.35032
0.350323
0.35033
0.350358
0.35037
0.350383
0.350414
0.350415
0.350443
0.350446
0.350447
0.35046
0.350515
0.350543
0.350563
0.350573
0.350587
0.350597
0.3506
0.3506
0.350643
0.350644
0.350666
0.35069
0.350736
0.350737
0.350747
0.350755
0.35076
0.350774
0.350781
0.350797
0.350841
0.350847
0.350857
0.35086
0.350864
0.350873
0.350941
0.350968
0.350974
0.350977
0.350991
0.351013
0.351018
0.351025
0.35104
0.351064
0.351093
0.35113
0.351131
0.351163
0.35121
0.35122
0.351243
0.351246
0.35128
0.35132
0.35133
0.351334
0.351383
0.351414
0.35142
0.351447
0.351447
0.35146
0.351461
0.351473
0.351488
0.351501
0.351537
0.351577
0.351583
0.35159
0.351643
0.351668
0.35168
0.351761
0.351777
0.35178
0.35178
0.351781
0.351791
0.351831
0.351868
0.351931
0.351988
0.352004
0.352004
0.35202
0.352034
0.352038
0.352051
0.352058
0.35208
0.35208
0.352133
0.352147
0.352164
0.352176
0.35221
0.352223
0.35224
0.352251
0.352254
0.352284
0.352327
0.352328
0.35233
0.352333
0.35234
0.352357
0.352367
0.352377
0.352407
0.352433
0.352447
0.352448
0.352457
0.352474
0.35248
0.352513
0.352517
0.352534
0.352554
0.35258
0.35259
0.352596
0.352614
0.352627
0.352656
0.352697
0.352698
0.3527
0.35271
0.352714
0.352734
0.352737
0.352751
0.352761
0.35277
0.35277
0.352813
0.352818
0.35282
0.352876
0.352885
0.352885
0.352907
0.35293
0.352935
0.352953
0.35304
0.353041
0.353047
0.353066
0.353074
0.353168
0.353173
0.35318
0.353181
0.353197
0.353213
0.353221
0.35324
0.353286
0.353288
0.353298
0.353308
0.35331
0.353323
0.353335
0.35335
0.353364
0.353407
0.353414
0.35342
0.353466
0.353467
0.3535
0.353503
0.353537
0.35356
0.353587
0.353591
0.353593
0.353628
0.353641
0.353654
0.353654
0.35366
0.353665
0.353671
0.35368
0.353701
0.353724
0.353744
0.35377
0.35377
0.35378
0.353797
0.353818
0.353833
0.35384
0.353881
0.353894
0.3539
0.3539
0.35392
0.353967
0.353977
0.353987
0.354
0.35401
0.354034
0.354034
0.35405
0.354056
0.354066
0.35407
0.354073
0.354085
0.35409
0.354103
0.354121
0.354128
0.354137
0.354143
0.354144
0.354144
0.35416
0.354164
0.354167
0.354167
0.354247
0.354248
0.354293
0.354334
0.354347
0.354398
0.354417
0.354419
0.35443
0.354434
0.35444
0.354441
0.354444
0.35445
0.354467
0.354477
0.354507
0.354507
0.354534
0.35454
0.354544
0.35456
0.354577
0.3546
0.354607
0.35461
0.354624
0.354628
0.354631
0.354634
0.354636
0.354656
0.354684
0.35469
0.354717
0.354724
0.354727
0.354731
0.354731
0.354741
0.354803
0.354813
0.354834
0.35484
0.354867
0.354871
0.35488
0.35489
0.3549
0.354904
0.354915
0.354951
0.35496
0.354976
0.354987
0.35501
0.355023
0.355046
0.35506
0.355061
0.355074
0.355087
0.355093
0.355114
0.355117
0.355146
0.355163
0.355165
0.355167
0.3552
0.3552
0.355201
0.355217
0.355224
0.35524
0.355244
0.355247
0.355253
0.355261
0.355264
0.355273
0.35528
0.355284
0.3553
0.355304
0.355314
0.355317
0.355321
0.355327
0.355341
0.355347
0.355364
0.355368
0.35538
0.355383
0.355383
0.355394
0.355407
0.355413
0.355418
0.35543
0.35544
0.35547
0.35548
0.355513
0.35553
0.35556
0.355564
0.355577
0.355608
0.355614
0.355618
0.35562
0.35563
0.35563
0.355661
0.35568
0.355684
0.355697
0.355724
0.355726
0.355737
0.355746
0.355762
0.35578
0.355803
0.35583
0.35583
0.355843
0.35587
0.35588
0.355881
0.355933
0.355934
0.355971
0.356001
0.356004
0.35602
0.35605
0.356053
0.356053
0.356054
0.356058
0.35609
0.356101
0.356103
0.356123
0.356137
0.35615
0.356168
0.356214
0.356216
0.356223
0.356251
0.356293
0.3563
0.35631
0.35633
0.356361
0.356363
0.356371
0.356377
0.356397
0.356404
0.356413
0.356457
0.356484
0.356493
0.356504
0.35653
0.356534
0.356537
0.356543
0.356544
0.356544
0.35655
0.356551
0.356561
0.356564
0.356564
0.35657
0.35658
0.356614
0.356618
0.356637
0.35664
0.356643
0.356693
0.356693
0.356694
0.35671
0.356754
0.356758
0.356758
0.356763
0.356768
0.356771
0.356776
0.356781
0.356786
0.356803
0.356807
0.356807
0.356814
0.356824
0.356834
0.356864
0.356881
0.35689
0.35691
0.356911
0.35692
0.356925
0.356963
0.356996
0.356997
0.35701
0.357013
0.357017
0.357044
0.357047
0.357047
0.357047
0.357053
0.357057
0.3571
0.35711
0.357113
0.35712
0.357128
0.35714
0.357156
0.357187
0.357187
0.35719
0.357217
0.35722
0.35722
0.357235
0.357245
0.357261
0.35727
0.357285
0.357303
0.357316
0.35733
0.357356
0.357366
0.357367
0.357371
0.357373
0.357374
0.35738
0.357403
0.357404
0.357413
0.357418
0.357441
0.35745
0.357464
0.357486
0.357513
0.357531
0.357534
0.35754
0.357547
0.357561
0.357563
0.357564
0.357577
0.35758
0.357607
0.35762
0.357664
0.357684
0.357701
0.35773
0.357736
0.357764
0.357764
0.357781
0.357851
0.357867
0.357871
0.35788
0.35789
0.357907
0.357927
0.357934
0.357937
0.357957
0.357963
0.357967
0.357985
0.358007
0.35802
0.358031
0.358041
0.358063
0.358076
0.358094
0.358134
0.358147
0.35816
0.358161
0.358164
0.358197
0.358197
0.3582
0.358203
0.358228
0.358237
0.358254
0.35826
0.35827
0.358277
0.358307
0.358307
0.358307
0.35831
0.358314
0.358324
0.358328
0.35835
0.358357
0.358358
0.358371
0.358373
0.358424
0.358448
0.358466
0.358467
0.35847
0.358476
0.35848
0.3585
0.358513
0.358524
0.35853
0.358544
0.35855
0.35855
0.358554
0.35856
0.358568
0.358584
0.358584
0.35859
0.358594
0.358601
0.358623
0.35863
0.358631
0.358637
0.358647
0.358657
0.358658
0.358661
0.358671
0.358693
0.358701
0.358707
0.358716
0.358721
0.35874
0.358747
0.358758
0.35876
0.35877
0.358778
0.358781
0.35879
0.358791
0.358797
0.358797
0.358801
0.358803
0.35881
0.358831
0.358857
0.358861
0.35888
0.358896
0.358904
0.358905
0.358905
0.358907
0.35892
0.358931
0.358933
0.358961
0.358963
0.358974
0.358974
0.358975
0.358977
0.35898
0.359004
0.359054
0.35908
0.359086
0.359107
0.359137
0.359156
0.35919
0.359197
0.3592
0.359231
0.359281
0.359297
0.359331
0.359334
0.359341
0.359347
0.359361
0.359367
0.359367
0.359374
0.35941
0.359417
0.359417
0.359434
0.359434
0.359437
0.35944
0.35947
0.359473
0.359514
0.35954
0.3596
0.35961
0.359634
0.359664
0.35967
0.359671
0.359673
0.3597
0.35971
0.359716
0.359723
0.359733
0.359747
0.35975
0.359751
0.359751
0.359761
0.359773
0.359774
0.359781
0.359791
0.359807
0.359828
0.359841
0.359846
0.35985
0.359851
0.359855
0.359857
0.359906
0.359907
0.359913
0.359914
0.359918
0.35994
0.359951
0.35996
0.359964
0.359967
0.36
0.360003
0.360034
0.360041
0.360047
0.360077
0.360077
0.36009
0.36009
0.360113
0.360116
0.360117
0.360141
0.360161
0.360174
0.360186
0.360187
0.360194
0.360208
0.36023
0.360243
0.360257
0.360263
0.36027
0.360287
0.360288
0.360317
0.36032
0.36033
0.360337
0.36035
0.360363
0.360367
0.360367
0.360391
0.360397
0.360397
0.360398
0.3604
0.360407
0.36041
0.36041
0.360447
0.360497
0.360498
0.3605
0.360533
0.360537
0.360545
0.360547
0.36055
0.360614
0.360654
0.360664
0.360684
0.360694
0.360704
0.360718
0.36073
0.36074
0.360748
0.360783
0.360814
0.360831
0.360864
0.360865
0.360873
0.360873
0.360883
0.360883
0.360885
0.36089
0.360893
0.360897
0.360904
0.360906
0.360921
0.360924
0.360927
0.360927
0.360936
0.360937
0.360943
0.360944
0.360968
0.360971
0.360974
0.360984
0.360987
0.361004
0.361014
0.361017
0.361071
0.361091
0.361107
0.361117
0.361127
0.361147
0.361153
0.36116
0.361167
0.36117
0.361181
0.361186
0.361198
0.361215
0.361234
0.361237
0.361244
0.361254
0.361276
0.36128
0.361286
0.361297
0.361301
0.361304
0.361328
0.361348
0.361373
0.361393
0.361407
0.361427
0.361434
0.361437
0.36144
0.361443
0.361457
0.361465
0.36147
0.36148
0.36151
0.361523
0.361531
0.361561
0.361571
0.36158
0.36162
0.361624
0.361627
0.361631
0.361637
0.361664
0.361677
0.361683
0.361693
0.361698
0.3617
0.361706
0.361707
0.36173
0.36173
0.361738
0.36175
0.361754
0.361775
0.36178
0.361781
0.361784
0.361794
0.361818
0.361824
0.361843
0.361853
0.361877
0.361901
0.361924
0.36193
0.361978
0.361983
0.361994
0.361997
0.362031
0.362038
0.362046
0.362053
0.362053
0.362054
0.362054
0.362087
0.362101
0.362104
0.362108
0.362113
0.362124
0.362128
0.362137
0.36215
0.362161
0.362164
0.362177
0.36218
0.362184
0.362193
0.362196
0.362213
0.362217
0.362224
0.36225
0.362253
0.36226
0.36226
0.362266
0.362287
0.362293
0.362308
0.362317
0.362321
0.362334
0.362338
0.362343
0.362354
0.362357
0.36236
0.362361
0.36238
0.362383
0.362414
0.362451
0.362454
0.362467
0.36248
0.36248
0.362483
0.362513
0.362513
0.36253
0.362558
0.362561
0.362596
0.36262
0.362627
0.362627
0.362635
0.362643
0.362647
0.362654
0.362657
0.362688
0.362694
0.362697
0.362701
0.36272
0.362744
0.362751
0.362756
0.362764
0.362774
0.362777
0.36278
0.362783
0.362794
0.362814
0.362816
0.362817
0.362824
0.362826
0.362827
0.362834
0.362837
0.362841
0.362865
0.36289
0.362893
0.36291
0.362913
0.362913
0.36298
0.363004
0.36302
0.363031
0.36304
0.363047
0.363051
0.363103
0.363107
0.36313
0.363154
0.36317
0.363173
0.363183
0.363231
0.363231
0.363243
0.363258
0.363268
0.363273
0.363283
0.363297
0.3633
0.363307
0.36332
0.363326
0.36333
0.363334
0.363343
0.363343
0.363347
0.363348
0.36336
0.363376
0.36338
0.36338
0.363391
0.363397
0.363408
0.363433
0.363437
0.363476
0.363481
0.363483
0.363483
0.3635
0.363521
0.363523
0.363527
0.363531
0.363541
0.36357
0.363581
0.36359
0.363601
0.363611
0.363614
0.36362
0.363624
0.363627
0.363684
0.363693
0.363694
0.363696
0.363705
0.363723
0.363743
0.363758
0.363781
0.363791
0.363794
0.363795
0.363795
0.363797
0.3638
0.363811
0.36382
0.363822
0.363834
0.363847
0.363848
0.363853
0.363853
0.363854
0.363854
0.363858
0.36387
0.363887
0.363901
0.363908
0.363914
0.363927
0.36395
0.363983
0.36399
0.364007
0.364014
0.364017
0.364017
0.364034
0.364047
0.364065
0.364067
0.36408
0.364091
0.364107
0.36412
0.364123
0.364127
0.364143
0.364165
0.364183
0.364204
0.364213
0.364216
0.364218
0.364246
0.364253
0.364254
0.364268
0.364288
0.364301
0.364303
0.364307
0.364311
0.364313
0.36434
0.364341
0.364364
0.364407
0.36441
0.364413
0.364428
0.36443
0.36443
0.364434
0.36444
0.364453
0.364453
0.364456
0.364456
0.364462
0.364493
0.364537
0.364544
0.364546
0.364554
0.364556
0.36456
0.364561
0.36457
0.364587
0.3646
0.364624
0.364634
0.36464
0.36465
0.36466
0.364663
0.364666
0.364671
0.36468
0.364687
0.36469
0.364698
0.364701
0.364704
0.364707
0.364733
0.364734
0.364737
0.364741
0.364744
0.36475
0.364757
0.364767
0.364797
0.364804
0.36481
0.36483
0.36486
0.36486
0.364867
0.364868
0.364897
0.364897
0.364911
0.364917
0.364917
0.36492
0.364937
0.364943
0.364943
0.364944
0.364944
0.364953
0.364954
0.365001
0.365007
0.365008
0.365014
0.365021
0.365027
0.365034
0.36504
0.365041
0.36508
0.365081
0.365107
0.365124
0.365127
0.365147
0.365148
0.365153
0.365164
0.365173
0.365181
0.36519
0.365211
0.36522
0.36523
0.365263
0.365301
0.365303
0.365307
0.365314
0.365317
0.365325
0.365327
0.365357
0.365357
0.365364
0.36537
0.365376
0.365384
0.3654
0.365404
0.36542
0.365426
0.365458
0.365471
0.365496
0.365501
0.365501
0.365503
0.365506
0.365507
0.365517
0.36552
0.36553
0.365547
0.365547
0.365567
0.365591
0.365601
0.365622
0.365631
0.36568
0.365688
0.365694
0.365694
0.3657
0.3657
0.365704
0.365707
0.36571
0.36571
0.365711
0.36573
0.365767
0.365771
0.365797
0.365798
0.365813
0.365821
0.365828
0.365834
0.365857
0.365873
0.365878
0.365878
0.365927
0.36596
0.36596
0.365998
0.366
0.36601
0.36602
0.36602
0.366043
0.36605
0.366061
0.366063
0.366071
0.366077
0.366083
0.366097
0.366104
0.366111
0.366111
0.366117
0.366121
0.366123
0.366126
0.36615
0.366151
0.366159
0.366167
0.366174
0.366176
0.366177
0.366194
0.36621
0.36621
0.366267
0.366288
0.36633
0.36633
0.36633
0.366334
0.366334
0.366347
0.36636
0.366387
0.366393
0.36641
0.366414
0.366451
0.366461
0.366516
0.36653
0.366538
0.366544
0.366564
0.36658
0.366587
0.366593
0.366594
0.3666
0.3666
0.366614
0.366617
0.366621
0.366624
0.366624
0.366647
0.36665
0.366657
0.36666
0.366667
0.366707
0.36671
0.366724
0.366794
0.366813
0.366816
0.366824
0.366827
0.366827
0.366847
0.366847
0.36686
0.366874
0.366888
0.366903
0.366911
0.366911
0.366941
0.366943
0.366947
0.366948
0.366963
0.36697
0.366974
0.366983
0.366994
0.366997
0.367008
0.36705
0.367068
0.367125
0.36713
0.367133
0.367133
0.367134
0.367138
0.367143
0.36715
0.367158
0.36716
0.36716
0.36718
0.367201
0.367207
0.36721
0.36721
0.367215
0.367217
0.367223
0.367228
0.367241
0.367243
0.367253
0.367273
0.36729
0.367293
0.36731
0.367327
0.36733
0.367343
0.367358
0.367367
0.36737
0.367383
0.367387
0.36739
0.367396
0.367403
0.367404
0.367407
0.367407
0.367421
0.367434
0.367437
0.367451
0.367461
0.367463
0.36748
0.367484
0.3675
0.367517
0.367517
0.36753
0.36755
0.367554
0.367556
0.367574
0.367574
0.367581
0.367607
0.367613
0.36763
0.367644
0.367651
0.367678
0.367687
0.367691
0.367704
0.367704
0.367717
0.367736
0.367744
0.367764
0.367776
0.367784
0.367787
0.367794
0.367798
0.367814
0.367846
0.367854
0.367863
0.367868
0.36787
0.367877
0.36789
0.36789
0.367894
0.36791
0.36794
0.367951
0.36796
0.367977
0.367987
0.367997
0.368008
0.368015
0.368023
0.368034
0.368034
0.368046
0.368047
0.36805
0.36806
0.368087
0.368103
0.368105
0.36812
0.368124
0.368124
0.36814
0.368145
0.368167
0.368167
0.368184
0.368194
0.368213
0.368216
0.368218
0.36822
0.368226
0.368237
0.368263
0.36827
0.368313
0.368313
0.36836
0.368364
0.368386
0.368421
0.36843
0.368434
0.368436
0.368436
0.368444
0.36845
0.368458
0.36847
0.368484
0.368491
0.368497
0.368504
0.368554
0.36856
0.368587
0.3686
0.36861
0.36863
0.368644
0.368658
0.368661
0.368673
0.368674
0.368693
0.36871
0.368717
0.368724
0.368724
0.36874
0.36874
0.368767
0.368768
0.368788
0.36881
0.368825
0.368853
0.368863
0.36888
0.368884
0.368896
0.368913
0.36892
0.368927
0.368944
0.368957
0.36896
0.36898
0.36898
0.368993
0.368994
0.368997
0.36901
0.369013
0.369028
0.369034
0.369036
0.369044
0.36905
0.369057
0.369094
0.369101
0.369103
0.369111
0.369117
0.369121
0.369136
0.369147
0.369158
0.369161
0.36918
0.369186
0.369201
0.369203
0.369231
0.36924
0.369241
0.369277
0.369284
0.369285
0.369298
0.369306
0.36931
0.369321
0.369337
0.369341
0.369357
0.369401
0.369407
0.369417
0.369434
0.369453
0.369454
0.369474
0.369477
0.369477
0.369494
0.369497
0.3695
0.369501
0.369506
0.36951
0.369518
0.369531
0.36954
0.369557
0.369583
0.369588
0.36959
0.369591
0.369604
0.369615
0.369617
0.369627
0.369663
0.369673
0.369746
0.369747
0.36976
0.36976
0.369781
0.369784
0.369784
0.369804
0.369804
0.369807
0.369807
0.369814
0.369821
0.369831
0.369854
0.369863
0.369867
0.369877
0.369877
0.369884
0.3699
0.369907
0.36995
0.36995
0.369961
0.36997
0.37
0.370006
0.370017
0.37003
0.370057
0.370089
0.370106
0.370107
0.370117
0.370124
0.370134
0.370156
0.3702
0.370218
0.370223
0.370226
0.37023
0.37023
0.370233
0.370243
0.370244
0.37026
0.370274
0.370283
0.370284
0.370287
0.370291
0.370304
0.370323
0.370354
0.370376
0.370378
0.37039
0.370393
0.370394
0.3704
0.370421
0.370421
0.370436
0.37044
0.370458
0.370464
0.370464
0.370491
0.370494
0.370494
0.370507
0.370527
0.370533
0.370534
0.370554
0.370564
0.370574
0.370576
0.370577
0.370607
0.370617
0.370633
0.370637
0.370661
0.370661
0.370695
0.370727
0.370743
0.370761
0.370778
0.37078
0.370783
0.370788
0.370797
0.370818
0.370824
0.370837
0.37085
0.370874
0.370894
0.370918
0.370928
0.370953
0.370957
0.370961
0.37099
0.370996
0.370997
0.371033
0.371048
0.371054
0.371098
0.371107
0.371108
0.37115
0.371153
0.37117
0.37117
0.37119
0.37122
0.371225
0.371251
0.371263
0.37127
0.371273
0.371297
0.3713
0.371306
0.37132
0.371324
0.371364
0.37138
0.371401
0.371411
0.371414
0.37142
0.371457
0.37147
0.37148
0.371488
0.371493
0.371498
0.3715
0.37151
0.37152
0.37153
0.371533
0.371541
0.371546
0.371551
0.371574
0.371597
0.371597
0.371597
0.371613
0.371647
0.371657
0.37167
0.371671
0.371701
0.371724
0.371724
0.371727
0.371728
0.371735
0.371736
0.371737
0.371741
0.371753
0.371754
0.371774
0.37178
0.37181
0.371828
0.371834
0.371843
0.371854
0.371857
0.37186
0.371867
0.371875
0.371888
0.371908
0.371918
0.37193
0.371937
0.37194
0.371971
0.371984
0.371984
0.37199
0.372006
0.372007
0.372027
0.372038
0.372077
0.37209
0.37212
0.372123
0.372124
0.372143
0.372163
0.372173
0.37218
0.372211
0.372231
0.372231
0.372234
0.37224
0.372253
0.372253
0.372264
0.372284
0.372297
0.372301
0.372313
0.372314
0.372321
0.372323
0.372366
0.372381
0.372384
0.372443
0.372447
0.372451
0.372497
0.372513
0.372557
0.37259
0.3726
0.372607
0.372617
0.37262
0.372634
0.372634
0.372636
0.372641
0.372651
0.37266
0.372661
0.372666
0.372684
0.372696
0.372724
0.372724
0.37275
0.37277
0.37278
0.37278
0.37278
0.372784
0.37281
0.372854
0.372867
0.372867
0.372874
0.372877
0.372877
0.372878
0.37288
0.372901
0.372907
0.372907
0.37291
0.372924
0.372924
0.372926
0.372927
0.372953
0.372988
0.37299
0.373015
0.373023
0.373043
0.373047
0.373071
0.373074
0.373077
0.373087
0.373087
0.373126
0.373154
0.37319
0.373221
0.37323
0.37325
0.373254
0.373258
0.373274
0.373293
0.373324
0.373324
0.373334
0.37335
0.373357
0.373367
0.373367
0.37337
0.373383
0.373403
0.373405
0.373407
0.373424
0.373448
0.37347
0.373514
0.373537
0.37354
0.373545
0.373567
0.373571
0.373584
0.373591
0.373609
0.373616
0.373627
0.373647
0.373654
0.373657
0.373674
0.373681
0.3737
0.373701
0.373707
0.373711
0.37372
0.373746
0.373754
0.373754
0.37377
0.373771
0.373773
0.3738
0.373807
0.373807
0.373811
0.373831
0.37388
0.373891
0.373903
0.373914
0.373927
0.373958
0.373962
0.37398
0.374014
0.374023
0.374034
0.374044
0.374044
0.374057
0.374084
0.374091
0.374091
0.374094
0.374108
0.374113
0.37419
0.374191
0.374227
0.37424
0.374247
0.374254
0.374275
0.374281
0.374291
0.374301
0.374367
0.374394
0.374407
0.374407
0.374414
0.374437
0.374474
0.374495
0.374503
0.374505
0.374513
0.374526
0.37453
0.374566
0.37457
0.374571
0.374581
0.374586
0.374591
0.374613
0.374616
0.37462
0.37463
0.374643
0.374643
0.374657
0.374666
0.374688
0.374694
0.374706
0.374711
0.374754
0.374797
0.374804
0.374813
0.37482
0.374824
0.374834
0.374842
0.374843
0.374867
0.374887
0.37489
0.37491
0.374918
0.374923
0.374931
0.374934
0.374937
0.37494
0.374958
0.374968
0.374974
0.374983
0.374991
0.375011
0.37502
0.375026
0.37503
0.375033
0.375034
0.375034
0.375044
0.375064
0.375066
0.37507
0.375107
0.375114
0.37512
0.37513
0.375134
0.375134
0.375163
0.375167
0.375173
0.375194
0.375207
0.375218
0.375234
0.375241
0.375257
0.375267
0.37527
0.375291
0.375311
0.375328
0.37533
0.375338
0.37535
0.375371
0.375377
0.375427
0.375436
0.37545
0.37547
0.375473
0.37549
0.375547
0.37555
0.375554
0.375561
0.375567
0.375584
0.375585
0.375585
0.375586
0.375587
0.37561
0.375647
0.375657
0.375676
0.375678
0.375683
0.375687
0.3757
0.375727
0.375734
0.375747
0.375751
0.375763
0.375767
0.37579
0.37581
0.37582
0.375848
0.375856
0.375875
0.37588
0.375904
0.375907
0.37592
0.37593
0.375931
0.37594
0.375954
0.375961
0.375983
0.37599
0.376
0.376001
0.376004
0.37602
0.37603
0.37604
0.376058
0.376061
0.37607
0.376084
0.376096
0.37611
0.376113
0.376117
0.37612
0.376123
0.376133
0.376144
0.37615
0.376164
0.376187
0.376197
0.376217
0.37622
0.376228
0.376266
0.376297
0.3763
0.376303
0.376311
0.376344
0.376357
0.376364
0.376367
0.376371
0.376371
0.376377
0.376414
0.376414
0.376417
0.376417
0.37642
0.376447
0.376454
0.376481
0.37652
0.376526
0.37654
0.376554
0.37656
0.376561
0.376563
0.376573
0.37658
0.37659
0.376647
0.376654
0.37666
0.376693
0.376708
0.376708
0.376712
0.376715
0.37672
0.37674
0.37674
0.376748
0.376757
0.376761
0.376763
0.376777
0.376787
0.376807
0.37684
0.376853
0.376877
0.37688
0.37688
0.376884
0.376898
0.376906
0.376917
0.37692
0.376924
0.376925
0.376943
0.376947
0.376975
0.376993
0.376994
0.377017
0.377024
0.377028
0.377038
0.37705
0.377063
0.377091
0.377091
0.377097
0.377104
0.377106
0.377117
0.377133
0.377143
0.377166
0.377173
0.377177
0.377193
0.377197
0.377216
0.377261
0.377261
0.377263
0.377264
0.377273
0.377277
0.37728
0.377293
0.377334
0.377351
0.377364
0.37737
0.377383
0.377383
0.377384
0.377389
0.37739
0.377406
0.37741
0.37741
0.377417
0.37745
0.377457
0.377487
0.37749
0.377504
0.377508
0.377523
0.377523
0.377523
0.377536
0.377541
0.377544
0.377574
0.377591
0.377605
0.377611
0.377641
0.37766
0.377661
0.37768
0.377695
0.377696
0.37773
0.37773
0.37774
0.377747
0.377757
0.377776
0.37778
0.377793
0.377797
0.37781
0.377813
0.377813
0.377841
0.377843
0.377854
0.377871
0.377884
0.377894
0.377936
0.377944
0.37795
0.377953
0.377974
0.377991
0.378004
0.378014
0.37802
0.37802
0.378033
0.378037
0.378064
0.378104
0.378105
0.378133
0.37814
0.378153
0.378167
0.378191
0.378194
0.378217
0.378217
0.378233
0.37824
0.378267
0.37827
0.378271
0.378274
0.378276
0.378277
0.378294
0.378294
0.37831
0.378311
0.378317
0.37832
0.378323
0.378334
0.37834
0.378344
0.378381
0.37839
0.378421
0.378424
0.378434
0.37844
0.378444
0.378468
0.378498
0.378501
0.378501
0.378504
0.378507
0.378514
0.378514
0.378521
0.378527
0.378531
0.378531
0.37855
0.37857
0.378573
0.378574
0.37858
0.378587
0.378603
0.37861
0.378623
0.378634
0.378634
0.378641
0.378641
0.37865
0.37867
0.378697
0.378724
0.378737
0.378753
0.378771
0.378796
0.378797
0.378798
0.37882
0.378827
0.378831
0.378837
0.378876
0.37888
0.378893
0.378931
0.37894
0.378947
0.378953
0.378953
0.378963
0.37898
0.378993
0.379001
0.37901
0.37904
0.379043
0.379047
0.379048
0.37905
0.379074
0.379084
0.379103
0.37911
0.379114
0.37915
0.379157
0.379157
0.379157
0.379191
0.379193
0.379201
0.379203
0.379224
0.379241
0.37925
0.379256
0.379273
0.379307
0.379308
0.37931
0.379314
0.379333
0.379347
0.37937
0.379373
0.379373
0.379377
0.379387
0.379407
0.37941
0.379433
0.379436
0.379437
0.379437
0.379444
0.379473
0.379473
0.3795
0.379507
0.37953
0.379538
0.37955
0.379555
0.37958
0.379586
0.379593
0.379604
0.37961
0.379614
0.37962
0.379646
0.37966
0.379668
0.379691
0.379691
0.379694
0.379724
0.379751
0.379757
0.379761
0.379766
0.37978
0.379783
0.3798
0.379807
0.379807
0.37981
0.379817
0.37983
0.379837
0.379844
0.379846
0.379848
0.37985
0.379857
0.379866
0.379868
0.379876
0.37988
0.37989
0.379891
0.3799
0.379921
0.37998
0.37998
0.379984
0.379986
0.37999
0.379991
0.380001
0.38001
0.380028
0.38004
0.38004
0.380067
0.38007
0.38007
0.380071
0.38008
0.380084
0.380104
0.380107
0.38012
0.38013
0.380136
0.380168
0.380177
0.380186
0.380197
0.380204
0.380227
0.380243
0.380244
0.380261
0.380294
0.380298
0.380303
0.380326
0.38036
0.38038
0.380407
0.380476
0.38051
0.380564
0.380567
0.38057
0.38058
0.380583
0.380601
0.380613
0.380641
0.380646
0.380646
0.380657
0.380658
0.38068
0.380684
0.380695
0.380744
0.380751
0.380751
0.380766
0.380785
0.380803
0.380803
0.380814
0.38082
0.380834
0.380851
0.380861
0.380861
0.380868
0.380887
0.38089
0.3809
0.380904
0.380904
0.380923
0.380951
0.380955
0.380956
0.380958
0.380984
0.380993
0.380998
0.381024
0.38104
0.38104
0.381067
0.38107
0.381081
0.381097
0.3811
0.381101
0.381104
0.381106
0.381116
0.38113
0.381143
0.381143
0.381148
0.381153
0.381154
0.381177
0.38118
0.381184
0.381184
0.381187
0.38119
0.381201
0.381217
0.381247
0.38125
0.381254
0.381285
0.381295
0.381298
0.3813
0.381303
0.381317
0.38135
0.381354
0.381368
0.38137
0.381373
0.381381
0.381427
0.381441
0.381451
0.381451
0.38153
0.381537
0.381577
0.381587
0.381594
0.381597
0.381605
0.381614
0.381641
0.381646
0.381653
0.381653
0.381657
0.381665
0.38167
0.381671
0.381684
0.381697
0.381714
0.381724
0.38173
0.381745
0.381788
0.381801
0.38181
0.381828
0.38183
0.381833
0.38184
0.381841
0.381863
0.381867
0.381884
0.381893
0.381901
0.381904
0.381951
0.381963
0.381974
0.381993
0.381994
0.381994
0.382028
0.382054
0.382064
0.382066
0.382068
0.38207
0.382095
0.382097
0.382118
0.382127
0.382141
0.382148
0.382167
0.382173
0.382178
0.38218
0.382197
0.3822
0.382203
0.382223
0.382224
0.382264
0.382313
0.382314
0.382333
0.382334
0.38234
0.382374
0.382377
0.382385
0.38239
0.382413
0.382414
0.382424
0.382443
0.382464
0.382466
0.382473
0.382474
0.382475
0.3825
0.382521
0.382531
0.382541
0.38256
0.382564
0.382571
0.382573
0.382573
0.382596
0.382604
0.382607
0.382638
0.382641
0.382658
0.382664
0.382673
0.38268
0.38269
0.382714
0.38272
0.382737
0.382737
0.38276
0.382767
0.382783
0.382797
0.382803
0.382827
0.382834
0.382847
0.38285
0.382857
0.38287
0.38288
0.382888
0.382891
0.382898
0.382916
0.382917
0.382927
0.382943
0.38295
0.382965
0.382974
0.382984
0.382986
0.382998
0.383017
0.383034
0.383073
0.383087
0.383087
0.383104
0.383114
0.383118
0.383147
0.38315
0.38315
0.383167
0.38317
0.383178
0.383183
0.383184
0.383203
0.383207
0.383216
0.383257
0.383277
0.383294
0.383297
0.383311
0.383321
0.383324
0.38333
0.383344
0.383347
0.383357
0.38336
0.383378
0.383401
0.383403
0.383407
0.383407
0.383408
0.383417
0.383467
0.383511
0.383511
0.383523
0.38353
0.38354
0.383554
0.383585
0.383617
0.383627
0.383634
0.383637
0.383643
0.383644
0.38366
0.383674
0.383694
0.383697
0.383714
0.38373
0.383746
0.383754
0.383764
0.38378
0.383781
0.383787
0.383791
0.3838
0.383823
0.383835
0.38384
0.383875
0.383904
0.383917
0.38392
0.383931
0.38394
0.383954
0.383984
0.38399
0.38404
0.384068
0.384093
0.384111
0.384111
0.384133
0.38414
0.384178
0.38419
0.384207
0.384226
0.384227
0.384243
0.384307
0.384318
0.384322
0.384334
0.38434
0.38435
0.384371
0.384373
0.384377
0.384387
0.384388
0.384407
0.38441
0.38441
0.384446
0.384448
0.38449
0.38449
0.384507
0.38451
0.384527
0.384544
0.384551
0.384574
0.384601
0.384603
0.384603
0.384617
0.384638
0.384645
0.384664
0.384677
0.384677
0.384687
0.384696
0.3847
0.384727
0.38475
0.38476
0.384764
0.384785
0.384796
0.384801
0.384834
0.384884
0.384887
0.38489
0.384894
0.384901
0.38491
0.38491
0.384921
0.384974
0.384977
0.384987
0.384991
0.384991
0.385007
0.38501
0.385024
0.385031
0.385043
0.385047
0.38506
0.385093
0.3851
0.385163
0.385167
0.385168
0.385193
0.385207
0.38521
0.385214
0.38522
0.385241
0.385246
0.385247
0.385251
0.385271
0.385297
0.38532
0.385327
0.385363
0.385407
0.385407
0.385415
0.385427
0.38544
0.385447
0.385453
0.385466
0.38547
0.385471
0.385473
0.38549
0.385498
0.385513
0.38553
0.385537
0.385543
0.385544
0.385545
0.385553
0.385561
0.385573
0.385576
0.38558
0.385596
0.385626
0.385627
0.385658
0.385711
0.385723
0.385747
0.385753
0.385754
0.385778
0.38579
0.385873
0.385884
0.385894
0.385896
0.38591
0.38592
0.38593
0.385931
0.385934
0.385943
0.38595
0.385957
0.38597
0.385977
0.38603
0.386033
0.386034
0.386037
0.386041
0.386048
0.38605
0.38606
0.386063
0.386064
0.386074
0.386088
0.38611
0.386114
0.38612
0.386125
0.38615
0.386154
0.38616
0.386161
0.386163
0.386167
0.38618
0.38618
0.386194
0.38621
0.386267
0.386273
0.386287
0.386317
0.386318
0.386336
0.386337
0.386337
0.386338
0.386344
0.38635
0.386364
0.386377
0.3864
0.386401
0.386413
0.38642
0.386421
0.386427
0.386431
0.386433
0.386468
0.386496
0.386504
0.386514
0.386514
0.386517
0.386548
0.386564
0.386578
0.38658
0.38659
0.38659
0.38662
0.386643
0.386651
0.38666
0.386703
0.386704
0.386727
0.38673
0.386736
0.38677
0.386771
0.386778
0.38679
0.386807
0.386811
0.386824
0.386827
0.386851
0.386874
0.386886
0.386894
0.386904
0.38691
0.386911
0.386917
0.386927
0.386941
0.386944
0.387017
0.38702
0.387024
0.387026
0.387033
0.387088
0.387096
0.387107
0.38712
0.387124
0.38713
0.387134
0.38714
0.387141
0.38715
0.38716
0.387198
0.3872
0.387211
0.38722
0.387233
0.38725
0.387253
0.387261
0.387315
0.38732
0.387344
0.387345
0.38735
0.387357
0.38738
0.387386
0.387404
0.387413
0.387413
0.387417
0.387427
0.387427
0.38743
0.387434
0.38744
0.387447
0.387453
0.387463
0.387464
0.387488
0.387507
0.387517
0.387548
0.38755
0.387553
0.387573
0.38758
0.387591
0.387591
0.387593
0.387594
0.387597
0.387601
0.387617
0.387624
0.387626
0.387634
0.387634
0.387668
0.38767
0.387674
0.38768
0.387684
0.387701
0.38771
0.387737
0.387745
0.387757
0.38783
0.387837
0.387837
0.387843
0.387843
0.387855
0.387857
0.387861
0.38791
0.387927
0.38793
0.387937
0.387941
0.387943
0.38795
0.387954
0.387963
0.387964
0.387987
0.387994
0.388024
0.388038
0.38804
0.38804
0.388044
0.38805
0.38806
0.388103
0.388107
0.388137
0.388145
0.388228
0.388241
0.38825
0.388254
0.388284
0.388294
0.38831
0.388314
0.388315
0.388341
0.388368
0.38838
0.388397
0.388414
0.388463
0.388478
0.388483
0.388486
0.388487
0.388495
0.388497
0.388517
0.388544
0.388547
0.38858
0.388587
0.388591
0.388593
0.388623
0.388627
0.388637
0.388638
0.388641
0.388644
0.388648
0.388648
0.388661
0.38867
0.388694
0.38873
0.38874
0.388744
0.388756
0.388797
0.38881
0.38884
0.388844
0.388847
0.388854
0.388861
0.388863
0.388864
0.388871
0.388888
0.388907
0.38893
0.388931
0.388933
0.38894
0.38894
0.388963
0.388966
0.388996
0.389018
0.389021
0.389033
0.38904
0.389068
0.389087
0.389093
0.389104
0.389116
0.389123
0.389134
0.389163
0.389175
0.389183
0.389204
0.389217
0.389227
0.38923
0.389234
0.389234
0.389244
0.389264
0.389275
0.389296
0.389311
0.389324
0.389343
0.389347
0.389348
0.389357
0.38937
0.389417
0.389423
0.389427
0.389471
0.389474
0.389483
0.389498
0.389533
0.389537
0.389545
0.38956
0.389564
0.389577
0.389608
0.38961
0.389616
0.38962
0.389647
0.389664
0.389671
0.389694
0.389701
0.389728
0.389731
0.389737
0.389743
0.389754
0.389767
0.38977
0.389793
0.389794
0.389811
0.389814
0.389817
0.389827
0.38983
0.389831
0.389834
0.389837
0.389877
0.389881
0.389887
0.389893
0.389894
0.3899
0.389903
0.389905
0.389923
0.389933
0.389941
0.389944
0.389961
0.389973
0.389994
0.39004
0.390061
0.3901
0.390104
0.390105
0.390107
0.390116
0.390135
0.39015
0.390161
0.390164
0.390177
0.390214
0.390231
0.390231
0.390234
0.39024
0.39024
0.390243
0.390261
0.39027
0.390274
0.39028
0.390287
0.390287
0.390291
0.390303
0.39033
0.390337
0.390374
0.390375
0.390386
0.390398
0.3904
0.390404
0.390431
0.39045
0.39045
0.390463
0.390491
0.390493
0.390496
0.390506
0.390507
0.39052
0.39055
0.390567
0.390586
0.390601
0.390607
0.390623
0.390627
0.39063
0.390646
0.39066
0.390701
0.390706
0.390707
0.390713
0.390724
0.390734
0.39074
0.390774
0.39078
0.390788
0.390793
0.390794
0.390813
0.390817
0.39082
0.390824
0.39083
0.390847
0.39085
0.390856
0.39087
0.390901
0.390907
0.390916
0.390941
0.390945
0.39096
0.390971
0.39098
0.390995
0.391043
0.391044
0.391046
0.391047
0.391047
0.39107
0.391078
0.391117
0.39112
0.39112
0.391134
0.391154
0.391163
0.391167
0.39117
0.391181
0.391183
0.391221
0.39123
0.39125
0.391264
0.391267
0.39128
0.391287
0.391298
0.39131
0.391311
0.391348
0.391357
0.3914
0.391441
0.391447
0.391464
0.391471
0.391474
0.391486
0.391513
0.391543
0.391553
0.39157
0.391571
0.391587
0.391594
0.391611
0.391617
0.391633
0.391664
0.391683
0.391693
0.391694
0.391701
0.391704
0.391727
0.39176
0.39176
0.391764
0.391767
0.391773
0.391777
0.391779
0.391781
0.391804
0.391804
0.39181
0.391813
0.391814
0.391814
0.39182
0.391826
0.391836
0.391854
0.391885
0.39189
0.391897
0.391905
0.39192
0.391923
0.391924
0.391933
0.391937
0.391944
0.391945
0.391951
0.39196
0.391977
0.391987
0.392007
0.392015
0.392037
0.39204
0.392054
0.392061
0.392065
0.392066
0.392087
0.392143
0.392153
0.392157
0.39217
0.392187
0.392194
0.392194
0.392201
0.392217
0.392224
0.392231
0.392247
0.392251
0.392263
0.392264
0.392278
0.39229
0.392324
0.392347
0.392347
0.39236
0.39236
0.392373
0.39241
0.392414
0.392424
0.392441
0.392456
0.392475
0.392476
0.392478
0.392494
0.3925
0.392507
0.39252
0.39253
0.392537
0.39254
0.392548
0.392556
0.392567
0.392574
0.392583
0.392594
0.3926
0.392611
0.39262
0.392637
0.39265
0.392677
0.392684
0.392686
0.392697
0.3927
0.392734
0.392777
0.392784
0.39279
0.392793
0.392794
0.392804
0.39283
0.39285
0.392873
0.39288
0.392901
0.392907
0.392907
0.392917
0.392923
0.39293
0.392936
0.392947
0.392948
0.392953
0.392967
0.392978
0.392983
0.392993
0.393
0.393004
0.393013
0.393031
0.393037
0.393044
0.39305
0.39305
0.39305
0.393064
0.393067
0.393068
0.393087
0.393094
0.393094
0.39311
0.393111
0.393134
0.393134
0.393134
0.393141
0.393144
0.393147
0.393156
0.393157
0.393158
0.393193
0.393204
0.393206
0.393214
0.393214
0.393224
0.393264
0.39329
0.39329
0.393294
0.393351
0.39336
0.393366
0.39337
0.393374
0.39338
0.39342
0.393421
0.393421
0.393427
0.39346
0.393463
0.39349
0.393524
0.393531
0.393544
0.393564
0.393567
0.393571
0.393576
0.39358
0.393614
0.393614
0.393643
0.39366
0.39368
0.393685
0.39369
0.393697
0.393721
0.393737
0.393737
0.39379
0.393843
0.393844
0.393851
0.393858
0.393861
0.393867
0.393877
0.393887
0.393893
0.393894
0.393897
0.393908
0.393921
0.393921
0.393954
0.393955
0.393963
0.393964
0.393996
0.394001
0.394014
0.394024
0.39405
0.394054
0.394061
0.394064
0.394074
0.394077
0.394078
0.394085
0.394093
0.394094
0.394114
0.39412
0.394144
0.394147
0.39415
0.394156
0.39417
0.394184
0.394186
0.39419
0.394197
0.394208
0.394211
0.394214
0.394221
0.394238
0.394241
0.394243
0.394253
0.394258
0.39426
0.394263
0.394268
0.39428
0.394283
0.394286
0.394291
0.394327
0.394334
0.394334
0.394336
0.39437
0.394397
0.394403
0.394423
0.394431
0.394433
0.394437
0.394451
0.394467
0.394483
0.394508
0.394517
0.39452
0.394527
0.39453
0.394537
0.394541
0.39455
0.394567
0.394584
0.394593
0.394594
0.394597
0.3946
0.394607
0.39462
0.394621
0.394631
0.394664
0.394694
0.3947
0.394724
0.394757
0.394777
0.394777
0.394785
0.394808
0.394811
0.394816
0.394828
0.394836
0.394853
0.394857
0.39486
0.394864
0.394864
0.39489
0.394915
0.39492
0.39493
0.394944
0.39495
0.394951
0.394963
0.39497
0.394974
0.39501
0.395014
0.395021
0.395036
0.395037
0.39507
0.395077
0.395087
0.395107
0.395116
0.395123
0.395141
0.395147
0.395158
0.395166
0.39517
0.39518
0.3952
0.3952
0.395201
0.39521
0.395224
0.395244
0.395248
0.395253
0.395263
0.395267
0.395286
0.395288
0.39529
0.395291
0.395293
0.395298
0.395304
0.395307
0.39533
0.395334
0.395356
0.395357
0.395363
0.395367
0.395405
0.395407
0.39541
0.395423
0.395427
0.395434
0.39547
0.395476
0.395498
0.395498
0.395514
0.395514
0.395516
0.395534
0.395541
0.395557
0.395573
0.395587
0.39559
0.395607
0.39561
0.395635
0.395653
0.395681
0.395686
0.395688
0.395691
0.395697
0.395704
0.395734
0.395735
0.395738
0.395741
0.395743
0.395743
0.395753
0.39576
0.395761
0.395764
0.39577
0.395774
0.395777
0.395777
0.395784
0.395791
0.395804
0.39581
0.395814
0.395824
0.395853
0.395867
0.395871
0.395878
0.395886
0.395891
0.395917
0.395967
0.395983
0.396018
0.396023
0.396033
0.396038
0.396053
0.396058
0.396093
0.396097
0.396104
0.396114
0.396135
0.396141
0.39616
0.396174
0.396183
0.396187
0.39619
0.396195
0.396197
0.396214
0.396227
0.396264
0.396267
0.39629
0.39629
0.396293
0.396294
0.39631
0.396324
0.39633
0.396333
0.396367
0.396371
0.396378
0.396384
0.396397
0.396401
0.396407
0.396417
0.396417
0.396437
0.396447
0.396454
0.396459
0.396483
0.3965
0.396507
0.396511
0.396571
0.396576
0.396581
0.396583
0.396583
0.396585
0.396587
0.396594
0.3966
0.396604
0.396608
0.396611
0.396613
0.396627
0.39663
0.396634
0.39664
0.39666
0.396667
0.396673
0.396673
0.396685
0.39669
0.396697
0.396703
0.396707
0.39671
0.396711
0.39673
0.396737
0.396754
0.39679
0.396791
0.396816
0.39684
0.396853
0.396869
0.3969
0.396907
0.396944
0.396953
0.396974
0.396977
0.39699
0.39699
0.396993
0.397014
0.397017
0.397024
0.397034
0.39705
0.397068
0.39707
0.39708
0.397103
0.397157
0.397171
0.397174
0.397176
0.397181
0.397181
0.397181
0.397213
0.397217
0.397261
0.397283
0.397328
0.397331
0.397347
0.397364
0.397377
0.39738
0.397413
0.39743
0.397453
0.397474
0.39748
0.39749
0.397498
0.397523
0.397526
0.397541
0.397554
0.397561
0.397567
0.397574
0.397578
0.39758
0.39759
0.397593
0.397607
0.39762
0.397633
0.397651
0.39766
0.397673
0.397677
0.397698
0.3977
0.397747
0.39775
0.397773
0.397779
0.397784
0.397786
0.397808
0.397818
0.39784
0.397845
0.397854
0.397861
0.397884
0.397914
0.397936
0.39794
0.39794
0.39796
0.397961
0.397966
0.397967
0.397985
0.39799
0.398014
0.398053
0.398054
0.39806
0.398063
0.398081
0.398083
0.398094
0.398106
0.39812
0.398126
0.398127
0.398144
0.39815
0.398247
0.398253
0.39827
0.398307
0.39831
0.398314
0.39832
0.398323
0.398333
0.398334
0.398341
0.398347
0.39836
0.398388
0.398391
0.398404
0.398423
0.39844
0.398444
0.398454
0.398458
0.398467
0.398468
0.398484
0.3985
0.398508
0.39852
0.398544
0.398544
0.398547
0.398561
0.398567
0.398576
0.39858
0.398594
0.398607
0.398633
0.398641
0.39865
0.398651
0.398657
0.398664
0.398674
0.398685
0.398714
0.39875
0.398756
0.39877
0.39877
0.398771
0.398784
0.39883
0.398848
0.398853
0.39889
0.39889
0.398895
0.398896
0.39892
0.398931
0.398946
0.398954
0.398961
0.398987
0.398994
0.398997
0.399014
0.399027
0.399035
0.399056
0.399067
0.399081
0.399087
0.3991
0.399111
0.399111
0.399127
0.399144
0.399154
0.399157
0.399161
0.399164
0.399166
0.399203
0.399218
0.399283
0.399284
0.399287
0.39931
0.399318
0.399347
0.399363
0.399374
0.399377
0.39938
0.39939
0.399404
0.39941
0.399424
0.399427
0.399467
0.399489
0.399513
0.399531
0.399543
0.399547
0.39956
0.399561
0.399581
0.39959
0.399597
0.399617
0.399624
0.399627
0.399643
0.399646
0.399658
0.399663
0.399674
0.399687
0.399693
0.39971
0.399723
0.399724
0.399735
0.399737
0.399738
0.39976
0.39976
0.39977
0.39983
0.39983
0.399834
0.399837
0.399843
0.399847
0.399848
0.399851
0.399854
0.399864
0.399876
0.399877
0.399893
0.399894
0.399907
0.399936
0.39994
0.399947
0.399956
0.399964
0.399966
0.399997
0.4
0.400047
0.400061
0.400063
0.40007
0.400084
0.40011
0.400124
0.400126
0.400164
0.4002
0.400204
0.400214
0.40024
0.400258
0.400278
0.400278
0.400304
0.400334
0.40034
0.400347
0.40035
0.40035
0.400367
0.400367
0.400367
0.400374
0.400396
0.400403
0.400406
0.40041
0.400414
0.400428
0.400444
0.400454
0.400457
0.40046
0.400467
0.40047
0.400493
0.4005
0.400524
0.400533
0.400554
0.400593
0.400594
0.400598
0.400615
0.400616
0.400634
0.400664
0.400693
0.400708
0.400711
0.400733
0.400744
0.400753
0.400753
0.400806
0.40081
0.40081
0.400815
0.400817
0.400821
0.400835
0.400837
0.400854
0.40088
0.400888
0.40089
0.40089
0.400898
0.400911
0.400918
0.400927
0.400973
0.401004
0.401007
0.401013
0.401027
0.401058
0.401064
0.401067
0.401067
0.401097
0.401105
0.401105
0.401143
0.401144
0.401151
0.401164
0.40119
0.40119
0.401197
0.40121
0.40121
0.401227
0.401234
0.401237
0.401237
0.40125
0.40125
0.401271
0.401277
0.401284
0.401287
0.401304
0.401311
0.401324
0.401331
0.40135
0.401354
0.401357
0.40136
0.401374
0.401377
0.401427
0.401451
0.401471
0.401483
0.401487
0.401496
0.401497
0.401508
0.40151
0.401527
0.401538
0.401547
0.401548
0.40159
0.401627
0.401641
0.401663
0.401686
0.40173
0.401733
0.401763
0.401774
0.401806
0.40183
0.401843
0.401877
0.401893
0.401917
0.40192
0.401958
0.401987
0.402007
0.402027
0.40203
0.402033
0.402036
0.40204
0.40208
0.402133
0.402134
0.402151
0.402178
0.402184
0.40219
0.402197
0.402201
0.402203
0.40222
0.40223
0.402247
0.40225
0.402301
0.402307
0.402314
0.402317
0.402327
0.402334
0.402354
0.402377
0.40238
0.402386
0.4024
0.402411
0.402417
0.402453
0.402473
0.40248
0.402494
0.402505
0.402543
0.402594
0.4026
0.402604
0.402617
0.402651
0.402704
0.40271
0.402726
0.402727
0.40273
0.40273
0.402747
0.402763
0.402764
0.402785
0.40279
0.40279
0.402791
0.402804
0.402807
0.402824
0.40283
0.402844
0.40286
0.402884
0.402901
0.402907
0.402917
0.402931
0.402938
0.40296
0.40296
0.402961
0.402973
0.402991
0.402993
0.403013
0.403014
0.40302
0.403031
0.403031
0.403034
0.403057
0.403071
0.403074
0.403084
0.403106
0.40311
0.403113
0.403122
0.403127
0.403147
0.403171
0.403177
0.403197
0.4032
0.403217
0.403227
0.403245
0.40326
0.403271
0.40329
0.403291
0.403297
0.403307
0.403317
0.403337
0.403341
0.403344
0.403346
0.40336
0.403363
0.403376
0.403377
0.40338
0.403387
0.40339
0.403393
0.403393
0.403394
0.403396
0.403397
0.403417
0.40342
0.40342
0.403444
0.403447
0.403491
0.403491
0.403514
0.40353
0.403533
0.403551
0.40357
0.403577
0.403583
0.403588
0.4036
0.403601
0.403607
0.403607
0.403624
0.403627
0.403637
0.403643
0.403647
0.403674
0.403704
0.403741
0.403754
0.403757
0.403766
0.403776
0.403791
0.403791
0.4038
0.403831
0.403874
0.403898
0.403904
0.403911
0.403938
0.40394
0.40399
0.403991
0.403993
0.403993
0.404014
0.404024
0.40404
0.40405
0.404053
0.404056
0.404063
0.404067
0.404104
0.404124
0.40413
0.404136
0.404154
0.404158
0.40417
0.404171
0.404174
0.404234
0.404254
0.404277
0.404284
0.40431
0.40432
0.404324
0.404347
0.404386
0.404396
0.404418
0.404488
0.40449
0.404511
0.404514
0.404524
0.404543
0.404547
0.404561
0.404587
0.404603
0.404604
0.40463
0.404636
0.404637
0.404666
0.404687
0.404693
0.404694
0.404724
0.40473
0.404745
0.404814
0.404823
0.404844
0.40486
0.404871
0.40488
0.404891
0.404904
0.404913
0.404921
0.404924
0.404926
0.404954
0.404958
0.405004
0.405004
0.405011
0.405017
0.40503
0.40504
0.40506
0.405084
0.405091
0.4051
0.405118
0.405123
0.405147
0.40515
0.405151
0.405166
0.405187
0.405194
0.405256
0.405277
0.405297
0.405327
0.405327
0.405334
0.405343
0.40535
0.405367
0.4054
0.405403
0.405411
0.405427
0.405448
0.405484
0.405523
0.405524
0.40553
0.40553
0.40554
0.40556
0.405574
0.405581
0.405593
0.405614
0.405614
0.405621
0.405623
0.405638
0.40564
0.405654
0.405654
0.405668
0.4057
0.405706
0.405715
0.405727
0.405751
0.405751
0.405755
0.405764
0.405776
0.405784
0.405797
0.405797
0.405817
0.405847
0.405856
0.405904
0.405927
0.405961
0.405961
0.405967
0.405971
0.405983
0.40599
0.406017
0.406031
0.406037
0.406037
0.406044
0.406054
0.406058
0.406061
0.406063
0.406063
0.406067
0.406077
0.406091
0.406103
0.406127
0.406133
0.40615
0.40618
0.406191
0.406204
0.40624
0.406247
0.40625
0.406263
0.406277
0.406291
0.406324
0.40633
0.406331
0.406336
0.406397
0.406403
0.406403
0.40644
0.406451
0.406457
0.406478
0.406487
0.406533
0.406547
0.40655
0.406556
0.406559
0.406568
0.40657
0.40658
0.406624
0.40664
0.406643
0.406647
0.406694
0.406717
0.406721
0.40674
0.406777
0.4068
0.406804
0.406813
0.406821
0.406823
0.40683
0.406871
0.406871
0.406888
0.40689
0.406894
0.406906
0.406913
0.406958
0.406963
0.406964
0.40697
0.40698
0.406984
0.406991
0.406993
0.407001
0.407001
0.407007
0.407017
0.407024
0.40704
0.40704
0.407057
0.407107
0.407116
0.407134
0.407156
0.407164
0.407174
0.407174
0.407187
0.407193
0.407207
0.407213
0.407247
0.407247
0.407254
0.407277
0.407291
0.407294
0.407314
0.407317
0.407367
0.407391
0.407407
0.407434
0.407437
0.407444
0.407454
0.407457
0.407476
0.407477
0.407503
0.40753
0.407551
0.407554
0.407567
0.407578
0.407581
0.40759
0.407607
0.407624
0.407631
0.407637
0.40765
0.40765
0.40765
0.407653
0.40766
0.407683
0.4077
0.407703
0.407707
0.407721
0.407735
0.407743
0.407771
0.407774
0.407786
0.407798
0.407827
0.407828
0.407833
0.407834
0.407844
0.40785
0.407857
0.40788
0.407887
0.4079
0.4079
0.407908
0.407917
0.407927
0.407933
0.407933
0.407934
0.407971
0.408
0.408007
0.408014
0.408017
0.408034
0.408051
0.408083
0.408144
0.408177
0.40819
0.408206
0.408257
0.408277
0.408297
0.408304
0.40831
0.408327
0.408331
0.408364
0.40838
0.408384
0.408413
0.408426
0.408433
0.408463
0.408477
0.408483
0.408501
0.408503
0.408507
0.408507
0.408513
0.408523
0.408531
0.408576
0.408578
0.408597
0.4086
0.408647
0.408657
0.408696
0.408714
0.408723
0.408727
0.408751
0.40878
0.408797
0.408823
0.408854
0.408883
0.408897
0.408905
0.40891
0.408967
0.408977
0.40898
0.408981
0.408985
0.408987
0.40899
0.408993
0.409003
0.409014
0.409018
0.409021
0.409063
0.409133
0.409157
0.409164
0.40917
0.409207
0.409208
0.40922
0.409237
0.40924
0.409241
0.409253
0.409254
0.409277
0.409287
0.40929
0.409293
0.409308
0.409317
0.409331
0.409334
0.409334
0.409336
0.409346
0.409348
0.409367
0.40937
0.409371
0.409377
0.40938
0.409398
0.409407
0.409424
0.409428
0.409431
0.409458
0.409466
0.4095
0.409531
0.409537
0.409544
0.40955
0.409563
0.409564
0.409597
0.409601
0.40962
0.409624
0.409628
0.409687
0.409703
0.409704
0.409714
0.409728
0.409733
0.409746
0.409754
0.409786
0.409808
0.409814
0.40982
0.409837
0.409854
0.409857
0.409894
0.409926
0.409958
0.409976
0.409983
0.409998
0.410011
0.410026
0.410044
0.41007
0.410071
0.410073
0.410074
0.410081
0.410104
0.410114
0.410117
0.410127
0.410145
0.410156
0.410157
0.410161
0.410191
0.410204
0.410215
0.410223
0.410223
0.410275
0.410282
0.410291
0.410301
0.410307
0.410317
0.410334
0.410358
0.410391
0.410397
0.410407
0.41043
0.41043
0.410441
0.410453
0.410471
0.41048
0.410484
0.410496
0.410527
0.410527
0.410547
0.41055
0.41056
0.41056
0.410597
0.4106
0.4106
0.410607
0.410611
0.410687
0.410698
0.410711
0.41077
0.410777
0.410784
0.410787
0.410787
0.410791
0.4108
0.410834
0.410834
0.410874
0.410911
0.410917
0.41092
0.410921
0.410923
0.410938
0.410946
0.410961
0.410974
0.410977
0.410977
0.410991
0.410993
0.411017
0.41103
0.411084
0.411088
0.411094
0.411097
0.411114
0.411117
0.41113
0.411136
0.411137
0.411167
0.411177
0.411181
0.411184
0.411224
0.411234
0.411254
0.411267
0.411283
0.41129
0.41129
0.411297
0.411327
0.41133
0.411347
0.411347
0.411364
0.411368
0.411374
0.411381
0.411412
0.411417
0.411417
0.411447
0.411484
0.411491
0.411503
0.411504
0.411513
0.411546
0.411564
0.411587
0.411588
0.41159
0.411594
0.411617
0.411617
0.411633
0.411694
0.411697
0.411718
0.411744
0.411777
0.411787
0.411796
0.411813
0.41182
0.411826
0.41184
0.411867
0.411876
0.411884
0.411894
0.411901
0.411904
0.411904
0.411913
0.411921
0.411971
0.412002
0.412007
0.412021
0.412037
0.41205
0.41205
0.412054
0.412054
0.41206
0.412077
0.4121
0.412111
0.412125
0.412127
0.41213
0.412144
0.412151
0.412161
0.412177
0.41219
0.412203
0.412204
0.41226
0.412276
0.41229
0.41229
0.412294
0.4123
0.4123
0.412323
0.412362
0.41237
0.412381
0.4124
0.4124
0.412404
0.412417
0.41242
0.412433
0.412447
0.41246
0.412466
0.41247
0.412484
0.412497
0.41254
0.412541
0.412594
0.412594
0.412596
0.41262
0.412631
0.412636
0.412647
0.412674
0.412684
0.41269
0.412707
0.412711
0.412711
0.412714
0.412744
0.412774
0.412784
0.412824
0.412837
0.412913
0.412927
0.412934
0.412944
0.412954
0.412967
0.412994
0.413013
0.41303
0.413033
0.413066
0.413077
0.413093
0.413103
0.413114
0.413117
0.413134
0.413147
0.413152
0.413198
0.413205
0.413211
0.413224
0.413254
0.41326
0.413263
0.41327
0.413284
0.413287
0.413337
0.41334
0.413367
0.413384
0.413387
0.413391
0.413393
0.413401
0.413404
0.413434
0.413445
0.41346
0.413473
0.41348
0.413517
0.413544
0.413581
0.413581
0.41359
0.4136
0.413637
0.413647
0.413667
0.413677
0.413698
0.4137
0.413753
0.413758
0.413763
0.413776
0.413777
0.413784
0.413791
0.413793
0.413814
0.413817
0.413821
0.41384
0.413851
0.4139
0.413904
0.413907
0.41391
0.413923
0.413924
0.413927
0.413928
0.413956
0.41398
0.414077
0.414081
0.414087
0.4141
0.414115
0.414124
0.414136
0.414153
0.414171
0.414177
0.414213
0.414214
0.414214
0.414221
0.414274
0.414284
0.41431
0.414321
0.414336
0.414368
0.414371
0.414404
0.414407
0.414424
0.41446
0.41446
0.414468
0.41447
0.414473
0.414497
0.4145
0.4145
0.414508
0.414514
0.414537
0.414546
0.414567
0.414571
0.414574
0.414582
0.414623
0.41465
0.414661
0.414673
0.414703
0.41471
0.414718
0.414736
0.414741
0.41475
0.414767
0.414778
0.414809
0.414813
0.414843
0.414866
0.41489
0.414898
0.414911
0.41492
0.414924
0.41493
0.414941
0.414956
0.414977
0.414984
0.415004
0.41501
0.415064
0.415087
0.415097
0.415101
0.415104
0.415137
0.415151
0.415153
0.41517
0.415197
0.415216
0.415221
0.415246
0.415264
0.415277
0.415278
0.415291
0.415311
0.415327
0.415333
0.415354
0.415354
0.415394
0.415396
0.415397
0.415426
0.415427
0.415434
0.415468
0.415471
0.41549
0.415521
0.415551
0.415556
0.415561
0.415561
0.415597
0.415613
0.415637
0.415647
0.415668
0.415671
0.41569
0.415731
0.415747
0.41576
0.415764
0.415784
0.415801
0.415833
0.415844
0.415853
0.415861
0.415874
0.41589
0.415897
0.4159
0.415931
0.41594
0.415956
0.415991
0.415994
0.416006
0.416034
0.416035
0.416051
0.416064
0.416096
0.416104
0.416153
0.416168
0.416171
0.41618
0.41618
0.416183
0.416187
0.41622
0.416221
0.416223
0.416258
0.416284
0.416337
0.416346
0.416351
0.416384
0.416394
0.416418
0.416438
0.416447
0.416474
0.416486
0.416497
0.416503
0.416507
0.41651
0.416517
0.416531
0.416547
0.41655
0.41656
0.416561
0.416575
0.41658
0.41658
0.416587
0.416591
0.416607
0.416607
0.416611
0.416615
0.416615
0.416637
0.416638
0.416646
0.41665
0.416657
0.41666
0.416697
0.416714
0.416754
0.41676
0.41679
0.416804
0.41682
0.416834
0.416838
0.416847
0.416848
0.416853
0.416853
0.416868
0.416895
0.416901
0.416927
0.416957
0.416971
0.416973
0.416981
0.416987
0.41699
0.417001
0.41701
0.417048
0.417053
0.417068
0.417087
0.417101
0.41711
0.417156
0.417164
0.417173
0.417204
0.417236
0.417238
0.417241
0.417248
0.417266
0.41727
0.41727
0.417311
0.417317
0.417323
0.417341
0.417374
0.41739
0.417393
0.417427
0.41743
0.417437
0.417457
0.417491
0.417501
0.417503
0.417515
0.417547
0.417553
0.417557
0.417574
0.41758
0.417581
0.417581
0.4176
0.41765
0.417695
0.41771
0.417724
0.417744
0.417746
0.417747
0.41775
0.41775
0.417781
0.417785
0.417808
0.417814
0.41782
0.41783
0.417833
0.417837
0.417843
0.41785
0.417853
0.417857
0.417897
0.4179
0.417907
0.417914
0.41792
0.417933
0.417944
0.41795
0.41796
0.417974
0.417977
0.418003
0.41801
0.418014
0.418017
0.418021
0.418043
0.418114
0.418127
0.418133
0.418137
0.418174
0.418181
0.418184
0.41821
0.418215
0.418217
0.418231
0.41825
0.418271
0.41829
0.418313
0.418338
0.418379
0.41838
0.418384
0.4184
0.418401
0.418408
0.418501
0.418531
0.418537
0.418564
0.418608
0.418626
0.418628
0.418631
0.41864
0.418653
0.41866
0.41867
0.418683
0.418694
0.418696
0.418697
0.418703
0.418711
0.41874
0.41874
0.418767
0.418781
0.418823
0.418881
0.418903
0.418924
0.418956
0.418961
0.418963
0.418991
0.418997
0.41901
0.41902
0.41902
0.419024
0.419028
0.419033
0.419047
0.419058
0.419087
0.419093
0.419111
0.419117
0.419147
0.419147
0.419168
0.41917
0.419174
0.419218
0.419231
0.419237
0.419247
0.419285
0.41929
0.4193
0.41931
0.419317
0.419327
0.419367
0.419388
0.419404
0.419407
0.419453
0.41946
0.419477
0.41955
0.41955
0.419557
0.41959
0.419603
0.419624
0.419635
0.419637
0.419637
0.419644
0.419647
0.41965
0.419654
0.419654
0.419694
0.419704
0.419714
0.419714
0.419723
0.419738
0.41974
0.419753
0.419753
0.419755
0.419761
0.419807
0.419808
0.41982
0.419864
0.419891
0.419904
0.419918
0.419934
0.419951
0.41998
0.419983
0.419987
0.419993
0.420014
0.420018
0.420053
0.42007
0.420074
0.420074
0.420081
0.420094
0.420097
0.420124
0.420137
0.420163
0.420188
0.42022
0.420224
0.42025
0.420271
0.420307
0.42031
0.42032
0.42032
0.420328
0.42033
0.420364
0.420377
0.420382
0.420404
0.420414
0.42045
0.420483
0.420501
0.42054
0.420544
0.420551
0.420561
0.420601
0.420617
0.420621
0.42063
0.420633
0.420647
0.420658
0.42066
0.420661
0.42067
0.420671
0.420688
0.42069
0.420704
0.420723
0.420734
0.420747
0.420761
0.420764
0.420767
0.420774
0.420791
0.420801
0.42081
0.420811
0.420843
0.42086
0.42087
0.420894
0.420917
0.420964
0.420971
0.42098
0.421016
0.421044
0.421047
0.42105
0.421058
0.421063
0.421083
0.421084
0.42115
0.421173
0.421184
0.421237
0.421251
0.421257
0.421297
0.421324
0.421327
0.421331
0.421356
0.42138
0.42138
0.42138
0.421418
0.421481
0.421516
0.421537
0.421547
0.421563
0.421574
0.4216
0.421608
0.421628
0.421646
0.421653
0.421664
0.42168
0.421693
0.421698
0.421704
0.421713
0.421754
0.421784
0.421791
0.42181
0.421814
0.42182
0.42185
0.421881
0.421921
0.421934
0.421941
0.421954
0.421968
0.421994
0.422
0.422004
0.422015
0.422018
0.422048
0.422075
0.42209
0.42209
0.422101
0.422104
0.422117
0.422123
0.42214
0.422141
0.422144
0.422185
0.422191
0.422227
0.42224
0.422244
0.422247
0.422264
0.422278
0.422337
0.422357
0.422398
0.422411
0.42245
0.42246
0.42248
0.422486
0.422494
0.422537
0.422547
0.422566
0.422571
0.422577
0.422587
0.422591
0.422593
0.422602
0.422614
0.422637
0.422681
0.422693
0.422716
0.422731
0.42276
0.422761
0.422764
0.422774
0.422776
0.422781
0.422807
0.422817
0.422824
0.422827
0.422834
0.422846
0.422857
0.422877
0.422878
0.422888
0.422893
0.422916
0.422916
0.422953
0.422964
0.422969
0.422973
0.422974
0.422975
0.42298
0.42303
0.42304
0.423041
0.42305
0.423081
0.42309
0.4231
0.423117
0.423121
0.42319
0.423195
0.423204
0.42321
0.423267
0.423267
0.423298
0.4233
0.423307
0.423334
0.423334
0.423336
0.42335
0.423354
0.423424
0.42345
0.423456
0.423467
0.423474
0.423507
0.423516
0.423517
0.423521
0.423528
0.423537
0.423551
0.423601
0.423646
0.423657
0.423663
0.423664
0.423667
0.423694
0.423696
0.423746
0.423746
0.423751
0.423761
0.423787
0.4238
0.423816
0.42386
0.423878
0.42389
0.423891
0.423923
0.423933
0.423937
0.423973
0.423974
0.423977
0.423978
0.423984
0.424
0.424013
0.424024
0.424044
0.42408
0.42411
0.424154
0.424193
0.424198
0.424237
0.424257
0.424293
0.424307
0.42432
0.424333
0.42435
0.424371
0.424381
0.424393
0.424404
0.424414
0.424434
0.424477
0.424481
0.424491
0.424494
0.424497
0.424497
0.424513
0.42452
0.424534
0.424547
0.424556
0.424557
0.42456
0.424581
0.424581
0.424583
0.424611
0.42462
0.424631
0.424637
0.424646
0.42465
0.424654
0.424657
0.424678
0.424694
0.424713
0.424714
0.424753
0.424783
0.424834
0.424837
0.42484
0.424897
0.424897
0.424913
0.424913
0.424921
0.424927
0.424983
0.424993
0.425047
0.425053
0.425077
0.42508
0.425104
0.425114
0.42512
0.425153
0.425167
0.42519
0.425191
0.425191
0.425224
0.425254
0.425257
0.4253
0.42531
0.425311
0.425314
0.425319
0.42532
0.425357
0.425371
0.425386
0.425401
0.425407
0.425414
0.425428
0.425447
0.42547
0.425477
0.425481
0.42549
0.425527
0.425537
0.425551
0.425574
0.425615
0.425633
0.425636
0.425645
0.425647
0.425658
0.425671
0.425674
0.425677
0.425686
0.42572
0.425724
0.425764
0.42577
0.425775
0.425775
0.42579
0.425797
0.42583
0.42585
0.425857
0.425871
0.425904
0.425911
0.425921
0.425927
0.425933
0.425947
0.42599
0.425994
0.425998
0.42602
0.42604
0.426063
0.426071
0.426163
0.42618
0.426184
0.426218
0.426237
0.426253
0.426273
0.426273
0.426284
0.426294
0.426296
0.426355
0.426384
0.426388
0.42639
0.426391
0.426481
0.426481
0.426484
0.426487
0.426503
0.426503
0.426608
0.426613
0.426614
0.426618
0.426627
0.426644
0.42666
0.426683
0.426705
0.426735
0.426748
0.426754
0.426767
0.426786
0.426794
0.42681
0.426823
0.426824
0.426834
0.426917
0.426934
0.426947
0.426957
0.426966
0.426993
0.427014
0.427047
0.427068
0.427087
0.427148
0.427168
0.427174
0.427177
0.42718
0.427183
0.427197
0.42723
0.427263
0.427277
0.427313
0.42732
0.42732
0.427327
0.427334
0.427354
0.427358
0.427394
0.427437
0.42752
0.427543
0.42757
0.427584
0.42759
0.427594
0.427643
0.427644
0.427654
0.427657
0.427657
0.427681
0.427684
0.42769
0.427694
0.427708
0.427711
0.427721
0.427733
0.42774
0.427771
0.427797
0.427801
0.427814
0.42782
0.42783
0.42783
0.427857
0.427878
0.427898
0.427911
0.427928
0.427957
0.42797
0.427984
0.428038
0.428116
0.428137
0.428157
0.428182
0.428197
0.4282
0.428206
0.428217
0.428218
0.428231
0.428234
0.42825
0.428267
0.428277
0.428287
0.42833
0.428333
0.428344
0.428376
0.428376
0.428378
0.428421
0.428444
0.428447
0.428467
0.42848
0.428514
0.428514
0.428554
0.428577
0.428587
0.428611
0.428616
0.428633
0.428654
0.428665
0.42867
0.428677
0.42868
0.428694
0.428714
0.428717
0.428744
0.428858
0.42887
0.428894
0.4289
0.428927
0.428954
0.428958
0.428977
0.429004
0.429008
0.429014
0.429018
0.429038
0.429114
0.429114
0.429123
0.429131
0.429136
0.429147
0.429157
0.42916
0.429184
0.429188
0.42922
0.429223
0.429231
0.429268
0.42928
0.429286
0.429314
0.42932
0.429347
0.429354
0.429374
0.429377
0.429428
0.42945
0.429486
0.429517
0.429594
0.429597
0.429614
0.42966
0.429667
0.429713
0.429737
0.429747
0.429786
0.429787
0.42979
0.4298
0.42983
0.429865
0.429906
0.42991
0.430057
0.430078
0.430134
0.430144
0.430155
0.430251
0.430265
0.43027
0.430291
0.430301
0.430343
0.430344
0.43035
0.430445
0.430454
0.430461
0.430464
0.430493
0.430496
0.430517
0.430518
0.430523
0.430527
0.430533
0.430543
0.430585
0.43067
0.43069
0.430707
0.430738
0.43074
0.430747
0.430777
0.430787
0.430793
0.430807
0.430815
0.430828
0.43083
0.430831
0.430837
0.43084
0.430847
0.430856
0.430881
0.430888
0.430893
0.430973
0.430982
0.430994
0.431067
0.43107
0.431071
0.431091
0.43112
0.431133
0.431133
0.431137
0.431167
0.431173
0.431183
0.4312
0.431228
0.431243
0.43125
0.431258
0.431261
0.431267
0.4313
0.431313
0.43134
0.431374
0.431401
0.431404
0.431414
0.431423
0.43146
0.431484
0.431493
0.431493
0.43156
0.431587
0.431617
0.43165
0.431704
0.431717
0.431728
0.431787
0.431837
0.431874
0.43188
0.43197
0.432001
0.432011
0.432043
0.43205
0.432054
0.432071
0.432083
0.432094
0.432111
0.43213
0.43214
0.432198
0.432217
0.432237
0.43226
0.432307
0.432357
0.432367
0.432374
0.432391
0.432391
0.43246
0.432468
0.432474
0.432487
0.4325
0.43252
0.432577
0.432586
0.43259
0.43259
0.432601
0.432611
0.43262
0.432633
0.432634
0.43264
0.43264
0.432671
0.432731
0.432751
0.432828
0.432843
0.432857
0.43291
0.432944
0.432998
0.433017
0.433027
0.433053
0.433063
0.433073
0.433094
0.43312
0.43314
0.43316
0.433162
0.43317
0.433171
0.433177
0.433197
0.43322
0.43322
0.43324
0.433335
0.433341
0.433357
0.433387
0.43342
0.43346
0.433494
0.43352
0.433524
0.433537
0.433554
0.433567
0.43359
0.433597
0.433597
0.433611
0.433617
0.433634
0.43365
0.433664
0.433697
0.433707
0.43371
0.433734
0.433751
0.433771
0.433794
0.433797
0.433807
0.433817
0.433853
0.433881
0.433903
0.433978
0.433998
0.434001
0.434006
0.434021
0.434097
0.434117
0.434117
0.434118
0.434137
0.434154
0.434157
0.43416
0.434187
0.434222
0.43429
0.434324
0.43433
0.434334
0.434343
0.434384
0.434384
0.434414
0.434425
0.434427
0.43446
0.43451
0.434521
0.434641
0.434681
0.434691
0.434697
0.434715
0.434727
0.434731
0.434734
0.434737
0.434751
0.434768
0.434783
0.434797
0.434798
0.434801
0.43481
0.434848
0.43485
0.434881
0.434883
0.43489
0.434891
0.434894
0.434904
0.434917
0.434963
0.434966
0.43501
0.435039
0.43511
0.435136
0.435144
0.435237
0.435244
0.435343
0.43535
0.435375
0.435411
0.43542
0.435468
0.435538
0.435548
0.435616
0.435628
0.43564
0.435677
0.43568
0.435777
0.43578
0.435836
0.435837
0.435864
0.435877
0.435883
0.435894
0.435901
0.435917
0.435924
0.435927
0.435948
0.435967
0.436036
0.436107
0.436118
0.43615
0.436167
0.43617
0.436184
0.436251
0.43626
0.43627
0.43628
0.436287
0.436298
0.436304
0.436351
0.436354
0.436354
0.436358
0.436358
0.436363
0.436364
0.436364
0.436411
0.436414
0.436417
0.436424
0.436466
0.436486
0.436514
0.436554
0.436563
0.436584
0.436591
0.436604
0.43664
0.436664
0.436664
0.436683
0.436704
0.436707
0.436761
0.436784
0.436806
0.436808
0.436844
0.436847
0.436901
0.436925
0.436944
0.43695
0.436957
0.43703
0.437034
0.437051
0.43707
0.437097
0.437111
0.43713
0.437151
0.437221
0.437226
0.437228
0.437244
0.437245
0.437251
0.43726
0.437265
0.437326
0.43733
0.4374
0.437418
0.437457
0.437477
0.437523
0.437545
0.43755
0.437563
0.437604
0.43763
0.437634
0.43764
0.437644
0.43765
0.43765
0.437666
0.437683
0.43769
0.437734
0.43774
0.437773
0.43782
0.43787
0.437891
0.4379
0.437908
0.437923
0.437984
0.437987
0.438024
0.438068
0.438118
0.438208
0.438291
0.438311
0.438331
0.438357
0.438388
0.438407
0.438463
0.438486
0.438524
0.438534
0.438581
0.43861
0.43862
0.43865
0.43865
0.438677
0.438687
0.438697
0.438713
0.438724
0.438727
0.438737
0.438753
0.438753
0.438757
0.438767
0.438784
0.438827
0.43883
0.438843
0.438845
0.438853
0.438895
0.43891
0.43892
0.438921
0.438931
0.43898
0.438993
0.439003
0.439023
0.439048
0.43905
0.43907
0.439084
0.439107
0.43911
0.439137
0.43915
0.439203
0.43921
0.439221
0.439238
0.439251
0.439267
0.439268
0.439286
0.439304
0.439317
0.439327
0.439328
0.439361
0.439364
0.43938
0.43941
0.439413
0.439441
0.4395
0.439507
0.439514
0.439517
0.439517
0.439524
0.439533
0.439567
0.439645
0.43968
0.439687
0.439698
0.439715
0.439727
0.439741
0.439751
0.439838
0.439857
0.439894
0.4399
0.439931
0.439958
0.43996
0.439985
0.439991
0.440021
0.440084
0.440133
0.440181
0.440203
0.44022
0.440242
0.440264
0.4403
0.440343
0.44037
0.440413
0.44043
0.440434
0.440468
0.440514
0.440516
0.440561
0.440598
0.440608
0.440627
0.440661
0.440707
0.440713
0.440787
0.440797
0.440803
0.440808
0.440817
0.440818
0.44084
0.440855
0.440865
0.4409
0.440901
0.440907
0.440908
0.44095
0.440991
0.441001
0.441034
0.441064
0.441074
0.441094
0.44112
0.441134
0.44117
0.441204
0.441214
0.441251
0.441267
0.441277
0.441283
0.44131
0.44132
0.441323
0.441333
0.441357
0.441367
0.441367
0.441417
0.441417
0.44144
0.44146
0.441537
0.441544
0.441567
0.44158
0.441603
0.441606
0.441614
0.441647
0.441658
0.441701
0.441704
0.441727
0.44174
0.441789
0.441823
0.441834
0.441897
0.441927
0.441953
0.441953
0.441954
0.441981
0.442004
0.442013
0.442127
0.442157
0.442158
0.44225
0.442264
0.442363
0.44239
0.442408
0.442423
0.442434
0.44253
0.442531
0.442557
0.442574
0.44258
0.442623
0.442637
0.442651
0.442666
0.44267
0.442678
0.442687
0.442734
0.44275
0.442771
0.44278
0.442787
0.442825
0.442834
0.442855
0.442874
0.442881
0.442898
0.4429
0.44292
0.442951
0.442957
0.442967
0.442977
0.442977
0.442997
0.443027
0.443027
0.443057
0.443077
0.443083
0.443084
0.443114
0.443117
0.443125
0.443127
0.443174
0.443184
0.443185
0.443224
0.443274
0.443283
0.443284
0.443284
0.443308
0.443314
0.443324
0.443354
0.44336
0.443374
0.443388
0.443394
0.443437
0.443438
0.44344
0.44351
0.44355
0.443577
0.443603
0.443608
0.443634
0.443634
0.443637
0.443655
0.44368
0.44368
0.443683
0.443701
0.443704
0.44371
0.443713
0.443734
0.443763
0.443766
0.44377
0.443801
0.44381
0.443841
0.443861
0.443904
0.443921
0.443924
0.443948
0.443957
0.443974
0.444013
0.44402
0.444023
0.444055
0.444098
0.444101
0.444111
0.444181
0.444184
0.444186
0.444187
0.444193
0.444247
0.444265
0.44438
0.444411
0.44444
0.444454
0.444461
0.444514
0.444534
0.444535
0.444584
0.444607
0.444607
0.444621
0.444673
0.444681
0.444685
0.444686
0.444714
0.444753
0.444757
0.44476
0.444763
0.44479
0.444797
0.444817
0.444864
0.44487
0.4449
0.444905
0.444908
0.444914
0.444942
0.44497
0.444987
0.444997
0.445008
0.445027
0.445033
0.445044
0.44505
0.44506
0.445084
0.445088
0.445096
0.445114
0.445154
0.445178
0.445193
0.445198
0.445253
0.445267
0.445277
0.445323
0.44536
0.44537
0.445397
0.445403
0.44542
0.44548
0.44552
0.445521
0.445527
0.445546
0.445554
0.445574
0.445624
0.4457
0.4457
0.445734
0.445763
0.445767
0.445773
0.44578
0.445817
0.44582
0.445856
0.445857
0.44586
0.445861
0.445883
0.44591
0.445934
0.445957
0.446006
0.446043
0.446068
0.446091
0.446147
0.446167
0.446197
0.446201
0.446221
0.446288
0.446327
0.446357
0.446371
0.44638
0.446384
0.446407
0.44642
0.446427
0.446447
0.446448
0.446464
0.44647
0.446504
0.44654
0.446564
0.446617
0.446637
0.446648
0.446671
0.4467
0.446726
0.446747
0.446747
0.446777
0.446797
0.446817
0.446824
0.446868
0.446873
0.446883
0.44689
0.4469
0.446901
0.446903
0.44693
0.446944
0.446947
0.446997
0.447011
0.44702
0.447023
0.447031
0.447057
0.447065
0.447087
0.447094
0.447117
0.447173
0.447184
0.447204
0.447317
0.447338
0.447353
0.447381
0.447387
0.447396
0.447401
0.44743
0.447536
0.447541
0.447564
0.447564
0.447564
0.447573
0.447595
0.447604
0.447604
0.447611
0.447613
0.447661
0.447671
0.447675
0.447696
0.447781
0.447788
0.447797
0.44782
0.447927
0.447927
0.44794
0.447997
0.448024
0.448033
0.448104
0.448134
0.448204
0.448284
0.44829
0.448314
0.448314
0.448343
0.44835
0.448353
0.448367
0.44842
0.448425
0.448434
0.448444
0.448485
0.448514
0.44857
0.448613
0.448621
0.44863
0.448631
0.44866
0.4487
0.448707
0.448795
0.448816
0.448833
0.448866
0.448891
0.44891
0.448928
0.44894
0.44897
0.449017
0.449041
0.449074
0.449131
0.449166
0.44923
0.449238
0.449287
0.449311
0.449324
0.449333
0.449463
0.449464
0.449468
0.449471
0.449515
0.449541
0.449551
0.449558
0.449574
0.449584
0.449593
0.449704
0.44973
0.449756
0.449764
0.449793
0.449851
0.449858
0.449894
0.449901
0.449925
0.449951
0.44997
0.44998
0.449994
0.449998
0.45
0.450025
0.450097
0.450103
0.450115
0.450144
0.450171
0.450211
0.450263
0.450298
0.450337
0.45037
0.45039
0.4504
0.450417
0.450441
0.45046
0.45046
0.450493
0.450518
0.450527
0.450527
0.450547
0.450558
0.450631
0.450641
0.450651
0.45067
0.450687
0.450703
0.450807
0.450814
0.45083
0.45087
0.450871
0.45088
0.450923
0.450934
0.45096
0.450971
0.450977
0.45098
0.451025
0.451033
0.451053
0.451094
0.451147
0.451164
0.451228
0.451277
0.451293
0.451398
0.45141
0.451414
0.451415
0.451441
0.45147
0.451478
0.451545
0.451614
0.451677
0.451688
0.451697
0.451718
0.451724
0.451724
0.451728
0.45176
0.451788
0.451867
0.451877
0.45191
0.451914
0.45192
0.451934
0.451967
0.451987
0.452007
0.452017
0.452024
0.452037
0.452044
0.452074
0.452088
0.452124
0.452143
0.452177
0.452191
0.452208
0.452224
0.452238
0.452254
0.452293
0.452303
0.45235
0.452358
0.452388
0.452397
0.45244
0.452467
0.452474
0.4525
0.452505
0.452521
0.452538
0.45256
0.452584
0.45263
0.452647
0.452657
0.452693
0.4528
0.452803
0.452814
0.45282
0.452828
0.452866
0.45292
0.452944
0.453037
0.453038
0.453074
0.453076
0.453083
0.453091
0.4531
0.453104
0.453124
0.453183
0.453204
0.453221
0.453228
0.453234
0.453253
0.453288
0.453295
0.453313
0.45334
0.453344
0.453356
0.453375
0.453381
0.453401
0.453404
0.453411
0.45344
0.453454
0.453531
0.453567
0.453594
0.4536
0.453636
0.453708
0.453714
0.453727
0.453728
0.453764
0.45379
0.45381
0.453837
0.45387
0.453895
0.453895
0.453921
0.453924
0.453961
0.454003
0.454028
0.454033
0.45404
0.454047
0.454048
0.454073
0.45411
0.454147
0.454187
0.454237
0.454238
0.454256
0.454311
0.454327
0.454337
0.45436
0.454433
0.45444
0.454457
0.454477
0.454494
0.454538
0.454597
0.454624
0.454645
0.454695
0.454734
0.45475
0.454817
0.45485
0.454851
0.45487
0.454897
0.454917
0.454937
0.45504
0.455054
0.455101
0.455104
0.455111
0.455123
0.455124
0.45513
0.455195
0.455221
0.455221
0.455237
0.45524
0.45529
0.455314
0.455318
0.455324
0.455393
0.455408
0.455414
0.455444
0.455497
0.455611
0.45563
0.455653
0.455654
0.45567
0.455671
0.455687
0.455711
0.455727
0.455737
0.455797
0.45581
0.455826
0.455851
0.45588
0.455884
0.455918
0.45592
0.455964
0.455977
0.456054
0.456078
0.45608
0.456098
0.456194
0.456196
0.456221
0.456271
0.456287
0.456296
0.456327
0.456328
0.456347
0.456373
0.456414
0.45651
0.456514
0.456523
0.456544
0.4566
0.456641
0.45668
0.456683
0.45669
0.456723
0.456724
0.456728
0.456737
0.456768
0.45679
0.456801
0.456801
0.456814
0.456827
0.456871
0.456881
0.456903
0.456923
0.456934
0.456951
0.456963
0.456996
0.45704
0.457044
0.457066
0.457108
0.45713
0.45714
0.4572
0.457207
0.457263
0.457307
0.457343
0.457374
0.457374
0.45741
0.457477
0.457494
0.457544
0.457584
0.45762
0.45762
0.457643
0.45765
0.457684
0.457693
0.4577
0.457718
0.457734
0.457771
0.457835
0.457837
0.45784
0.457907
0.45795
0.45797
0.457984
0.457986
0.458038
0.458067
0.45807
0.458084
0.458143
0.458193
0.458234
0.45835
0.458511
0.45852
0.458571
0.458607
0.458624
0.45864
0.458688
0.458717
0.458723
0.45873
0.458754
0.458758
0.458768
0.458817
0.458818
0.458823
0.458824
0.458877
0.458918
0.45892
0.458927
0.45893
0.458954
0.458964
0.458964
0.458984
0.45899
0.459017
0.45903
0.459031
0.45905
0.459064
0.459084
0.459101
0.459116
0.459128
0.45917
0.459204
0.459267
0.459287
0.4593
0.459308
0.459325
0.459473
0.459537
0.459578
0.459667
0.45972
0.459735
0.459743
0.459781
0.459784
0.459786
0.459804
0.459814
0.45983
0.459866
0.459933
0.459935
0.459948
0.459954
0.459956
0.459961
0.46003
0.460151
0.4602
0.460304
0.460377
0.460397
0.460453
0.460461
0.460467
0.460484
0.460503
0.460538
0.460597
0.46061
0.46061
0.460686
0.460727
0.460734
0.46076
0.46079
0.460801
0.460804
0.460931
0.460933
0.460934
0.461014
0.461017
0.461018
0.461027
0.461087
0.461247
0.461306
0.461345
0.461361
0.461433
0.461451
0.46146
0.461467
0.461635
0.461683
0.461717
0.461818
0.461834
0.46187
0.461894
0.4619
0.461907
0.461911
0.461937
0.461964
0.461971
0.462006
0.462017
0.46204
0.462058
0.462101
0.462147
0.462191
0.462193
0.462234
0.462238
0.462267
0.462331
0.462354
0.462356
0.462483
0.462514
0.462528
0.462563
0.462637
0.46265
0.462678
0.46269
0.462697
0.46274
0.462744
0.462761
0.462801
0.462873
0.462897
0.462934
0.46298
0.462994
0.463021
0.463107
0.46313
0.463167
0.46322
0.463317
0.463413
0.46343
0.463477
0.463487
0.46352
0.46352
0.463523
0.463587
0.463591
0.463621
0.463641
0.463696
0.463724
0.463727
0.463837
0.463923
0.463924
0.464036
0.464104
0.464104
0.464127
0.464171
0.464217
0.464291
0.464324
0.464343
0.464361
0.464367
0.464518
0.464566
0.464581
0.464594
0.46462
0.464761
0.464787
0.464865
0.464866
0.464905
0.465027
0.465081
0.465094
0.465144
0.465267
0.465273
0.465334
0.465354
0.465391
0.465418
0.465497
0.465551
0.465573
0.465574
0.465593
0.46563
0.465634
0.465684
0.465695
0.465707
0.465717
0.46573
0.46574
0.46578
0.465784
0.465851
0.465924
0.465936
0.465937
0.465944
0.466007
0.46609
0.466113
0.466124
0.466128
0.46619
0.466324
0.466335
0.466371
0.466387
0.466395
0.466407
0.466413
0.466507
0.46655
0.466618
0.466624
0.466686
0.466781
0.466841
0.466854
0.466904
0.46693
0.466974
0.467
0.467093
0.467097
0.46723
0.467247
0.467274
0.467301
0.467334
0.467384
0.467389
0.46743
0.467431
0.467504
0.467515
0.467537
0.467538
0.467544
0.467613
0.467721
0.467752
0.467784
0.467847
0.467887
0.467957
0.467986
0.468141
0.46818
0.46819
0.468236
0.468244
0.468281
0.468304
0.468304
0.46833
0.468407
0.468407
0.46844
0.468506
0.468537
0.468721
0.468864
0.468884
0.468897
0.468901
0.468904
0.468984
0.468988
0.469248
0.469381
0.469392
0.469417
0.469421
0.469454
0.46947
0.469508
0.46954
0.469581
0.469638
0.469643
0.469728
0.469734
0.469811
0.469827
0.469871
0.470006
0.470217
0.470264
0.470271
0.4703
0.470337
0.470373
0.470393
0.470413
0.470417
0.470491
0.47053
0.470604
0.470697
0.470727
0.470797
0.470855
0.470884
0.470923
0.471161
0.471269
0.471304
0.471461
0.47191
0.47199
0.472004
0.472064
0.472078
0.472137
0.472181
0.47219
0.472328
0.472374
0.472391
0.472454
0.47277
0.472836
0.472867
0.472867
0.472914
0.472954
0.472971
0.472973
0.473007
0.473014
0.473057
0.473096
0.473187
0.473204
0.473264
0.473313
0.473387
0.473431
0.47344
0.473473
0.473498
0.473647
0.473708
0.473744
0.473757
0.4738
0.473894
0.473894
0.473935
0.474005
0.474034
0.47417
0.474213
0.474224
0.474266
0.474327
0.474494
0.474507
0.47458
0.474711
0.474777
0.474817
0.474941
0.47497
0.475045
0.475121
0.475137
0.475161
0.47519
0.475231
0.475277
0.47535
0.475396
0.475551
0.475564
0.475567
0.475575
0.475617
0.47563
0.475638
0.475644
0.475667
0.47568
0.47573
0.475743
0.475917
0.475927
0.475934
0.475935
0.475946
0.47595
0.47597
0.476007
0.476037
0.476037
0.476061
0.476073
0.47616
0.476161
0.476167
0.476227
0.476237
0.476513
0.476576
0.476646
0.476748
0.476754
0.476778
0.476784
0.476834
0.477034
0.477047
0.477123
0.477158
0.477244
0.477246
0.477411
0.477478
0.477554
0.477674
0.477701
0.477713
0.477773
0.477837
0.477901
0.477913
0.478001
0.478065
0.47807
0.478165
0.478434
0.47845
0.47887
0.478873
0.478897
0.47892
0.478954
0.479047
0.479091
0.47912
0.47924
0.479391
0.479397
0.479601
0.479753
0.479877
0.480117
0.480247
0.48051
0.480557
0.480564
0.480603
0.480607
0.480681
0.480721
0.480767
0.480897
0.480941
0.480944
0.481081
0.481135
0.481156
0.481234
0.481267
0.481297
0.481397
0.48141
0.481414
0.481461
0.481514
0.481575
0.481606
0.481648
0.481705
0.481758
0.481794
0.481834
0.48192
0.48195
0.482014
0.482097
0.482144
0.482161
0.482377
0.48252
0.48261
0.482637
0.482668
0.48268
0.482781
0.482808
0.483037
0.483206
0.483338
0.483351
0.483518
0.483521
0.48356
0.483594
0.483667
0.483741
0.48379
0.484044
0.484254
0.484333
0.48437
0.484393
0.484554
0.48466
0.484797
0.484934
0.484983
0.485048
0.485085
0.485174
0.485181
0.485184
0.485317
0.48539
0.485408
0.485414
0.4855
0.485597
0.485604
0.48561
0.48563
0.485683
0.485728
0.485804
0.486013
0.486097
0.486197
0.48628
0.486335
0.486577
0.486577
0.486697
0.486803
0.48688
0.486937
0.486977
0.487427
0.48747
0.487494
0.48753
0.487544
0.48782
0.487844
0.487897
0.487954
0.487967
0.488061
0.488221
0.488244
0.488281
0.488364
0.48838
0.488387
0.488407
0.488471
0.48858
0.48871
0.488841
0.488876
0.488921
0.489063
0.489154
0.489178
0.489337
0.48983
0.489853
0.489954
0.490154
0.490224
0.490313
0.490377
0.490811
0.491404
0.491431
0.491567
0.491686
0.49179
0.491838
0.49189
0.492114
0.492227
0.492247
0.492705
0.492737
0.492837
0.492995
0.49328
0.49379
0.493851
0.493905
0.494167
0.494286
0.494385
0.49451
0.494517
0.494531
0.494587
0.494704
0.494764
0.494938
0.495227
0.49544
0.495754
0.495807
0.495808
0.496054
0.496081
0.49626
0.496261
0.496315
0.496347
0.496414
0.496528
0.496557
0.49662
0.496677
0.496717
0.496889
0.496974
0.49721
0.497354
0.497433
0.497437
0.497528
0.497573
0.49773
0.498008
0.498021
0.498046
0.498058
0.498597
0.498771
0.498926
0.499136
0.499167
0.499364
0.499481
0.499658
0.499915
0.50009
0.500348
0.500388
0.50046
0.500581
0.500957
0.501084
0.501111
0.50124
0.501611
0.5017
0.501706
0.501848
0.502224
0.502324
0.50236
0.502377
0.503093
0.503116
0.503142
0.503237
0.503248
0.503264
0.503587
0.50378
0.503918
0.504168
0.504177
0.504698
0.504926
0.50545
0.505673
0.505711
0.505851
0.505886
0.506184
0.506201
0.506243
0.506563
0.506618
0.507113
0.507388
0.50765
0.507718
0.507885
0.50797
0.508355
0.50839
0.50931
0.509378
0.509387
0.50971
0.509867
0.510167
0.510534
0.510838
0.510841
0.51097
0.511197
0.511244
0.511367
0.51151
0.511627
0.51243
0.512493
0.512578
0.512614
0.513967
0.514027
0.51443
0.514436
0.514551
0.514784
0.515818
0.51665
0.516971
0.517261
0.51741
0.518033
0.518147
0.518601
0.518756
0.519673
0.519717
0.52046
0.520937
0.52141
0.522247
0.523627
0.523635
0.523918
0.523997
0.524004
0.525371
0.527357
0.527644
0.528081
0.528644
0.528693
0.529997
0.530041
0.531607
0.531714
0.533237
0.53343
0.533554
0.53358
0.533697
0.53406
0.534297
0.534418
0.535721
0.536241
0.536424
0.536641
0.537001
0.537507
0.539303
0.539453
0.540561
0.54184
0.542303
0.54327
0.543851
0.544025
0.54505
0.545287
0.545377
0.54539
0.546254
0.547113
0.548163
0.548575
0.549728
0.549733
0.550071
0.55098
0.552211
0.552384
0.552491
0.553271
0.553314
0.553664
0.554137
0.55422
0.555917
0.555965
0.556731
0.558621
0.561617
0.57063
0.571081
0.571124
0.571683
0.57274
0.574078
0.575964
0.577113
0.57909
0.581097
0.581134
0.58258
0.584401
0.584724
0.586234
0.586663
0.586824
0.587164
0.589933
0.590037
0.590264
0.592661
0.59304
0.59361
0.594941
0.597291
0.598181
0.599138
0.599394
0.599438
0.599777
0.599849
0.601503
0.602594
0.603281
0.603791
0.604364
0.607411
0.607531
0.609197
0.609284
0.610323
0.611101
0.611471
0.613868
0.615234
0.615494
0.615831
0.618941
0.619407
0.619834
0.620674
0.621333
0.622681
0.624661
0.626108
0.626167
0.62643
0.630428
0.631724
0.632394
0.632792
0.634244
0.635015
0.635773
0.636141
0.637124
0.637177
0.637871
0.645364
0.645553
0.64626
0.646988
0.647053
0.649561
0.651744
0.653904
0.65535
0.657614
0.658811
0.659491
0.660518
0.661347
0.662048
0.664184
0.664298
0.664783
0.665588
0.66574
0.665936
0.666104
0.66614
0.666927
0.669117
0.669604
0.670051
0.672338
0.672441
0.673365
0.674544
0.674617
0.674621
0.674711
0.674991
0.675791
0.676084
0.676494
0.679461
0.67953
0.68131
0.682541
0.683115
0.685584
0.687797
0.687835
0.687861
0.687868
0.688551
0.69149
0.693124
0.694044
0.695241
0.695647
0.695777
0.696151
0.696704
0.69906
0.699567
0.700247
0.70063
0.701278
0.701537
0.701567
0.704867
0.707361
0.707654
0.709387
0.712108
0.712274
0.712954
0.715775
0.716077
0.718634
0.719435
0.723294
0.72427
0.727481
0.729228
0.729411
0.729757
0.730561
0.733181
0.734187
0.734664
0.736484
0.7398
0.740538
0.742304
0.74307
0.744161
0.746436
0.748791
0.749384
0.750814
0.752078
0.752246
0.75263
0.755347
0.755635
0.756057
0.757741
0.759151
0.759234
0.759678
0.760091
0.761404
0.761851
0.762538
0.764224
0.767198
0.768628
0.768651
0.769024
0.770235
0.77205
0.772308
0.773344
0.77517
0.778541
0.780991
0.783091
0.783484
0.78459
0.784714
0.784907
0.787978
0.792708
0.792801
0.799375
0.800067
0.801041
0.801947
0.80412
0.808381
0.809721
0.81229
0.812601
0.813881
0.814397
0.814627
0.815638
0.815697
0.818221
0.820901
0.821278
0.826947
0.829004
0.829621
0.829671
0.830601
0.830854
0.831344
0.834728
0.835184
0.837487
0.837951
0.838803
0.840347
0.840591
0.840754
0.840978
0.842314
0.844151
0.847454
0.849161
0.851491
0.855161
0.855191
0.858464
0.85866
0.85959
0.862023
0.865834
0.866555
0.867154
0.872178
0.872815
0.874311
0.880998
0.884
0.884624
0.889034
0.890784
0.894121
0.894184
0.895271
0.895964
0.896447
0.898728
0.901428
0.903614
0.903974
0.908328
0.909507
0.910877
0.912274
0.916101
0.918417
0.919055
0.923438
0.924751
0.926624
0.928337
0.928744
0.930358
0.930401
0.931491
0.936474
0.937108
0.939904
0.940374
0.940921
0.944887
0.948919
0.962461
0.965624
0.967115
0.967211
0.971134
0.972815
0.972934
0.979874
0.981968
0.987718
0.988028
0.990001
0.993211
0.994934
0.995541
0.997814
1.001121
1.002245
1.003381
1.00516
1.023758
1.024407
1.027558
1.031652
1.032427
1.035648
1.036891
1.039808
1.040661
1.046791
1.047531
1.055951
1.057604
1.063671
1.067155
1.077691
1.085304
1.094948
1.096805
1.105111
1.113338
1.133178
1.136357
1.152341
1.168402
1.207898
1.216934
1.219415
1.243531
1.288191
1.297742
1.298681
1.342218
1.429132
1.469098
