2.562196
2.574115
2.635797
2.650139
2.727029
2.736039
2.738796
2.758833
2.759199
2.780293
2.78202
2.783352
2.785136
2.786952
2.797733
2.800583
2.801256
2.804519
2.806952
2.808173
2.814223
2.817939
2.823353
2.82536
2.827647
2.827716
2.835192
2.838293
2.83904
2.83921
2.840899
2.840913
2.841102
2.841526
2.847102
2.847177
2.848193
2.852676
2.857103
2.859112
2.860023
2.86091
2.863299
2.865253
2.867823
2.870773
2.871073
2.872659
2.872885
2.873603
2.87713
2.878126
2.879029
2.879433
2.880896
2.882813
2.883113
2.884448
2.884755
2.885046
2.885243
2.886159
2.886862
2.887256
2.88822
2.8893
2.89107
2.89208
2.892653
2.893565
2.893573
2.893656
2.895703
2.895843
2.896012
2.89759
2.897792
2.899453
2.899753
2.900016
2.901278
2.902775
2.904953
2.906239
2.906319
2.906389
2.906747
2.907493
2.907663
2.908293
2.909343
2.909729
2.909986
2.910166
2.910736
2.911189
2.911953
2.912573
2.912716
2.914339
2.915906
2.916276
2.916507
2.916673
2.916986
2.917306
2.918083
2.91877
2.919562
2.920133
2.920373
2.920589
2.920589
2.920646
2.920659
2.920805
2.921966
2.921973
2.922909
2.922989
2.923123
2.923169
2.92351
2.923606
2.923833
2.924089
2.924613
2.925056
2.925427
2.92558
2.925593
2.92575
2.92629
2.926303
2.926469
2.926686
2.92689
2.926903
2.926987
2.927113
2.927506
2.927639
2.927683
2.927865
2.927996
2.928436
2.928577
2.928749
2.928825
2.929433
2.929696
2.930199
2.930276
2.930609
2.930709
2.930937
2.931143
2.931363
2.931376
2.931425
2.931586
2.9316
2.931647
2.931786
2.932073
2.932305
2.932523
2.932596
2.9326
2.933493
2.933723
2.93374
2.934176
2.934557
2.934756
2.935306
2.935566
2.936057
2.936077
2.936169
2.936272
2.936433
2.936603
2.936649
2.93672
2.937097
2.937597
2.938285
2.938419
2.938437
2.938533
2.93856
2.93912
2.939349
2.940193
2.940219
2.9403
2.94035
2.940466
2.940599
2.941107
2.941233
2.941346
2.941406
2.941479
2.941576
2.941713
2.941903
2.941936
2.942302
2.94245
2.942736
2.942993
2.943246
2.943586
2.943839
2.943933
2.943939
2.943979
2.944113
2.94418
2.944643
2.944853
2.945016
2.945057
2.945159
2.945242
2.94551
2.945833
2.94606
2.9462
2.946269
2.946286
2.946432
2.94657
2.947039
2.947743
2.94789
2.947896
2.948043
2.948372
2.948467
2.948573
2.948603
2.94883
2.948913
2.948989
2.949016
2.949163
2.949179
2.949293
2.94933
2.949402
2.949443
2.949466
2.949659
2.94978
2.949792
2.94999
2.950007
2.950056
2.95028
2.95054
2.950573
2.950645
2.950657
2.950976
2.95103
2.95105
2.95116
2.951319
2.951423
2.95173
2.951907
2.951943
2.952042
2.952093
2.952183
2.952223
2.952243
2.952252
2.952359
2.952366
2.952386
2.95257
2.952599
2.952807
2.952826
2.953463
2.95349
2.953693
2.953763
2.953936
2.954176
2.954243
2.954277
2.954643
2.95465
2.954739
2.954739
2.954919
2.955192
2.955273
2.955279
2.9555
2.955503
2.95551
2.95554
2.955593
2.955726
2.95584
2.955919
2.956139
2.956156
2.956339
2.956359
2.956606
2.956859
2.956906
2.95721
2.957369
2.957399
2.957434
2.957616
2.957733
2.957747
2.957846
2.95793
2.957952
2.957995
2.958142
2.958249
2.95829
2.958513
2.958523
2.958569
2.958683
2.958696
2.958909
2.958933
2.958936
2.959113
2.959136
2.959166
2.959226
2.95927
2.959339
2.959389
2.959687
2.959783
2.959913
2.959969
2.95997
2.960236
2.960263
2.960352
2.960587
2.96063
2.960636
2.960843
2.961068
2.961069
2.961255
2.96132
2.961503
2.96151
2.96156
2.961563
2.96158
2.961683
2.961728
2.961967
2.962043
2.962103
2.96223
2.962336
2.962427
2.962526
2.962546
2.962567
2.96285
2.963026
2.963083
2.963103
2.963153
2.96325
2.963478
2.963496
2.963682
2.963856
2.963907
2.963923
2.963953
2.964057
2.96407
2.964106
2.96416
2.964203
2.964246
2.964357
2.964657
2.964783
2.964803
2.964943
2.96513
2.965216
2.965283
2.965299
2.965359
2.965433
2.965486
2.965539
2.965593
2.96562
2.965869
2.966163
2.9662
2.966246
2.966336
2.966436
2.96645
2.9665
2.966563
2.966739
2.966816
2.966928
2.96724
2.967336
2.967412
2.967609
2.96765
2.967773
2.967933
2.968036
2.968123
2.96817
2.968233
2.96845
2.968482
2.968602
2.968603
2.968666
2.968673
2.968763
2.968866
2.968995
2.969136
2.969139
2.969189
2.96935
2.969413
2.96965
2.96967
2.969683
2.969736
2.969827
2.969853
2.96991
2.969918
2.969959
2.969977
2.969993
2.97
2.970126
2.970183
2.97023
2.970293
2.970539
2.97063
2.97067
2.97067
2.970673
2.970766
2.970973
2.971132
2.971276
2.971526
2.971643
2.971686
2.97171
2.971729
2.971956
2.971983
2.972019
2.972149
2.972202
2.972253
2.972399
2.972416
2.972473
2.972482
2.972545
2.972553
2.972595
2.972603
2.97268
2.972692
2.972733
2.97275
2.972839
2.972936
2.972996
2.972996
2.973049
2.973149
2.973213
2.97333
2.973339
2.973356
2.973469
2.973523
2.973589
2.973672
2.97377
2.97382
2.973843
2.97399
2.974013
2.974119
2.974132
2.974133
2.974206
2.974259
2.974456
2.97453
2.974583
2.974769
2.974936
2.97495
2.97498
2.975016
2.97506
2.975133
2.975148
2.975236
2.975373
2.975426
2.975516
2.975733
2.975829
2.97585
2.975884
2.975903
2.975993
2.97603
2.976196
2.976239
2.976332
2.976453
2.976509
2.97654
2.97655
2.976596
2.976656
2.976689
2.976713
2.976736
2.976773
2.97681
2.976816
2.976817
2.976827
2.976946
2.977013
2.977066
2.977113
2.977169
2.977183
2.977249
2.977263
2.977293
2.977412
2.97756
2.97757
2.977579
2.977607
2.977626
2.977733
2.977743
2.977797
2.97811
2.978217
2.978239
2.978267
2.978616
2.97874
2.978856
2.978903
2.978913
2.97893
2.97894
2.978944
2.978946
2.978957
2.978969
2.97898
2.979106
2.97932
2.979337
2.979527
2.979646
2.97978
2.979803
2.979856
2.97991
2.979957
2.980009
2.980096
2.980113
2.980147
2.980183
2.980226
2.980236
2.980283
2.980339
2.980353
2.980356
2.980363
2.98039
2.980406
2.980496
2.980596
2.980639
2.980643
2.98077
2.980806
2.981056
2.981143
2.981259
2.981399
2.98154
2.981542
2.981589
2.981649
2.981693
2.981703
2.98175
2.981753
2.981766
2.981778
2.981786
2.981793
2.981796
2.981816
2.981819
2.981913
2.98204
2.982043
2.982069
2.982126
2.982126
2.98218
2.982263
2.982276
2.982336
2.982386
2.982389
2.982423
2.982426
2.982446
2.982553
2.982623
2.982727
2.982846
2.982899
2.98297
2.982973
2.982976
2.983006
2.983025
2.983073
2.983113
2.983119
2.983153
2.983157
2.983182
2.983203
2.983223
2.983273
2.983346
2.983346
2.983413
2.983446
2.983633
2.983639
2.983646
2.983757
2.983913
2.983916
2.983987
2.984119
2.984159
2.984193
2.984243
2.98425
2.98428
2.984282
2.984319
2.984326
2.984393
2.984393
2.984529
2.984573
2.984585
2.984585
2.984609
2.984623
2.98464
2.98466
2.984686
2.984776
2.984826
2.984853
2.984863
2.985057
2.98507
2.985076
2.985086
2.98511
2.985123
2.985126
2.985139
2.985166
2.985167
2.985182
2.985186
2.985193
2.985195
2.985256
2.985272
2.985276
2.985293
2.985309
2.985486
2.985492
2.985536
2.985579
2.985806
2.985869
2.985897
2.98596
2.986079
2.986093
2.986142
2.986149
2.986186
2.986249
2.986302
2.986343
2.986369
2.986497
2.98655
2.986603
2.98665
2.986663
2.986683
2.986689
2.986767
2.986777
2.986816
2.986846
2.986966
2.98698
2.987023
2.987073
2.987112
2.987153
2.98719
2.987423
2.987483
2.987526
2.987639
2.987649
2.987653
2.98769
2.987723
2.987787
2.987807
2.987853
2.987887
2.987887
2.987903
2.987933
2.98794
2.988013
2.988019
2.988149
2.988253
2.988263
2.988317
2.98832
2.988366
2.988372
2.988377
2.988479
2.988525
2.988599
2.988603
2.988616
2.988626
2.988676
2.988719
2.988813
2.988873
2.988897
2.988923
2.988937
2.98895
2.988957
2.989039
2.98904
2.989045
2.989068
2.989113
2.98921
2.989223
2.989229
2.989234
2.989349
2.989376
2.98942
2.989592
2.989613
2.989626
2.989637
2.98966
2.98974
2.989766
2.989919
2.989932
2.98995
2.990032
2.99005
2.990136
2.990179
2.990232
2.99032
2.990347
2.990387
2.990422
2.990423
2.99054
2.990613
2.990729
2.99089
2.991035
2.991049
2.991079
2.991079
2.991096
2.991133
2.991163
2.991186
2.991187
2.991228
2.991329
2.991337
2.991343
2.991376
2.991377
2.991539
2.991559
2.9916
2.9916
2.991603
2.991716
2.991767
2.991767
2.991793
2.991869
2.991886
2.991909
2.99192
2.992029
2.992066
2.992126
2.99216
2.99227
2.992286
2.992309
2.992344
2.992492
2.992493
2.992546
2.992569
2.992676
2.992683
2.99273
2.992799
2.992839
2.99284
2.99284
2.992913
2.992936
2.99294
2.992975
2.992976
2.992987
2.993046
2.993067
2.993133
2.99314
2.99316
2.993165
2.993329
2.993426
2.993429
2.99344
2.993503
2.993523
2.993546
2.993564
2.993622
2.99363
2.993656
2.993739
2.99386
2.993899
2.994169
2.994187
2.99423
2.99425
2.994296
2.994382
2.994389
2.994456
2.99449
2.994563
2.994569
2.994579
2.994596
2.994599
2.994613
2.99466
2.99479
2.99482
2.994945
2.994993
2.99502
2.995043
2.99509
2.995096
2.995113
2.995138
2.995153
2.995153
2.995193
2.9952
2.995269
2.9953
2.995303
2.99532
2.995346
2.995376
2.995436
2.995653
2.995719
2.995787
2.995829
2.995885
2.995926
2.996043
2.996057
2.99606
2.99612
2.996123
2.996126
2.996199
2.996283
2.996336
2.99635
2.996366
2.996469
2.996496
2.996514
2.99658
2.996596
2.996653
2.996683
2.996753
2.99676
2.996783
2.996813
2.996842
2.996903
2.996952
2.996973
2.99701
2.997109
2.997136
2.997246
2.997303
2.99731
2.997323
2.997332
2.997363
2.997433
2.99768
2.997686
2.997712
2.997727
2.99776
2.997783
2.997805
2.997843
2.998
2.99802
2.998036
2.998046
2.998096
2.998166
2.998219
2.998262
2.998273
2.99842
2.998477
2.998586
2.998626
2.998813
2.998843
2.998846
2.998906
2.999035
2.999047
2.999219
2.999236
2.999312
2.999316
2.999346
2.99936
2.999413
2.99943
2.999437
2.999443
2.999476
2.999483
2.999499
2.999557
2.999576
2.99958
2.999606
2.999648
2.999707
2.999736
2.999783
2.999807
2.999833
2.99985
2.99986
2.99991
2.999916
3.000026
3.000046
3.000072
3.000102
3.000106
3.00011
3.000116
3.000157
3.000159
3.000199
3.000233
3.000263
3.000309
3.000379
3.00038
3.000385
3.00041
3.000459
3.00052
3.000555
3.000599
3.00061
3.000626
3.000656
3.000666
3.000753
3.000823
3.000933
3.000935
3.000937
3.000953
3.000956
3.000967
3.000976
3.001026
3.001046
3.001048
3.001107
3.001113
3.001157
3.001177
3.001202
3.00124
3.00125
3.001283
3.001316
3.001363
3.0014
3.001433
3.001447
3.001463
3.001529
3.00161
3.001663
3.00167
3.001683
3.001802
3.001873
3.001903
3.001906
3.00196
3.001982
3.001986
3.001987
3.00199
3.002196
3.00221
3.002216
3.002293
3.00231
3.002329
3.002369
3.002426
3.002453
3.002492
3.002563
3.002566
3.002708
3.002733
3.002746
3.002753
3.00278
3.002783
3.002836
3.002847
3.002856
3.002862
3.002916
3.002963
3.00302
3.003057
3.003069
3.003075
3.003116
3.003129
3.003247
3.003259
3.003273
3.00328
3.00332
3.003322
3.003329
3.00334
3.003363
3.003389
3.003409
3.00342
3.003439
3.003447
3.003477
3.003533
3.00358
3.00361
3.003613
3.003629
3.003629
3.003672
3.003703
3.003726
3.00375
3.003763
3.00377
3.003842
3.003943
3.003943
3.00409
3.004126
3.004133
3.004137
3.004203
3.004256
3.004283
3.004299
3.004309
3.00432
3.004326
3.004334
3.004336
3.00436
3.00439
3.00441
3.00441
3.004413
3.004453
3.004473
3.004513
3.004515
3.004606
3.004627
3.004633
3.004673
3.004673
3.004683
3.004766
3.004876
3.004909
3.004923
3.004983
3.004983
3.005013
3.005023
3.005079
3.00511
3.005143
3.005159
3.005203
3.005247
3.005297
3.005299
3.005406
3.005476
3.005513
3.005543
3.005589
3.00562
3.005659
3.005693
3.005706
3.005723
3.005752
3.005752
3.005803
3.005823
3.005849
3.00593
3.005953
3.005959
3.00599
3.006003
3.006043
3.006073
3.0061
3.006184
3.006206
3.006246
3.00631
3.006316
3.006329
3.006333
3.006416
3.006423
3.006503
3.006553
3.00657
3.006596
3.006606
3.006629
3.00663
3.00664
3.006653
3.006696
3.006703
3.00675
3.00675
3.006757
3.006813
3.006869
3.006899
3.006906
3.006913
3.006987
3.007016
3.007036
3.007037
3.007043
3.007133
3.007153
3.007166
3.007173
3.007177
3.007203
3.007206
3.007219
3.00734
3.007488
3.007539
3.007547
3.007579
3.007593
3.007626
3.007676
3.007686
3.007697
3.007719
3.007729
3.007776
3.007806
3.007846
3.00786
3.007902
3.007936
3.00797
3.007973
3.007986
3.007989
3.008016
3.008206
3.008216
3.008242
3.008266
3.008332
3.008332
3.008336
3.008353
3.008379
3.00839
3.008396
3.008399
3.008472
3.008489
3.008513
3.008649
3.008713
3.008782
3.008804
3.008853
3.008867
3.00887
3.008886
3.00892
3.008936
3.00896
3.009069
3.009099
3.009116
3.009163
3.009173
3.009213
3.009223
3.009226
3.009246
3.009299
3.009306
3.00931
3.009343
3.009346
3.009413
3.009443
3.009447
3.009456
3.009456
3.009456
3.009473
3.009476
3.009516
3.009543
3.009563
3.009572
3.009586
3.009596
3.009653
3.009697
3.009713
3.00974
3.009746
3.009753
3.009773
3.009773
3.009803
3.009853
3.009883
3.009889
3.009939
3.009966
3.009973
3.009982
3.010003
3.010043
3.010063
3.01007
3.010146
3.01019
3.010257
3.010369
3.010373
3.01038
3.010406
3.010472
3.010483
3.010486
3.01052
3.010593
3.010627
3.010646
3.010666
3.010677
3.010685
3.010699
3.010733
3.010782
3.010872
3.010887
3.010913
3.010973
3.010973
3.010973
3.010977
3.010989
3.011002
3.011003
3.011009
3.01104
3.011043
3.011053
3.01112
3.01119
3.011202
3.011233
3.011243
3.01127
3.011273
3.011296
3.01136
3.011373
3.01139
3.01145
3.011457
3.011476
3.01148
3.011539
3.011573
3.011573
3.01159
3.011597
3.011605
3.011614
3.01162
3.011622
3.011636
3.011642
3.011659
3.011659
3.011682
3.01172
3.011723
3.011746
3.011783
3.011787
3.01185
3.011889
3.011894
3.01191
3.01191
3.011932
3.011942
3.011963
3.011966
3.011973
3.011999
3.011999
3.012023
3.012023
3.012026
3.012044
3.012073
3.012077
3.01209
3.01213
3.012136
3.012148
3.01216
3.012163
3.012206
3.01223
3.012286
3.012296
3.01232
3.012333
3.012369
3.012376
3.01243
3.012443
3.012553
3.012576
3.012626
3.01263
3.01266
3.012746
3.012769
3.012773
3.01278
3.01284
3.012856
3.01288
3.012977
3.013
3.013039
3.013056
3.013239
3.013256
3.013343
3.013423
3.013432
3.013433
3.013437
3.013477
3.013482
3.013519
3.013533
3.013557
3.01364
3.013643
3.013657
3.013663
3.013709
3.013793
3.013793
3.013843
3.013846
3.013856
3.013859
3.01386
3.013866
3.013889
3.01389
3.013909
3.013986
3.013986
3.01401
3.014024
3.014043
3.014096
3.014106
3.01417
3.014196
3.014213
3.01423
3.014247
3.014263
3.014276
3.014283
3.014296
3.014307
3.014333
3.014362
3.014389
3.014406
3.014409
3.014544
3.014603
3.014617
3.014643
3.014666
3.014679
3.014693
3.014733
3.014736
3.014756
3.014803
3.014813
3.014846
3.014927
3.015012
3.015016
3.015063
3.015077
3.015077
3.015146
3.015149
3.015163
3.015183
3.015186
3.015187
3.015189
3.015276
3.015286
3.015289
3.015374
3.015429
3.015433
3.015466
3.01548
3.015486
3.015516
3.015533
3.015539
3.015542
3.015546
3.015606
3.01561
3.01564
3.015649
3.015653
3.015653
3.015673
3.01575
3.015767
3.01577
3.01579
3.01583
3.015866
3.015876
3.0159
3.015946
3.015982
3.016013
3.01603
3.01608
3.016103
3.016147
3.016149
3.016212
3.016215
3.016216
3.016253
3.016326
3.01634
3.01637
3.01638
3.016386
3.0164
3.016423
3.01645
3.016476
3.016523
3.016533
3.016567
3.01667
3.016676
3.016709
3.016712
3.016746
3.016753
3.016763
3.01679
3.016817
3.016823
3.016837
3.016906
3.016936
3.017
3.01701
3.017023
3.017066
3.017069
3.017088
3.01709
3.017093
3.017106
3.01713
3.01714
3.017152
3.017266
3.017276
3.0173
3.01735
3.01736
3.017373
3.017373
3.017376
3.0174
3.017403
3.017483
3.017516
3.017553
3.017603
3.017616
3.017617
3.017622
3.017653
3.017663
3.017672
3.017716
3.017776
3.017826
3.017862
3.017896
3.0179
3.017936
3.017973
3.018043
3.018043
3.018055
3.018063
3.0181
3.018127
3.018179
3.018215
3.018253
3.01829
3.018293
3.018299
3.018337
3.01838
3.018383
3.018397
3.018453
3.018457
3.01849
3.018497
3.018513
3.018516
3.018529
3.018553
3.018602
3.01861
3.018613
3.018633
3.018703
3.018706
3.018743
3.018753
3.018783
3.01881
3.018833
3.018837
3.01885
3.018853
3.018859
3.018863
3.018866
3.018889
3.018926
3.018933
3.01894
3.018983
3.018986
3.018989
3.018993
3.019013
3.019086
3.019133
3.019133
3.01916
3.019223
3.019273
3.019326
3.019367
3.019382
3.019386
3.019529
3.01953
3.01961
3.019613
3.019647
3.01983
3.019839
3.019957
3.019976
3.01998
3.020057
3.02006
3.020076
3.020099
3.0201
3.020127
3.020183
3.020193
3.020206
3.020226
3.020309
3.020327
3.020366
3.020413
3.02045
3.020483
3.020492
3.020506
3.020533
3.02055
3.020562
3.020583
3.02059
3.02059
3.020617
3.020657
3.020663
3.020686
3.020696
3.020732
3.020783
3.020789
3.02083
3.020883
3.02091
3.02092
3.020943
3.020963
3.021043
3.021065
3.02109
3.02111
3.021116
3.021117
3.021166
3.02126
3.021276
3.021293
3.021326
3.021376
3.021409
3.02149
3.02151
3.021526
3.021603
3.021643
3.021663
3.021699
3.021719
3.021727
3.021783
3.02183
3.021833
3.021873
3.021879
3.021916
3.02193
3.021936
3.021953
3.021963
3.021982
3.02199
3.021992
3.022016
3.022039
3.022093
3.022156
3.022189
3.022193
3.022213
3.022259
3.02228
3.022283
3.02229
3.022329
3.02235
3.02236
3.022367
3.022383
3.022396
3.022433
3.02244
3.022463
3.022487
3.022503
3.022506
3.02256
3.022563
3.022576
3.02262
3.022623
3.022642
3.022643
3.022656
3.022673
3.02271
3.02271
3.022736
3.022799
3.0228
3.022816
3.022833
3.022856
3.022876
3.02297
3.022972
3.023013
3.023047
3.023077
3.023106
3.02321
3.023223
3.023239
3.02327
3.023343
3.02338
3.023386
3.023387
3.023439
3.02344
3.02345
3.023496
3.02351
3.023526
3.023617
3.02364
3.02364
3.023653
3.023682
3.02369
3.023769
3.0238
3.023837
3.023846
3.023879
3.024003
3.024008
3.02403
3.02405
3.024069
3.024083
3.02411
3.024163
3.024233
3.024237
3.024253
3.024263
3.024303
3.024316
3.024339
3.024375
3.024389
3.024426
3.024447
3.024449
3.02445
3.024493
3.024563
3.024587
3.024593
3.024603
3.024606
3.024619
3.02467
3.024673
3.024697
3.024713
3.024723
3.024729
3.02491
3.024936
3.024936
3.02496
3.024962
3.024967
3.024986
3.025086
3.025127
3.02518
3.02519
3.025206
3.025213
3.025229
3.025243
3.02526
3.025282
3.025297
3.02532
3.025343
3.025375
3.02539
3.025393
3.0254
3.02541
3.025429
3.025433
3.025446
3.025476
3.025503
3.02552
3.025573
3.025599
3.025603
3.025646
3.025653
3.025656
3.025663
3.025666
3.0257
3.02578
3.025836
3.025893
3.02591
3.025923
3.025946
3.026016
3.02607
3.02611
3.026209
3.02623
3.026327
3.026332
3.026433
3.026453
3.026463
3.026483
3.026486
3.026492
3.026517
3.026553
3.02658
3.026587
3.026596
3.026613
3.026663
3.026677
3.026703
3.026707
3.026769
3.026796
3.026796
3.026807
3.026896
3.02692
3.026949
3.026966
3.026969
3.026976
3.026993
3.027037
3.027083
3.027096
3.027119
3.027123
3.027147
3.027165
3.027182
3.027186
3.027209
3.027223
3.0273
3.027306
3.027402
3.02745
3.02751
3.027518
3.02757
3.027583
3.027586
3.027586
3.027613
3.027683
3.027683
3.027696
3.027696
3.027703
3.027727
3.027743
3.027759
3.027763
3.027803
3.027816
3.027827
3.027849
3.027926
3.027926
3.027932
3.027943
3.027947
3.027956
3.02797
3.027983
3.028007
3.028016
3.028026
3.028043
3.028123
3.028146
3.028156
3.028169
3.028173
3.028192
3.028273
3.028296
3.028307
3.028316
3.02832
3.028373
3.0284
3.028423
3.02843
3.028473
3.028493
3.0285
3.028539
3.028563
3.028565
3.028609
3.028725
3.02874
3.028772
3.028817
3.028856
3.028857
3.028874
3.028915
3.028932
3.028969
3.028999
3.029013
3.02904
3.029107
3.029175
3.029183
3.02925
3.029266
3.02927
3.029286
3.029316
3.029326
3.029366
3.029383
3.029386
3.029406
3.029428
3.029443
3.029443
3.029456
3.029493
3.029499
3.029532
3.029543
3.02955
3.029593
3.02969
3.029693
3.029723
3.029726
3.029727
3.029733
3.029739
3.029817
3.029849
3.029856
3.0299
3.029915
3.029919
3.02995
3.029984
3.029989
3.030026
3.030079
3.030096
3.030099
3.030103
3.030123
3.030153
3.030193
3.03021
3.030226
3.030265
3.030272
3.030306
3.030344
3.030353
3.030386
3.030426
3.030432
3.030436
3.03044
3.030449
3.030467
3.030476
3.030526
3.030559
3.030616
3.030636
3.030696
3.030709
3.030709
3.030726
3.03074
3.030896
3.030906
3.030953
3.030963
3.03108
3.031116
3.031139
3.031143
3.031144
3.031146
3.031192
3.031247
3.031249
3.03125
3.031258
3.031259
3.031296
3.031306
3.031323
3.03133
3.031349
3.0314
3.031439
3.031443
3.031486
3.03149
3.031493
3.0315
3.031509
3.031516
3.031546
3.03157
3.031603
3.031616
3.031625
3.031643
3.031672
3.03171
3.031713
3.031725
3.031763
3.031776
3.03178
3.031793
3.03181
3.031829
3.031869
3.031909
3.031963
3.031999
3.032013
3.032043
3.032043
3.032046
3.032054
3.032056
3.032059
3.032063
3.03207
3.032126
3.03217
3.032177
3.032193
3.032199
3.032206
3.032256
3.032273
3.0323
3.032307
3.032333
3.032363
3.032376
3.032383
3.032387
3.032412
3.032423
3.032455
3.032476
3.032499
3.032543
3.032569
3.032599
3.032606
3.03262
3.032623
3.032646
3.032663
3.032666
3.032689
3.0327
3.03276
3.032796
3.032852
3.032873
3.032876
3.032886
3.032889
3.032899
3.032913
3.03293
3.032952
3.032959
3.03306
3.033063
3.033077
3.033079
3.033108
3.03311
3.033125
3.033136
3.033143
3.033173
3.033183
3.033212
3.033259
3.033269
3.033283
3.033283
3.0333
3.033319
3.03332
3.033419
3.033447
3.03353
3.033549
3.03355
3.033563
3.033633
3.033643
3.033646
3.033662
3.033703
3.033723
3.033742
3.033753
3.033756
3.033796
3.033836
3.03385
3.033866
3.033876
3.033926
3.033955
3.033996
3.034003
3.034029
3.034029
3.034043
3.03405
3.034059
3.034092
3.034123
3.03413
3.034142
3.03417
3.034176
3.034189
3.034274
3.034293
3.034296
3.034317
3.034417
3.034453
3.034533
3.034563
3.034593
3.034619
3.03468
3.034713
3.034723
3.034766
3.034769
3.034839
3.034846
3.034849
3.03487
3.03488
3.034916
3.034917
3.034923
3.034959
3.035023
3.035049
3.03505
3.03506
3.03509
3.035146
3.035155
3.035206
3.03523
3.035253
3.035263
3.035267
3.035303
3.035309
3.035323
3.035353
3.035363
3.035396
3.035397
3.035413
3.03546
3.035463
3.035476
3.035529
3.035592
3.035693
3.035717
3.035762
3.03578
3.03578
3.035799
3.03581
3.035825
3.03584
3.035863
3.035883
3.035889
3.035959
3.035976
3.035989
3.035989
3.035996
3.035999
3.036006
3.036026
3.036029
3.03603
3.036063
3.036066
3.036073
3.036079
3.036097
3.036122
3.03614
3.036156
3.036176
3.03618
3.036196
3.036239
3.036253
3.036256
3.036286
3.036336
3.036343
3.036396
3.036406
3.036429
3.03645
3.036464
3.036466
3.036593
3.036653
3.036666
3.036673
3.03668
3.036713
3.036716
3.036736
3.036752
3.036796
3.036827
3.03684
3.036857
3.036872
3.036879
3.03696
3.036965
3.036989
3.037046
3.037046
3.037063
3.037067
3.03716
3.037182
3.03719
3.037209
3.03727
3.037273
3.037282
3.037316
3.03733
3.037397
3.037406
3.03742
3.03749
3.0375
3.037537
3.037549
3.037557
3.037589
3.037643
3.037676
3.037682
3.037743
3.037749
3.037756
3.037776
3.037786
3.037789
3.03779
3.037806
3.037846
3.037919
3.037933
3.037942
3.037947
3.037963
3.037963
3.037983
3.037993
3.038007
3.03804
3.038096
3.038206
3.038215
3.038233
3.038243
3.038277
3.038286
3.038286
3.038306
3.03832
3.038343
3.038346
3.03839
3.038403
3.038403
3.038409
3.038413
3.038419
3.03847
3.0385
3.038503
3.038506
3.038536
3.038594
3.038599
3.038613
3.038627
3.038643
3.038653
3.038666
3.038703
3.038726
3.038729
3.038783
3.038798
3.038812
3.038836
3.038837
3.038843
3.038846
3.038866
3.038907
3.038919
3.038923
3.038936
3.038972
3.038986
3.038989
3.039056
3.039063
3.039083
3.039149
3.039176
3.039226
3.039243
3.039246
3.039279
3.039306
3.039306
3.039314
3.039316
3.039366
3.0394
3.039426
3.03945
3.03945
3.039536
3.039563
3.039569
3.039569
3.039573
3.039603
3.039606
3.039607
3.039613
3.039616
3.039636
3.039659
3.039693
3.039697
3.039709
3.039723
3.039826
3.039833
3.039846
3.039872
3.039889
3.039889
3.039952
3.039953
3.03996
3.039986
3.03999
3.039997
3.04
3.040089
3.040165
3.040169
3.040179
3.04019
3.040223
3.040243
3.040256
3.040304
3.040399
3.040407
3.040413
3.040436
3.040509
3.040523
3.04056
3.040586
3.040623
3.040636
3.040709
3.040717
3.04075
3.040756
3.040768
3.040783
3.0408
3.04082
3.040866
3.040883
3.040897
3.04093
3.040937
3.040953
3.041006
3.041016
3.04105
3.041079
3.041086
3.041113
3.041113
3.041119
3.041243
3.041247
3.041256
3.04128
3.04128
3.041313
3.04133
3.041343
3.041399
3.041422
3.041456
3.04146
3.041463
3.04149
3.041499
3.04151
3.041533
3.041543
3.0416
3.041616
3.041623
3.041629
3.041653
3.041699
3.041783
3.041793
3.041803
3.041807
3.04182
3.041836
3.041842
3.041866
3.04188
3.041893
3.041896
3.041929
3.04193
3.041943
3.041956
3.041963
3.042003
3.042029
3.042045
3.042093
3.042113
3.04212
3.04213
3.04214
3.042156
3.042167
3.042189
3.042239
3.042273
3.042273
3.042299
3.042303
3.042316
3.042396
3.0424
3.042433
3.042451
3.04249
3.042503
3.042503
3.042519
3.042547
3.04258
3.042586
3.042602
3.042603
3.042613
3.042673
3.042808
3.042856
3.042879
3.042892
3.042956
3.04296
3.042963
3.04297
3.043013
3.043026
3.043036
3.043036
3.043065
3.043083
3.04309
3.043093
3.043127
3.043153
3.043246
3.043283
3.043296
3.04332
3.043327
3.043333
3.04335
3.043446
3.043456
3.043463
3.043463
3.043477
3.043495
3.043496
3.043502
3.04354
3.043546
3.043583
3.043613
3.043673
3.043693
3.043716
3.043736
3.043766
3.043796
3.04388
3.04388
3.043913
3.043913
3.043923
3.043933
3.043953
3.043973
3.043993
3.044016
3.044026
3.044055
3.044163
3.044166
3.04418
3.044217
3.044233
3.044238
3.044242
3.044273
3.044296
3.044299
3.044313
3.044319
3.044319
3.044413
3.044439
3.044446
3.044456
3.044456
3.044466
3.044537
3.044554
3.044616
3.044623
3.044629
3.044669
3.04468
3.044707
3.044723
3.044826
3.044826
3.044826
3.044846
3.044883
3.044906
3.044959
3.045033
3.045056
3.04506
3.045126
3.045159
3.045163
3.04517
3.045173
3.045176
3.045216
3.045263
3.045283
3.045336
3.04534
3.045349
3.04537
3.045406
3.045426
3.045497
3.045597
3.045616
3.045686
3.045746
3.045763
3.04577
3.045773
3.045839
3.045869
3.045907
3.045937
3.045956
3.045956
3.045969
3.045969
3.04598
3.045983
3.045989
3.046032
3.046033
3.046109
3.04613
3.046213
3.046265
3.046312
3.046429
3.046512
3.04653
3.04653
3.046533
3.046573
3.046576
3.046656
3.046709
3.04671
3.046736
3.046747
3.046753
3.046807
3.046815
3.046827
3.04683
3.046842
3.04687
3.046876
3.046876
3.0469
3.046977
3.047019
3.04704
3.047062
3.047127
3.04715
3.047153
3.047153
3.047166
3.047176
3.047206
3.047237
3.04725
3.047263
3.047293
3.04731
3.047317
3.047317
3.047347
3.04737
3.047399
3.047407
3.047416
3.047429
3.047456
3.047476
3.047483
3.047497
3.047516
3.04752
3.047536
3.047537
3.04754
3.047559
3.047573
3.047586
3.047609
3.04762
3.047627
3.04767
3.047676
3.047676
3.047679
3.04768
3.047727
3.04774
3.04775
3.047783
3.047813
3.047823
3.047833
3.047836
3.047839
3.047856
3.047866
3.047866
3.047886
3.047982
3.047987
3.047999
3.048
3.048003
3.048003
3.048007
3.048013
3.04802
3.048026
3.04805
3.048053
3.048053
3.04809
3.048096
3.048096
3.048113
3.04812
3.048153
3.048177
3.048193
3.048199
3.04821
3.048212
3.048227
3.048229
3.048274
3.048343
3.048346
3.048356
3.04836
3.048393
3.048403
3.04845
3.048526
3.048559
3.048576
3.048613
3.04867
3.04868
3.048706
3.048709
3.04874
3.048836
3.048883
3.048896
3.048926
3.048927
3.048953
3.049003
3.049026
3.04906
3.04907
3.049093
3.049106
3.04911
3.049117
3.049123
3.049163
3.049166
3.049167
3.049183
3.049223
3.049283
3.049397
3.0494
3.049412
3.049419
3.049419
3.049469
3.049479
3.049523
3.049543
3.04955
3.049593
3.04966
3.049683
3.049706
3.049726
3.049762
3.049846
3.049893
3.049959
3.049999
3.05
3.050033
3.050043
3.05007
3.050083
3.050159
3.050166
3.050166
3.050213
3.050237
3.050276
3.050299
3.050366
3.050373
3.050446
3.050453
3.050496
3.050507
3.050626
3.05065
3.050659
3.050666
3.050729
3.050739
3.050753
3.050796
3.050809
3.050816
3.050833
3.050866
3.050867
3.0509
3.050933
3.050973
3.05098
3.050983
3.050993
3.050996
3.051006
3.051013
3.051046
3.051107
3.051112
3.05112
3.051183
3.0512
3.051207
3.051215
3.051246
3.051269
3.051303
3.051313
3.051333
3.051417
3.051422
3.051423
3.051423
3.051443
3.051484
3.051497
3.051505
3.05153
3.051537
3.051567
3.051572
3.051573
3.05159
3.051603
3.051613
3.05162
3.051659
3.051706
3.051709
3.051746
3.051763
3.05179
3.051822
3.051897
3.051903
3.051906
3.051933
3.051936
3.05195
3.051952
3.051977
3.052
3.052023
3.05203
3.052089
3.052103
3.052103
3.05211
3.05213
3.052142
3.052163
3.052166
3.052209
3.052226
3.05223
3.05227
3.052279
3.052286
3.05229
3.05233
3.052377
3.052423
3.052426
3.052427
3.052436
3.052443
3.052457
3.052472
3.05248
3.052513
3.052543
3.052547
3.052579
3.052587
3.052602
3.05261
3.05265
3.052669
3.052686
3.0527
3.0527
3.052709
3.05272
3.052723
3.052727
3.052803
3.052842
3.05287
3.052906
3.052916
3.052933
3.052934
3.052956
3.053014
3.05304
3.05309
3.053106
3.05311
3.053136
3.05318
3.053213
3.053233
3.053233
3.053236
3.053263
3.053306
3.053334
3.053356
3.053369
3.053383
3.053419
3.053429
3.053439
3.053478
3.05348
3.053482
3.05349
3.053529
3.053537
3.053539
3.053543
3.053552
3.053623
3.05364
3.053646
3.053669
3.053676
3.053676
3.053683
3.053683
3.053683
3.05375
3.053839
3.05384
3.05389
3.053913
3.053923
3.053983
3.053983
3.053986
3.054015
3.054016
3.05406
3.054159
3.054173
3.054224
3.05423
3.054247
3.054279
3.054294
3.054343
3.054347
3.054403
3.054413
3.054423
3.054432
3.05447
3.054496
3.054537
3.05456
3.054643
3.054643
3.054649
3.054654
3.054656
3.054676
3.05468
3.05469
3.054696
3.054714
3.054723
3.054743
3.05476
3.054809
3.054816
3.05486
3.054876
3.054946
3.054953
3.054956
3.054973
3.05498
3.055019
3.05505
3.055099
3.05511
3.055123
3.05514
3.055186
3.055229
3.055233
3.055237
3.05526
3.055293
3.055303
3.055323
3.055326
3.05535
3.055363
3.055419
3.055443
3.055446
3.055446
3.05552
3.05554
3.055542
3.055589
3.055596
3.055603
3.05564
3.055703
3.055726
3.055726
3.055737
3.055756
3.055773
3.055833
3.055897
3.055926
3.05596
3.055963
3.055969
3.056003
3.05604
3.056044
3.056046
3.056062
3.05607
3.056073
3.056085
3.056139
3.056143
3.056173
3.056176
3.056203
3.056209
3.05623
3.05624
3.056245
3.05629
3.056303
3.056303
3.056316
3.056333
3.0564
3.056433
3.056453
3.056462
3.056479
3.05648
3.056487
3.05649
3.056503
3.056589
3.056603
3.056613
3.056633
3.05667
3.056699
3.056716
3.056722
3.056762
3.056763
3.05688
3.056926
3.056933
3.056963
3.056996
3.05702
3.057072
3.057133
3.057143
3.057146
3.057169
3.057207
3.057239
3.05725
3.057276
3.057297
3.05731
3.057347
3.057367
3.057376
3.057499
3.057503
3.057533
3.057547
3.05761
3.057636
3.057663
3.057677
3.057753
3.057757
3.057766
3.05782
3.05782
3.057826
3.05784
3.057886
3.057906
3.057917
3.057923
3.057946
3.05795
3.05804
3.058056
3.058073
3.058126
3.05813
3.058143
3.058156
3.058163
3.058185
3.05819
3.058219
3.058237
3.058267
3.058293
3.05833
3.058437
3.058473
3.05849
3.058516
3.058529
3.058537
3.058539
3.05857
3.05857
3.058573
3.058573
3.058625
3.058629
3.058683
3.058753
3.058786
3.058833
3.058853
3.058871
3.058979
3.058988
3.058993
3.058993
3.05901
3.059019
3.05908
3.05908
3.059107
3.059146
3.059186
3.0592
3.059239
3.059243
3.059246
3.05929
3.059293
3.059317
3.059372
3.059373
3.059399
3.059409
3.05945
3.05945
3.059456
3.059466
3.059524
3.059526
3.059533
3.059546
3.059583
3.05961
3.059689
3.059726
3.059746
3.059753
3.059773
3.059789
3.059789
3.059819
3.059826
3.059866
3.05987
3.059892
3.05991
3.059995
3.060036
3.060049
3.060059
3.060073
3.060103
3.060193
3.0602
3.060206
3.060227
3.060233
3.060269
3.060272
3.060276
3.060283
3.060286
3.060343
3.06036
3.060367
3.060379
3.060397
3.060423
3.060443
3.060443
3.060469
3.060509
3.060523
3.060559
3.06056
3.060573
3.060619
3.060667
3.060725
3.06075
3.06076
3.06076
3.060797
3.060823
3.060849
3.060867
3.060882
3.060916
3.060937
3.060943
3.060943
3.060957
3.060983
3.060993
3.061023
3.061023
3.061026
3.061043
3.061043
3.061083
3.0611
3.061112
3.061116
3.061123
3.061146
3.06117
3.061196
3.061207
3.061243
3.061259
3.061266
3.061283
3.061291
3.061317
3.061336
3.061346
3.061353
3.061353
3.061359
3.06145
3.061473
3.061483
3.061523
3.061559
3.061566
3.061567
3.061567
3.061593
3.061599
3.06161
3.06162
3.061639
3.061639
3.061643
3.0617
3.061719
3.061757
3.061766
3.061783
3.061786
3.061799
3.0618
3.061803
3.06181
3.061819
3.061889
3.06194
3.061957
3.061975
3.061986
3.061987
3.062017
3.062043
3.062056
3.062056
3.062056
3.06206
3.062116
3.062127
3.062193
3.06222
3.062229
3.062253
3.06226
3.062358
3.06237
3.062376
3.062406
3.062452
3.062503
3.062523
3.062563
3.062584
3.062597
3.062643
3.062652
3.062653
3.062656
3.062666
3.062696
3.06271
3.062729
3.06273
3.062739
3.062746
3.062746
3.062766
3.062779
3.0628
3.062813
3.062819
3.062827
3.062889
3.062889
3.06289
3.062929
3.062945
3.062956
3.06296
3.063003
3.063022
3.063083
3.063102
3.063119
3.063126
3.063127
3.063183
3.063193
3.063213
3.06325
3.06325
3.063256
3.06334
3.063343
3.063347
3.063356
3.063357
3.063387
3.0634
3.063426
3.063436
3.063453
3.063483
3.063486
3.063503
3.06364
3.063657
3.06367
3.063673
3.063697
3.0637
3.06373
3.06376
3.063803
3.06381
3.063853
3.06387
3.063903
3.063913
3.063926
3.063937
3.063949
3.063956
3.063986
3.063996
3.064026
3.064049
3.064073
3.064086
3.064093
3.064126
3.064146
3.064149
3.064186
3.064236
3.064236
3.064253
3.064263
3.06429
3.064363
3.06438
3.06441
3.064416
3.064416
3.064429
3.06443
3.06445
3.064474
3.06451
3.064553
3.064566
3.064623
3.064663
3.064679
3.064716
3.064773
3.0648
3.064823
3.064862
3.064866
3.064883
3.0649
3.064906
3.064906
3.064966
3.064987
3.064993
3.065063
3.065086
3.065087
3.06509
3.06511
3.065123
3.065132
3.065147
3.065162
3.065177
3.065196
3.065239
3.065272
3.0653
3.065306
3.065316
3.065336
3.065339
3.06536
3.065436
3.06545
3.065457
3.065457
3.065483
3.065486
3.065494
3.065539
3.065539
3.065542
3.06556
3.065603
3.065623
3.06566
3.065709
3.06582
3.065925
3.065939
3.065942
3.065943
3.065986
3.066
3.066026
3.066027
3.066033
3.066093
3.066099
3.06611
3.066143
3.066153
3.066203
3.066229
3.066276
3.066279
3.066286
3.066323
3.066332
3.066427
3.066436
3.066456
3.066483
3.066489
3.066529
3.066537
3.066546
3.066556
3.066573
3.06658
3.066646
3.06676
3.066783
3.066816
3.066873
3.066883
3.06689
3.066897
3.06692
3.066939
3.06698
3.066996
3.067029
3.067062
3.067136
3.067146
3.067156
3.067172
3.067179
3.067186
3.067187
3.067236
3.067276
3.067297
3.067306
3.067347
3.06742
3.067427
3.067453
3.067457
3.067473
3.067483
3.0675
3.067517
3.067609
3.067619
3.06764
3.067643
3.067646
3.067756
3.067799
3.06781
3.067856
3.067867
3.067899
3.067914
3.067926
3.06793
3.067946
3.068009
3.068036
3.068057
3.068116
3.068137
3.068139
3.068163
3.068195
3.068226
3.068243
3.068246
3.068267
3.068333
3.068347
3.068353
3.068356
3.068376
3.068389
3.068393
3.06849
3.068523
3.06853
3.06853
3.068546
3.068563
3.068597
3.0686
3.068703
3.068756
3.068809
3.068816
3.068846
3.06885
3.068873
3.068892
3.068893
3.068919
3.068967
3.069013
3.069043
3.069103
3.069106
3.069116
3.069133
3.06915
3.069166
3.069189
3.06921
3.06922
3.069229
3.069242
3.069252
3.06935
3.069387
3.06947
3.069473
3.069506
3.069533
3.06954
3.069559
3.069613
3.06963
3.069633
3.069663
3.06968
3.069796
3.069826
3.069832
3.069943
3.069947
3.06995
3.069966
3.069973
3.070029
3.07004
3.07007
3.070073
3.070116
3.070127
3.070131
3.07015
3.0702
3.070206
3.07023
3.070247
3.070273
3.070296
3.070297
3.070346
3.070359
3.070373
3.070389
3.07041
3.070423
3.070426
3.070436
3.07044
3.070466
3.070482
3.070484
3.070496
3.070499
3.070505
3.070516
3.07055
3.070559
3.070583
3.07068
3.070753
3.070827
3.07083
3.070873
3.07093
3.070983
3.071067
3.071083
3.071096
3.071107
3.071257
3.071287
3.071339
3.071402
3.07142
3.071447
3.07151
3.071529
3.071532
3.071557
3.071579
3.071619
3.071676
3.071683
3.071696
3.071703
3.071703
3.071729
3.07174
3.071773
3.07178
3.07181
3.071813
3.07182
3.071866
3.071937
3.071949
3.07195
3.071957
3.071966
3.071973
3.071984
3.071986
3.07201
3.072013
3.072024
3.072062
3.072072
3.072083
3.07211
3.072129
3.07213
3.072153
3.07216
3.072246
3.072289
3.072306
3.072316
3.07232
3.072329
3.07235
3.07236
3.072367
3.072436
3.072441
3.072453
3.072456
3.072463
3.072467
3.072483
3.072487
3.07249
3.072536
3.07254
3.072546
3.072553
3.072563
3.072583
3.072607
3.072693
3.072709
3.072713
3.072737
3.072777
3.072783
3.072817
3.072826
3.072886
3.072894
3.072953
3.072979
3.073026
3.073036
3.073037
3.07306
3.073093
3.073109
3.073143
3.073153
3.07319
3.073197
3.07323
3.07323
3.073248
3.073256
3.073256
3.073273
3.073287
3.073292
3.073313
3.073316
3.073333
3.07334
3.07335
3.07339
3.073416
3.073443
3.073449
3.073456
3.073469
3.073534
3.073539
3.073553
3.073563
3.073599
3.073603
3.073617
3.073653
3.073683
3.073699
3.073706
3.073709
3.073763
3.073776
3.073843
3.073863
3.0739
3.073939
3.073971
3.07408
3.074123
3.074126
3.07415
3.074163
3.074163
3.074166
3.074209
3.07422
3.074236
3.074237
3.074285
3.07432
3.074337
3.074366
3.074373
3.07439
3.074477
3.074536
3.074557
3.074573
3.074603
3.07466
3.074693
3.074717
3.074759
3.07478
3.074866
3.074873
3.074897
3.074917
3.074923
3.07498
3.074986
3.074986
3.074996
3.075043
3.07509
3.075096
3.075106
3.075166
3.07523
3.075297
3.075331
3.075337
3.075364
3.075367
3.075383
3.075429
3.07544
3.07546
3.075463
3.075517
3.075543
3.075553
3.07557
3.075583
3.075636
3.07564
3.075643
3.075643
3.075659
3.07566
3.075662
3.075679
3.075703
3.075723
3.07573
3.075737
3.075753
3.07577
3.075783
3.075824
3.075853
3.075853
3.075903
3.075946
3.075962
3.075963
3.075963
3.07597
3.075973
3.075997
3.076003
3.076005
3.076017
3.07603
3.076056
3.076073
3.076086
3.076126
3.076153
3.076156
3.076169
3.076173
3.07621
3.076223
3.076263
3.076275
3.076299
3.076333
3.076343
3.076356
3.07642
3.07643
3.07647
3.076477
3.07653
3.07654
3.076543
3.0766
3.076606
3.076642
3.076699
3.076723
3.07679
3.076829
3.076835
3.076857
3.076863
3.07693
3.07694
3.076959
3.076963
3.076983
3.076999
3.077006
3.077039
3.077056
3.077096
3.077096
3.077153
3.077153
3.077169
3.07721
3.07723
3.07723
3.077274
3.07735
3.077359
3.077429
3.077446
3.07745
3.07746
3.077553
3.077564
3.077636
3.077666
3.077673
3.077713
3.077819
3.07783
3.077843
3.077844
3.077889
3.07789
3.077907
3.077919
3.077927
3.077929
3.077969
3.077983
3.078053
3.078069
3.078089
3.07809
3.078126
3.078157
3.078196
3.078259
3.07832
3.07834
3.078353
3.078377
3.078386
3.0784
3.07841
3.078503
3.078507
3.07851
3.078517
3.07852
3.078539
3.07857
3.078615
3.078633
3.078643
3.078693
3.07877
3.078783
3.07879
3.078803
3.078886
3.078907
3.078909
3.078936
3.078963
3.07898
3.07902
3.079029
3.07904
3.079052
3.079083
3.079142
3.079143
3.079147
3.07919
3.079226
3.079263
3.079273
3.07928
3.079316
3.079346
3.079347
3.079357
3.079407
3.079426
3.079436
3.079436
3.079437
3.079486
3.079489
3.079496
3.079519
3.079553
3.0796
3.079612
3.079616
3.079639
3.079643
3.079646
3.079669
3.079679
3.079689
3.079726
3.07973
3.079755
3.079767
3.079773
3.079779
3.079782
3.079917
3.079939
3.079963
3.079976
3.079979
3.07998
3.079996
3.080057
3.080129
3.080143
3.080169
3.08017
3.08017
3.080173
3.080199
3.080273
3.080283
3.080283
3.080289
3.080387
3.080449
3.08046
3.080466
3.08048
3.08051
3.080517
3.08052
3.08055
3.080553
3.080563
3.080593
3.080633
3.080653
3.080665
3.080669
3.080699
3.080719
3.080739
3.080753
3.080759
3.080765
3.080817
3.08082
3.08087
3.080876
3.080896
3.080949
3.080966
3.081056
3.08112
3.081129
3.081146
3.081157
3.08119
3.081193
3.081223
3.08131
3.081323
3.081336
3.08138
3.081406
3.08143
3.081447
3.081533
3.08154
3.08158
3.0816
3.08161
3.081692
3.081693
3.081696
3.081706
3.081723
3.081739
3.08177
3.08182
3.081849
3.081859
3.081873
3.081879
3.081893
3.081905
3.081977
3.081999
3.082009
3.082046
3.08206
3.082112
3.082119
3.082193
3.082207
3.082223
3.08223
3.082277
3.082282
3.08229
3.082296
3.082309
3.082313
3.082346
3.082346
3.082346
3.082357
3.08239
3.0824
3.082416
3.082446
3.082447
3.082536
3.082543
3.082583
3.082603
3.082609
3.082626
3.082639
3.082646
3.08265
3.082659
3.08266
3.082703
3.082703
3.082756
3.082756
3.082793
3.082823
3.082833
3.082837
3.082893
3.082926
3.082956
3.08296
3.082993
3.083026
3.083026
3.083107
3.083146
3.083173
3.08321
3.083266
3.083273
3.083293
3.08331
3.083353
3.083373
3.083377
3.083429
3.083443
3.083447
3.083496
3.083506
3.083506
3.083513
3.083533
3.083546
3.083566
3.083579
3.083583
3.083656
3.083662
3.083673
3.083732
3.083743
3.083773
3.083793
3.083806
3.083853
3.083853
3.083873
3.083879
3.083923
3.083976
3.084
3.08401
3.084033
3.084069
3.08421
3.084229
3.08424
3.084243
3.084272
3.08429
3.08431
3.084333
3.084359
3.08436
3.084363
3.084379
3.08438
3.084383
3.084393
3.084393
3.084394
3.084397
3.08446
3.08446
3.084473
3.08453
3.084553
3.08456
3.08459
3.084613
3.084613
3.084615
3.084637
3.08464
3.08466
3.08466
3.084714
3.084719
3.084747
3.084773
3.084813
3.084893
3.084923
3.084932
3.084949
3.08499
3.084996
3.08505
3.085077
3.0851
3.085103
3.085159
3.08519
3.085236
3.085273
3.085336
3.085343
3.085353
3.085426
3.085429
3.085443
3.085466
3.085506
3.085516
3.085529
3.085593
3.085614
3.085663
3.085673
3.08575
3.085768
3.085817
3.085857
3.08589
3.085996
3.086053
3.086059
3.086142
3.086172
3.086183
3.086296
3.086308
3.086333
3.086334
3.086376
3.086389
3.086389
3.086419
3.086449
3.086489
3.086506
3.086553
3.08659
3.086653
3.086655
3.086656
3.086693
3.086706
3.086743
3.086749
3.086753
3.086763
3.08678
3.086876
3.086893
3.086923
3.086963
3.086967
3.087026
3.08704
3.087054
3.08706
3.087133
3.087156
3.08716
3.087183
3.087203
3.087213
3.087227
3.087249
3.087273
3.08729
3.087303
3.087343
3.08737
3.087383
3.087429
3.087483
3.087535
3.08755
3.087573
3.087673
3.087723
3.087729
3.087743
3.087833
3.087837
3.087843
3.08792
3.087926
3.087934
3.088013
3.088016
3.088026
3.088093
3.08811
3.08813
3.08814
3.08821
3.088211
3.088223
3.088326
3.088356
3.088359
3.088366
3.088373
3.088466
3.088499
3.088563
3.088579
3.088595
3.08863
3.08864
3.088693
3.088706
3.088713
3.088782
3.088797
3.088853
3.088883
3.088936
3.08894
3.088945
3.088956
3.08897
3.088972
3.088989
3.089043
3.08906
3.089183
3.089266
3.089269
3.0893
3.089307
3.089333
3.089416
3.089433
3.08946
3.08954
3.089542
3.089596
3.0896
3.089603
3.089803
3.089847
3.089943
3.089953
3.089979
3.089981
3.090017
3.090073
3.090077
3.090186
3.09019
3.090213
3.090284
3.09038
3.090396
3.090453
3.090453
3.090456
3.09046
3.090533
3.090556
3.0906
3.090603
3.090637
3.090659
3.09067
3.090716
3.090733
3.090736
3.090816
3.090823
3.090823
3.090873
3.09097
3.090986
3.091043
3.091056
3.091086
3.091086
3.091089
3.091119
3.091119
3.091156
3.091177
3.09119
3.09127
3.09127
3.091346
3.09139
3.091393
3.091406
3.091419
3.091427
3.091427
3.091435
3.09145
3.091616
3.09163
3.09163
3.091656
3.09171
3.091726
3.091733
3.091753
3.091756
3.091823
3.091846
3.091903
3.09192
3.091933
3.091979
3.091983
3.091989
3.091989
3.091993
3.091999
3.092119
3.09213
3.092143
3.092157
3.092213
3.092223
3.09225
3.092296
3.092306
3.092324
3.092326
3.092343
3.092391
3.092392
3.092396
3.0924
3.092452
3.092459
3.092459
3.092469
3.092489
3.092496
3.092503
3.092523
3.092576
3.092577
3.092586
3.09259
3.092596
3.092629
3.09267
3.092673
3.092687
3.092696
3.09273
3.092733
3.092773
3.092786
3.0928
3.0928
3.092837
3.092896
3.092906
3.092917
3.09294
3.092996
3.093059
3.093086
3.09311
3.093126
3.093169
3.093176
3.093186
3.0932
3.093219
3.093233
3.093297
3.093327
3.093366
3.093386
3.093393
3.093407
3.093429
3.093453
3.093516
3.093526
3.093593
3.09363
3.093649
3.09366
3.093722
3.09377
3.093773
3.0938
3.093883
3.093906
3.09391
3.093937
3.093946
3.09397
3.093999
3.094026
3.094063
3.094086
3.094102
3.094107
3.094113
3.094183
3.094196
3.094196
3.094199
3.09422
3.094226
3.094281
3.09435
3.094382
3.094393
3.094409
3.094459
3.094473
3.094483
3.094493
3.094573
3.094599
3.094613
3.09479
3.0948
3.094867
3.094876
3.094883
3.09491
3.094963
3.094989
3.095039
3.095047
3.095049
3.09505
3.095063
3.095109
3.095119
3.095196
3.095217
3.095293
3.095323
3.095376
3.095399
3.095413
3.095443
3.095449
3.095453
3.095467
3.09548
3.095537
3.095576
3.095576
3.095659
3.09569
3.0957
3.09573
3.09579
3.095806
3.095816
3.09582
3.095873
3.095913
3.09593
3.095966
3.09598
3.09599
3.096019
3.096036
3.096054
3.096173
3.096263
3.096276
3.096343
3.096386
3.09649
3.096496
3.09651
3.09652
3.096533
3.096599
3.096613
3.096616
3.096657
3.09666
3.09669
3.096716
3.096783
3.096803
3.097
3.09702
3.097033
3.097053
3.097059
3.097063
3.097067
3.097099
3.09711
3.097112
3.097129
3.09713
3.097176
3.097243
3.097276
3.097302
3.097329
3.097363
3.097429
3.097469
3.097473
3.097503
3.09753
3.097547
3.097569
3.097583
3.097607
3.097668
3.097713
3.097754
3.09783
3.097863
3.097889
3.097916
3.09793
3.098029
3.098066
3.098079
3.098156
3.09816
3.098166
3.098247
3.098256
3.098277
3.098309
3.098322
3.098363
3.09839
3.098403
3.098423
3.098486
3.09857
3.098573
3.098603
3.098609
3.098656
3.098726
3.098783
3.098803
3.098843
3.098857
3.09888
3.098886
3.09891
3.098963
3.098977
3.098993
3.099026
3.099066
3.099116
3.099123
3.09913
3.099166
3.09919
3.099193
3.09921
3.099229
3.099266
3.09928
3.099363
3.099383
3.099446
3.099453
3.099567
3.099569
3.09959
3.099686
3.099693
3.099746
3.09977
3.099773
3.099823
3.099847
3.09991
3.100007
3.10004
3.100043
3.100103
3.100137
3.10016
3.10016
3.100209
3.100257
3.100273
3.100296
3.100297
3.100359
3.1004
3.100407
3.100443
3.100462
3.100593
3.100607
3.100609
3.100616
3.100657
3.10073
3.100737
3.100787
3.100796
3.100816
3.100923
3.100936
3.100957
3.100983
3.101033
3.101116
3.101139
3.101214
3.101223
3.101243
3.101273
3.101283
3.101316
3.101323
3.101367
3.10141
3.101453
3.101473
3.10161
3.101613
3.101647
3.101666
3.101716
3.10189
3.101903
3.101917
3.10199
3.102003
3.10201
3.102023
3.10203
3.102116
3.102123
3.102123
3.102296
3.102326
3.102336
3.102349
3.102476
3.102519
3.102525
3.102563
3.102656
3.102677
3.102689
3.102709
3.10272
3.10278
3.102783
3.102899
3.102923
3.102953
3.10296
3.102963
3.102983
3.102986
3.103003
3.103093
3.103143
3.103182
3.103184
3.103196
3.103199
3.103237
3.10329
3.10333
3.103369
3.103399
3.103416
3.103436
3.103452
3.103507
3.103523
3.103525
3.10359
3.103609
3.10364
3.10367
3.103693
3.103733
3.103739
3.103766
3.10379
3.103797
3.103797
3.103826
3.103887
3.10389
3.103893
3.103913
3.103996
3.104013
3.104026
3.104073
3.104114
3.104143
3.10418
3.104192
3.104196
3.104203
3.10424
3.104287
3.104306
3.104407
3.10443
3.104539
3.104546
3.104583
3.104596
3.10465
3.104744
3.104765
3.104836
3.104883
3.104912
3.10494
3.10499
3.104993
3.10501
3.105036
3.105063
3.105095
3.105123
3.105203
3.105253
3.105269
3.105523
3.10556
3.105646
3.105686
3.1057
3.105749
3.105766
3.105793
3.105833
3.105839
3.105873
3.105909
3.10593
3.105952
3.106003
3.106006
3.10605
3.106056
3.106066
3.106106
3.10612
3.106126
3.106136
3.106166
3.106167
3.106203
3.10623
3.106247
3.10626
3.106337
3.106523
3.106549
3.10664
3.106663
3.106702
3.106706
3.106727
3.106733
3.106754
3.106777
3.106783
3.10679
3.106803
3.106823
3.106844
3.10692
3.107
3.107089
3.107093
3.107146
3.107153
3.107183
3.107307
3.107327
3.107339
3.107346
3.107382
3.107393
3.107403
3.10747
3.107526
3.107617
3.107666
3.107673
3.107673
3.107675
3.107694
3.107719
3.107776
3.107786
3.108066
3.10807
3.108113
3.10815
3.108166
3.108216
3.108233
3.10829
3.108299
3.108343
3.108373
3.10841
3.108413
3.108493
3.108503
3.10851
3.10853
3.108533
3.108657
3.10867
3.10869
3.108713
3.108779
3.108787
3.108806
3.10886
3.108886
3.10891
3.108936
3.108942
3.108956
3.10898
3.108993
3.109019
3.109096
3.109099
3.109166
3.109432
3.109442
3.109489
3.109493
3.109566
3.109579
3.109637
3.109704
3.109713
3.10985
3.109933
3.109946
3.110023
3.110026
3.110053
3.110086
3.110137
3.110153
3.1102
3.11021
3.11028
3.110319
3.1104
3.11041
3.11043
3.11044
3.110469
3.110476
3.11049
3.110533
3.11055
3.110566
3.110666
3.110683
3.110706
3.11078
3.110826
3.110856
3.11086
3.11088
3.110903
3.110909
3.11108
3.111126
3.111133
3.111137
3.111216
3.111236
3.111273
3.111322
3.111419
3.1115
3.111546
3.111557
3.111563
3.111596
3.111627
3.111667
3.111693
3.111709
3.111863
3.111866
3.111893
3.111944
3.111953
3.111999
3.112043
3.112045
3.1122
3.112253
3.112286
3.112339
3.112369
3.112403
3.112403
3.112495
3.112517
3.112589
3.11265
3.112676
3.112696
3.112726
3.112737
3.112747
3.112756
3.112829
3.112863
3.11287
3.112876
3.112883
3.112883
3.112886
3.113026
3.113036
3.113126
3.11314
3.113253
3.113267
3.113436
3.113486
3.113623
3.113663
3.113683
3.113693
3.113719
3.113737
3.113837
3.11399
3.113996
3.114096
3.114202
3.11422
3.114222
3.114229
3.114283
3.114292
3.114337
3.114359
3.1144
3.114424
3.11445
3.114486
3.114486
3.11474
3.11474
3.114816
3.11482
3.114833
3.114877
3.114894
3.114979
3.114996
3.115003
3.115103
3.11511
3.115177
3.11521
3.115307
3.115517
3.115593
3.115676
3.115686
3.115733
3.115743
3.115769
3.11581
3.11582
3.115984
3.116026
3.116036
3.116106
3.116189
3.116197
3.116256
3.116286
3.116287
3.116294
3.116326
3.116476
3.11654
3.11667
3.11678
3.11679
3.116802
3.116806
3.116813
3.116929
3.116946
3.116956
3.11697
3.117023
3.117053
3.117083
3.117146
3.117163
3.117176
3.117182
3.117307
3.117333
3.117366
3.11737
3.117409
3.11748
3.117496
3.117509
3.117539
3.117609
3.117613
3.117819
3.11782
3.117843
3.117923
3.118087
3.1181
3.118136
3.118296
3.118323
3.118396
3.118419
3.11851
3.118526
3.118527
3.118606
3.118703
3.118803
3.118873
3.118903
3.118913
3.118939
3.118947
3.119026
3.11903
3.119116
3.119183
3.119284
3.119476
3.119496
3.11957
3.119597
3.119623
3.119626
3.119673
3.11969
3.119723
3.119759
3.119803
3.119818
3.119843
3.119929
3.11996
3.119983
3.12
3.120013
3.120036
3.120086
3.12009
3.120282
3.120283
3.120313
3.12048
3.120563
3.120666
3.12067
3.12082
3.12085
3.120863
3.12091
3.12093
3.120947
3.121005
3.121046
3.121059
3.12114
3.121157
3.121171
3.121267
3.121319
3.121413
3.121456
3.121547
3.121563
3.121677
3.12177
3.121814
3.121903
3.121906
3.12191
3.121946
3.122019
3.12204
3.122127
3.122283
3.12246
3.122532
3.122597
3.122609
3.122683
3.12271
3.122736
3.122797
3.122863
3.122867
3.122909
3.122929
3.122993
3.12307
3.123073
3.123132
3.123143
3.12319
3.1232
3.1232
3.1232
3.123233
3.123293
3.123324
3.12336
3.123363
3.123386
3.123403
3.12341
3.12346
3.123486
3.123523
3.123533
3.123803
3.123804
3.123827
3.123833
3.123853
3.12386
3.123956
3.124103
3.124139
3.124156
3.124156
3.124163
3.124197
3.124239
3.124253
3.12431
3.124342
3.124356
3.12436
3.12437
3.124413
3.124463
3.124553
3.12456
3.124619
3.124643
3.124876
3.124886
3.124903
3.124982
3.125063
3.125077
3.12509
3.125097
3.125269
3.125339
3.12535
3.125364
3.12538
3.125396
3.125436
3.125457
3.125543
3.125547
3.125606
3.125609
3.125609
3.125616
3.125639
3.12565
3.125737
3.125803
3.125846
3.126026
3.126133
3.126232
3.12625
3.126286
3.12631
3.126382
3.126413
3.126501
3.126509
3.126513
3.12658
3.12667
3.126687
3.126883
3.126929
3.126987
3.126992
3.127006
3.127059
3.127139
3.12716
3.127223
3.127257
3.127286
3.127333
3.127343
3.127349
3.127463
3.12751
3.127523
3.127556
3.127556
3.127623
3.1277
3.12775
3.127867
3.127926
3.127927
3.127953
3.128012
3.128093
3.128126
3.1283
3.12835
3.128353
3.128433
3.12845
3.128467
3.128516
3.12858
3.128664
3.128673
3.12868
3.128847
3.128935
3.129033
3.129047
3.129076
3.129079
3.129173
3.12922
3.129423
3.129518
3.129613
3.129739
3.129753
3.12977
3.129803
3.129807
3.129823
3.129829
3.129856
3.129953
3.129976
3.13008
3.13019
3.130196
3.130206
3.130213
3.130229
3.130249
3.130376
3.130603
3.130626
3.130772
3.130823
3.130887
3.13101
3.13105
3.131056
3.131056
3.13106
3.13108
3.131093
3.13116
3.131183
3.131229
3.131379
3.131549
3.131589
3.131637
3.131876
3.131883
3.131903
3.13191
3.13191
3.13193
3.131943
3.132003
3.132053
3.132186
3.132249
3.132325
3.132423
3.132452
3.132453
3.132453
3.132622
3.132646
3.132719
3.1328
3.132833
3.13288
3.132964
3.133003
3.133043
3.133089
3.133093
3.133156
3.133161
3.133293
3.133332
3.13335
3.133483
3.133517
3.133869
3.133873
3.133976
3.13413
3.134163
3.134166
3.134189
3.134219
3.134247
3.134253
3.134323
3.13434
3.134437
3.134467
3.134473
3.134496
3.13456
3.134566
3.134613
3.134713
3.134829
3.134903
3.134926
3.134962
3.134976
3.135022
3.135049
3.135083
3.135216
3.135333
3.135496
3.13568
3.135703
3.135847
3.13593
3.135966
3.136093
3.13626
3.136273
3.13633
3.136363
3.136473
3.13648
3.136489
3.136566
3.136567
3.136616
3.136643
3.13679
3.136803
3.136846
3.137
3.137086
3.137093
3.13712
3.137142
3.137166
3.137186
3.13719
3.137233
3.137261
3.137293
3.137429
3.137432
3.13746
3.13756
3.137581
3.137697
3.137723
3.13774
3.137853
3.137856
3.13786
3.13807
3.1381
3.13814
3.138163
3.138246
3.138259
3.138383
3.138483
3.138513
3.138523
3.138533
3.138719
3.13887
3.138877
3.13893
3.138937
3.13894
3.138957
3.139059
3.139143
3.139156
3.139163
3.139166
3.139187
3.13922
3.139223
3.13926
3.139276
3.139289
3.139299
3.139336
3.139376
3.139393
3.139513
3.13953
3.13955
3.139563
3.139589
3.139666
3.139676
3.13968
3.139747
3.140186
3.140196
3.140223
3.14029
3.140426
3.140426
3.140474
3.140583
3.140606
3.140663
3.140708
3.140756
3.140767
3.140823
3.140863
3.140897
3.14091
3.140923
3.140929
3.141146
3.141197
3.141263
3.141273
3.141354
3.141413
3.141623
3.14167
3.141706
3.141783
3.141789
3.141807
3.141839
3.141873
3.14199
3.142183
3.142443
3.14248
3.142587
3.142752
3.142783
3.142893
3.142903
3.142957
3.142996
3.143069
3.143087
3.143113
3.14312
3.14321
3.143216
3.143296
3.143397
3.14362
3.143663
3.143737
3.143749
3.143756
3.143793
3.143883
3.143896
3.143923
3.143993
3.144
3.144056
3.144076
3.144086
3.144333
3.144366
3.144389
3.14441
3.144527
3.144563
3.144569
3.144639
3.14467
3.144706
3.144713
3.14472
3.144843
3.14486
3.144909
3.144973
3.14498
3.145006
3.145033
3.145059
3.14511
3.145127
3.145129
3.14519
3.145243
3.145253
3.145272
3.145402
3.14547
3.145509
3.145746
3.145813
3.145976
3.146063
3.14615
3.146266
3.146273
3.14637
3.146569
3.146653
3.146779
3.147033
3.14708
3.14709
3.147116
3.147119
3.147233
3.147313
3.147346
3.147363
3.147373
3.147389
3.147573
3.147586
3.147591
3.147613
3.147789
3.147793
3.14798
3.148139
3.148439
3.148533
3.148566
3.14861
3.14875
3.148769
3.148839
3.148882
3.14889
3.14891
3.148943
3.149083
3.149117
3.149123
3.149453
3.14949
3.149563
3.149593
3.1496
3.149683
3.149686
3.149714
3.149754
3.149763
3.149903
3.149986
3.149997
3.1501
3.150109
3.150197
3.150413
3.150426
3.15055
3.150683
3.150783
3.15108
3.151286
3.151289
3.151563
3.151623
3.151662
3.151743
3.151813
3.15183
3.151953
3.15202
3.152036
3.152196
3.152419
3.152496
3.152769
3.152843
3.15308
3.153086
3.153136
3.153166
3.153219
3.153279
3.15337
3.153383
3.153513
3.15368
3.153857
3.154256
3.15433
3.154376
3.154417
3.154499
3.154649
3.154816
3.155087
3.155183
3.155225
3.1553
3.15536
3.155443
3.155493
3.155743
3.155754
3.155759
3.155807
3.155852
3.155903
3.155916
3.155947
3.155953
3.155986
3.156003
3.156142
3.15615
3.156296
3.1564
3.1564
3.156439
3.15649
3.156493
3.15705
3.157246
3.157283
3.157303
3.15741
3.157413
3.157453
3.157506
3.157553
3.157683
3.157697
3.157727
3.157843
3.157993
3.15804
3.158143
3.158176
3.158276
3.158323
3.158486
3.158589
3.158683
3.158707
3.15885
3.158969
3.159126
3.159276
3.159436
3.159489
3.15956
3.159633
3.159687
3.15977
3.15977
3.15979
3.159874
3.159876
3.159883
3.159969
3.160006
3.160036
3.160136
3.160153
3.16018
3.160273
3.160433
3.160603
3.160839
3.160996
3.161143
3.161373
3.161409
3.16142
3.161643
3.162076
3.162213
3.162373
3.162443
3.162556
3.162624
3.16269
3.162693
3.162739
3.162826
3.162837
3.162883
3.163263
3.16329
3.16336
3.1635
3.163706
3.163723
3.163893
3.164093
3.164156
3.164333
3.164483
3.164627
3.164853
3.164859
3.165047
3.165127
3.16514
3.165153
3.16521
3.165443
3.165473
3.165483
3.16558
3.165759
3.165841
3.16587
3.166143
3.166406
3.166442
3.16651
3.166533
3.166576
3.16672
3.166824
3.166843
3.166873
3.166897
3.167213
3.167246
3.167363
3.167403
3.167539
3.167643
3.167856
3.167986
3.168049
3.16805
3.16826
3.168713
3.168893
3.169243
3.169483
3.169563
3.16969
3.169696
3.16973
3.16993
3.170006
3.170023
3.170062
3.170389
3.170457
3.170526
3.17057
3.170636
3.170647
3.170747
3.170783
3.170863
3.171003
3.171116
3.171419
3.171463
3.171516
3.171629
3.171663
3.171789
3.171877
3.171893
3.171911
3.171943
3.171989
3.172073
3.172094
3.172143
3.172156
3.172342
3.172356
3.172469
3.17248
3.172567
3.172653
3.172683
3.172926
3.172926
3.172929
3.173083
3.173176
3.173239
3.173354
3.173466
3.173539
3.173559
3.17362
3.17376
3.173853
3.17395
3.173986
3.174153
3.17422
3.174263
3.174263
3.174267
3.17438
3.174393
3.174429
3.174553
3.174683
3.174766
3.17483
3.174944
3.175003
3.175113
3.175139
3.175276
3.175353
3.17543
3.17544
3.17549
3.17571
3.175776
3.176163
3.17619
3.176193
3.176337
3.17642
3.176527
3.176641
3.176719
3.176757
3.17691
3.176976
3.17711
3.177176
3.177249
3.177503
3.177506
3.177597
3.178253
3.1787
3.178796
3.178986
3.179156
3.179243
3.17925
3.179326
3.179346
3.179527
3.179747
3.17987
3.180031
3.180251
3.180383
3.180383
3.180406
3.180456
3.180664
3.18104
3.181086
3.181122
3.181163
3.181334
3.181406
3.181537
3.181673
3.181903
3.182028
3.182069
3.18226
3.182707
3.18292
3.183301
3.183539
3.183884
3.184029
3.184114
3.184123
3.184293
3.184709
3.184806
3.18495
3.184997
3.185074
3.185213
3.185503
3.18568
3.18576
3.185872
3.186117
3.186386
3.186643
3.18682
3.186956
3.187163
3.187437
3.187527
3.18754
3.18769
3.187727
3.187947
3.187989
3.188067
3.18826
3.18838
3.188563
3.18868
3.18904
3.189227
3.189296
3.189687
3.189786
3.189894
3.190133
3.190153
3.190359
3.19043
3.19049
3.19061
3.190983
3.19099
3.191052
3.191053
3.191197
3.19135
3.191471
3.19148
3.19173
3.19177
3.19204
3.192187
3.192264
3.192346
3.192468
3.192499
3.192533
3.19254
3.192786
3.192827
3.192937
3.19301
3.193033
3.193046
3.193053
3.193113
3.193509
3.193613
3.193639
3.193747
3.193813
3.19389
3.194613
3.194623
3.195426
3.195476
3.195527
3.195589
3.195593
3.195784
3.195887
3.196183
3.197009
3.197206
3.197213
3.197247
3.197253
3.197413
3.197483
3.197503
3.197517
3.197743
3.197746
3.197879
3.19792
3.19807
3.198097
3.19813
3.19834
3.198443
3.198453
3.198474
3.1988
3.198846
3.198994
3.1992
3.19934
3.199381
3.19944
3.199446
3.199502
3.199749
3.199926
3.199946
3.200117
3.200379
3.200414
3.200696
3.200726
3.20098
3.201003
3.20112
3.201227
3.201333
3.201656
3.20168
3.2017
3.201886
3.201956
3.201986
3.202149
3.202156
3.202327
3.202577
3.202977
3.203089
3.203276
3.20328
3.20347
3.2039
3.203953
3.204016
3.204263
3.20437
3.204373
3.20443
3.204583
3.204603
3.204699
3.204749
3.204749
3.205383
3.205675
3.206056
3.206186
3.206277
3.206293
3.206319
3.206368
3.206373
3.206433
3.206567
3.206576
3.206766
3.20694
3.206977
3.207433
3.207609
3.20766
3.207826
3.20819
3.208383
3.20846
3.208964
3.20905
3.209134
3.2098
3.2098
3.209943
3.20996
3.209977
3.210256
3.210353
3.210389
3.210537
3.210743
3.210883
3.211209
3.211243
3.211266
3.211266
3.211313
3.211647
3.211907
3.21209
3.212146
3.21215
3.212356
3.212856
3.213103
3.213243
3.213518
3.21368
3.213816
3.214029
3.21403
3.214067
3.214376
3.21447
3.215026
3.215057
3.215533
3.215633
3.21566
3.215736
3.216051
3.216626
3.21666
3.216709
3.216973
3.217521
3.217663
3.217799
3.21797
3.218017
3.218077
3.218146
3.218367
3.218563
3.218633
3.2187
3.21918
3.219503
3.21951
3.219636
3.21982
3.22028
3.220603
3.220639
3.220767
3.221036
3.221046
3.221396
3.221776
3.222396
3.222987
3.22301
3.223214
3.223596
3.224073
3.224191
3.22455
3.2246
3.224743
3.2253
3.225394
3.2255
3.225614
3.226006
3.226063
3.226286
3.226427
3.226536
3.226653
3.226693
3.2267
3.226996
3.227037
3.227226
3.227636
3.227706
3.227717
3.227726
3.227816
3.22795
3.228276
3.228277
3.22855
3.228553
3.229043
3.229179
3.22928
3.22933
3.229366
3.229497
3.229723
3.229803
3.229843
3.23056
3.23067
3.230896
3.23092
3.23093
3.230964
3.231487
3.231573
3.231583
3.231943
3.23211
3.232166
3.232187
3.232563
3.23257
3.233583
3.233629
3.233669
3.233853
3.233969
3.234276
3.23507
3.235163
3.2352
3.23528
3.235349
3.235656
3.235903
3.23602
3.236109
3.236566
3.236593
3.236723
3.236767
3.236786
3.237057
3.237233
3.237253
3.237257
3.237443
3.23785
3.238313
3.238706
3.238953
3.239033
3.23921
3.239224
3.2395
3.239743
3.239773
3.23993
3.240193
3.240347
3.24058
3.241086
3.241169
3.242057
3.24208
3.242303
3.242449
3.242547
3.242643
3.242729
3.243046
3.243427
3.24355
3.243576
3.243933
3.244336
3.244594
3.244967
3.245243
3.245386
3.245827
3.2463
3.246436
3.24654
3.246613
3.246713
3.24699
3.247043
3.247367
3.24757
3.247637
3.248036
3.248597
3.248637
3.2489
3.249053
3.24909
3.250276
3.250369
3.250569
3.25074
3.25087
3.250913
3.25124
3.251269
3.251333
3.251456
3.252016
3.25244
3.252617
3.2537
3.254129
3.254703
3.254708
3.254995
3.25509
3.255383
3.256166
3.256343
3.256803
3.257153
3.257963
3.258073
3.258143
3.258377
3.258537
3.258566
3.259003
3.259111
3.259311
3.259696
3.260193
3.260239
3.260267
3.2603
3.260543
3.260549
3.260643
3.261249
3.261592
3.261843
3.262196
3.262256
3.262467
3.26249
3.262537
3.262683
3.262766
3.262777
3.263673
3.264213
3.264276
3.26443
3.264534
3.264601
3.26524
3.265467
3.265683
3.265923
3.266736
3.266773
3.267097
3.267164
3.267397
3.2674
3.267496
3.267563
3.268063
3.268127
3.268296
3.268627
3.269523
3.269591
3.26966
3.27021
3.270336
3.271373
3.271703
3.271837
3.271839
3.271973
3.273099
3.273933
3.274397
3.27507
3.275233
3.275339
3.275886
3.276297
3.276569
3.277156
3.277467
3.2776
3.277716
3.2782
3.278696
3.278767
3.278846
3.27909
3.279213
3.279273
3.279987
3.28054
3.281873
3.283013
3.283143
3.283183
3.283586
3.283603
3.28383
3.28399
3.284026
3.284031
3.284183
3.28429
3.28436
3.284666
3.284867
3.285244
3.285743
3.285859
3.28596
3.286239
3.286353
3.286507
3.286623
3.28669
3.28675
3.286859
3.286923
3.28724
3.287307
3.28732
3.28792
3.288237
3.2883
3.288567
3.288713
3.289009
3.289253
3.289833
3.289973
3.290926
3.291583
3.291604
3.292054
3.292293
3.292444
3.292463
3.292823
3.293176
3.2932
3.293383
3.293693
3.293713
3.294136
3.294167
3.294199
3.294234
3.294397
3.294636
3.294743
3.295099
3.29517
3.29523
3.295268
3.295506
3.29585
3.296703
3.29726
3.297546
3.29775
3.297823
3.298069
3.29807
3.298341
3.29842
3.299146
3.299166
3.299183
3.299277
3.299327
3.299616
3.29971
3.299837
3.299873
3.299906
3.30005
3.300187
3.300693
3.301063
3.30168
3.30189
3.302283
3.303126
3.30327
3.30336
3.303613
3.303999
3.304176
3.304571
3.30524
3.30528
3.305449
3.305476
3.305633
3.305816
3.305963
3.306411
3.307267
3.307743
3.30783
3.307848
3.30818
3.308557
3.30871
3.308773
3.308829
3.308913
3.309273
3.30955
3.309623
3.309837
3.310253
3.310286
3.310659
3.310753
3.31076
3.31081
3.310876
3.310963
3.311133
3.311543
3.31191
3.312033
3.312393
3.312441
3.312466
3.312487
3.312494
3.312607
3.312607
3.313189
3.313507
3.31376
3.313763
3.313787
3.314073
3.314237
3.314516
3.314687
3.314963
3.31516
3.315403
3.316229
3.316697
3.31674
3.316923
3.317143
3.317766
3.318041
3.318177
3.318209
3.318313
3.31839
3.318853
3.318954
3.31898
3.319203
3.319266
3.31952
3.319707
3.320683
3.320718
3.32078
3.320789
3.321357
3.3223
3.322634
3.322776
3.322887
3.32325
3.323489
3.32378
3.324099
3.324103
3.324254
3.32491
3.325021
3.32505
3.325239
3.325769
3.325853
3.325893
3.326433
3.32659
3.326697
3.327393
3.3278
3.32787
3.328393
3.32841
3.328759
3.328826
3.32886
3.328994
3.329017
3.329057
3.329066
3.329117
3.32913
3.329244
3.32926
3.329466
3.330116
3.33012
3.330196
3.330316
3.331073
3.331593
3.332437
3.33259
3.332977
3.333343
3.333403
3.333463
3.333644
3.33386
3.33392
3.334231
3.334637
3.33497
3.335276
3.335719
3.335983
3.33606
3.336516
3.336633
3.336783
3.336899
3.336916
3.337244
3.33766
3.337909
3.33812
3.338146
3.338178
3.33822
3.338329
3.33835
3.33839
3.339363
3.339393
3.339479
3.3396
3.33976
3.340014
3.340028
3.340763
3.34104
3.341146
3.341283
3.341673
3.341836
3.342254
3.342734
3.343213
3.343897
3.34394
3.344283
3.34436
3.344579
3.344603
3.34463
3.344766
3.344967
3.345264
3.345327
3.345383
3.345597
3.345816
3.34589
3.346049
3.346091
3.346421
3.34648
3.34661
3.346631
3.346807
3.347099
3.347123
3.347203
3.347326
3.347367
3.34739
3.34749
3.348008
3.34806
3.348107
3.34817
3.34818
3.348349
3.348538
3.348773
3.34891
3.34892
3.349039
3.349097
3.349153
3.349413
3.349587
3.349617
3.3497
3.349776
3.349953
3.35004
3.35005
3.350153
3.350259
3.350427
3.350437
3.350726
3.350813
3.35085
3.350979
3.351173
3.351567
3.35173
3.351763
3.351823
3.352047
3.352174
3.352487
3.352523
3.352583
3.35301
3.353176
3.35338
3.353403
3.353434
3.353603
3.353634
3.354153
3.354407
3.354493
3.354609
3.3547
3.354826
3.354826
3.35498
3.355023
3.355519
3.355739
3.35586
3.356086
3.356156
3.356403
3.356567
3.35658
3.356723
3.356827
3.356863
3.357066
3.357243
3.357272
3.357277
3.357294
3.35782
3.35792
3.357981
3.358149
3.358293
3.358314
3.358336
3.35848
3.358789
3.358796
3.358883
3.35909
3.35917
3.359193
3.359316
3.359386
3.359686
3.35977
3.359773
3.359779
3.360176
3.360184
3.36035
3.360453
3.360467
3.360664
3.36094
3.360956
3.361187
3.361563
3.361606
3.36162
3.361643
3.361677
3.361703
3.361709
3.361783
3.362073
3.362123
3.362277
3.362286
3.362353
3.362511
3.362559
3.362601
3.362667
3.362693
3.36297
3.36313
3.36331
3.363357
3.363613
3.363723
3.363754
3.36392
3.364277
3.364493
3.364586
3.364597
3.364763
3.364767
3.364776
3.36485
3.365177
3.36542
3.365779
3.36586
3.366223
3.36679
3.36704
3.367373
3.367587
3.367606
3.367716
3.367863
3.36799
3.368143
3.368293
3.368337
3.3685
3.368667
3.368793
3.368873
3.369056
3.369317
3.369563
3.36959
3.36971
3.370156
3.370234
3.370497
3.37058
3.37082
3.370903
3.37091
3.37101
3.371106
3.371743
3.37176
3.371846
3.371863
3.372077
3.3721
3.37216
3.372383
3.372691
3.3729
3.37336
3.373437
3.373533
3.373537
3.373594
3.373716
3.373756
3.373782
3.373813
3.373917
3.374132
3.374403
3.374583
3.374717
3.37474
3.374838
3.375017
3.37503
3.37514
3.37519
3.37554
3.376031
3.376367
3.37657
3.376616
3.37662
3.37668
3.37693
3.37696
3.377013
3.377149
3.377173
3.377247
3.377523
3.377908
3.37795
3.378036
3.378039
3.378203
3.378253
3.3783
3.378313
3.378653
3.37867
3.37888
3.379063
3.379143
3.379487
3.379633
3.37986
3.380263
3.380333
3.380363
3.380407
3.380833
3.380833
3.380864
3.381053
3.38121
3.381361
3.381396
3.38146
3.38153
3.381583
3.381606
3.381756
3.381763
3.381836
3.382001
3.382066
3.38209
3.382126
3.382283
3.382363
3.382427
3.382453
3.382457
3.382473
3.382517
3.382543
3.382614
3.382697
3.382726
3.382877
3.382973
3.383003
3.383033
3.383076
3.383226
3.383333
3.383478
3.383526
3.383776
3.383777
3.38384
3.38395
3.38455
3.38472
3.384933
3.384946
3.38497
3.38499
3.385396
3.385459
3.385463
3.385713
3.385848
3.3859
3.386046
3.386143
3.386277
3.386408
3.386454
3.38649
3.386733
3.387134
3.387543
3.387627
3.38764
3.387713
3.388153
3.388333
3.388363
3.388473
3.388557
3.38869
3.389169
3.389289
3.389313
3.389329
3.38936
3.389366
3.38942
3.389593
3.389777
3.390103
3.390166
3.390306
3.390351
3.39036
3.390546
3.390787
3.390907
3.3911
3.39111
3.39112
3.39112
3.391167
3.391214
3.39139
3.391516
3.391636
3.391653
3.391723
3.391774
3.3918
3.392116
3.392167
3.392197
3.392296
3.39242
3.392536
3.3928
3.39287
3.392889
3.392924
3.392956
3.392967
3.393244
3.393276
3.39333
3.393493
3.39389
3.3939
3.39391
3.393997
3.394219
3.394257
3.394331
3.394547
3.394626
3.394633
3.39488
3.394887
3.394903
3.395017
3.395247
3.395273
3.395387
3.395388
3.39553
3.395706
3.395737
3.395754
3.39594
3.396173
3.396257
3.396307
3.396317
3.396327
3.396346
3.396393
3.3964
3.396406
3.396653
3.396663
3.396908
3.39706
3.397156
3.397353
3.397383
3.3975
3.397514
3.397576
3.397669
3.397967
3.397987
3.398
3.39803
3.39812
3.398793
3.398909
3.39893
3.39897
3.399021
3.39913
3.399279
3.399537
3.399549
3.399676
3.399809
3.39989
3.400093
3.400259
3.400287
3.40039
3.400533
3.400563
3.40057
3.400753
3.400867
3.40102
3.401044
3.401084
3.401091
3.401216
3.401506
3.40152
3.401583
3.401588
3.401671
3.401799
3.40183
3.40186
3.402106
3.402133
3.402143
3.402173
3.402446
3.402883
3.402914
3.4035
3.403536
3.403927
3.40407
3.404186
3.404253
3.404316
3.404337
3.40437
3.404413
3.404464
3.40454
3.404643
3.404793
3.4049
3.40492
3.40516
3.405256
3.40535
3.405403
3.405456
3.405607
3.405733
3.405737
3.406007
3.406093
3.406163
3.40633
3.406337
3.406483
3.406543
3.406677
3.406849
3.406863
3.406903
3.40693
3.407017
3.407033
3.407073
3.40713
3.407176
3.407206
3.407286
3.407304
3.40733
3.407347
3.407393
3.407433
3.40745
3.407457
3.407479
3.40766
3.407667
3.407687
3.407783
3.4079
3.407954
3.407956
3.408003
3.408026
3.408103
3.408156
3.408206
3.408213
3.408306
3.408399
3.408417
3.408664
3.408843
3.408866
3.408873
3.40897
3.409149
3.409427
3.409527
3.4096
3.409677
3.410054
3.410066
3.41011
3.410156
3.410177
3.410667
3.41069
3.410741
3.41096
3.410983
3.41116
3.411197
3.411623
3.411633
3.411724
3.41173
3.41185
3.411907
3.411947
3.411954
3.412027
3.412056
3.412087
3.4125
3.412507
3.41251
3.41282
3.412909
3.412913
3.413037
3.413113
3.413353
3.413373
3.413483
3.413643
3.414174
3.414349
3.414453
3.41447
3.414609
3.414866
3.414917
3.415033
3.415106
3.41516
3.415254
3.415404
3.415463
3.415487
3.415917
3.415937
3.41594
3.415993
3.416016
3.416016
3.416077
3.416123
3.41628
3.4163
3.41638
3.416393
3.41642
3.416447
3.416753
3.416903
3.417066
3.417257
3.417393
3.417403
3.417406
3.417507
3.417611
3.417947
3.417987
3.418087
3.418261
3.41839
3.418406
3.418523
3.418573
3.418787
3.418954
3.419004
3.419273
3.41958
3.419667
3.419833
3.419886
3.419943
3.41997
3.420006
3.42014
3.420176
3.420179
3.42022
3.420323
3.420341
3.42051
3.420554
3.420556
3.420676
3.420693
3.420813
3.420817
3.420883
3.42094
3.42102
3.421033
3.421123
3.421147
3.42129
3.421437
3.4215
3.421534
3.4216
3.421667
3.42178
3.4219
3.422097
3.422197
3.422231
3.422253
3.422273
3.422338
3.42241
3.422457
3.422487
3.422621
3.42263
3.4227
3.422756
3.422773
3.422847
3.422933
3.422937
3.423321
3.423483
3.423503
3.423547
3.423603
3.423706
3.42377
3.42379
3.423796
3.42383
3.423877
3.423923
3.423943
3.42396
3.424003
3.424037
3.424209
3.424443
3.424467
3.424473
3.424549
3.424626
3.4247
3.424756
3.424761
3.424827
3.424966
3.425053
3.42507
3.425106
3.425176
3.42522
3.42525
3.425363
3.42537
3.425376
3.42551
3.425543
3.425551
3.42561
3.425703
3.425763
3.42577
3.42582
3.425834
3.425873
3.42591
3.42609
3.426136
3.426283
3.426303
3.4265
3.426587
3.426743
3.426751
3.426846
3.427087
3.42722
3.427319
3.42733
3.427476
3.427524
3.427603
3.427637
3.427703
3.427873
3.427884
3.428049
3.428144
3.428227
3.428276
3.428433
3.428493
3.42859
3.428657
3.428686
3.428713
3.428727
3.428797
3.4288
3.428863
3.428886
3.428887
3.429006
3.429044
3.429086
3.42911
3.429123
3.42931
3.429391
3.429466
3.429484
3.429587
3.429598
3.429599
3.429616
3.429687
3.429743
3.42981
3.429883
3.429907
3.429907
3.430016
3.430034
3.430116
3.430147
3.43022
3.430283
3.430367
3.430499
3.430523
3.43056
3.43094
3.431081
3.43113
3.431166
3.431177
3.431256
3.431304
3.43143
3.431596
3.43183
3.431846
3.432013
3.432067
3.432123
3.432134
3.43214
3.432163
3.432196
3.43224
3.432319
3.4324
3.432407
3.432428
3.432506
3.432688
3.432971
3.433008
3.433026
3.43303
3.433063
3.433063
3.433209
3.433239
3.433403
3.433423
3.433463
3.433623
3.433637
3.43364
3.43364
3.433889
3.43401
3.434056
3.434084
3.434223
3.434283
3.43434
3.434354
3.43442
3.43447
3.434506
3.43457
3.434679
3.435246
3.435426
3.43548
3.43558
3.435621
3.435779
3.43581
3.435826
3.43583
3.435923
3.436639
3.436899
3.436909
3.436931
3.436967
3.43723
3.437283
3.43734
3.437393
3.437433
3.43752
3.437691
3.438243
3.43827
3.4383
3.438326
3.438427
3.43859
3.439127
3.43923
3.439247
3.4396
3.439663
3.439706
3.439803
3.440017
3.440056
3.440613
3.440899
3.44126
3.441423
3.441437
3.441439
3.441517
3.441879
3.441931
3.441959
3.442106
3.442123
3.442274
3.442353
3.442368
3.4425
3.442747
3.442796
3.442833
3.44292
3.442964
3.442964
3.443033
3.443326
3.44341
3.443469
3.443587
3.443667
3.443717
3.443747
3.44382
3.443867
3.443963
3.444013
3.44421
3.444226
3.444267
3.444316
3.444347
3.444374
3.444539
3.44468
3.444943
3.444949
3.445067
3.445143
3.445143
3.445146
3.445227
3.445254
3.44532
3.445453
3.445524
3.445733
3.445833
3.446137
3.44619
3.446281
3.44637
3.44646
3.446474
3.446547
3.446679
3.446766
3.446774
3.447016
3.44703
3.447046
3.44705
3.447096
3.447181
3.447188
3.447196
3.447364
3.44738
3.447694
3.44772
3.447843
3.448259
3.448356
3.448387
3.448786
3.448834
3.448867
3.44901
3.44915
3.449156
3.449307
3.44952
3.449557
3.449696
3.44994
3.45003
3.450136
3.45021
3.45025
3.450333
3.45041
3.450459
3.450503
3.450591
3.45083
3.450843
3.450996
3.451021
3.451043
3.451134
3.45121
3.451253
3.451363
3.451367
3.451693
3.451723
3.451727
3.45184
3.451946
3.452073
3.452074
3.452243
3.452296
3.452306
3.452357
3.452874
3.452936
3.45295
3.453057
3.453343
3.453379
3.45345
3.453457
3.453469
3.453573
3.453594
3.45366
3.453724
3.453793
3.453836
3.45402
3.454063
3.454073
3.45423
3.454286
3.454487
3.454667
3.454749
3.454779
3.454897
3.45496
3.455037
3.455088
3.455243
3.455263
3.455287
3.45535
3.455383
3.455438
3.455559
3.455593
3.455716
3.455804
3.45585
3.45602
3.456079
3.456087
3.456106
3.456136
3.456163
3.45618
3.456267
3.456313
3.456416
3.456553
3.456641
3.456703
3.45681
3.456843
3.456853
3.45714
3.45756
3.4577
3.457874
3.457897
3.457916
3.458
3.458129
3.458144
3.458231
3.458253
3.458373
3.458383
3.458403
3.458533
3.458534
3.458563
3.458616
3.45864
3.458734
3.458893
3.45891
3.459083
3.459138
3.459194
3.45926
3.459443
3.459631
3.459773
3.459797
3.459827
3.45989
3.459896
3.459907
3.459933
3.459966
3.460324
3.46033
3.460429
3.460713
3.460773
3.460873
3.460979
3.461164
3.4612
3.461218
3.461297
3.461359
3.461464
3.461464
3.4616
3.461836
3.461877
3.46189
3.4619
3.461916
3.461917
3.461957
3.462227
3.462343
3.462419
3.462446
3.462543
3.462663
3.462716
3.462987
3.463086
3.463336
3.463354
3.463717
3.463719
3.463847
3.463923
3.464074
3.4641
3.464129
3.464159
3.464179
3.4642
3.464227
3.464386
3.464443
3.46446
3.464523
3.464586
3.46463
3.464757
3.4648
3.465136
3.46517
3.4653
3.465413
3.46543
3.465433
3.46544
3.46561
3.4658
3.465873
3.466233
3.466413
3.466433
3.46644
3.466487
3.46651
3.466767
3.466777
3.466804
3.467007
3.467237
3.467261
3.467334
3.467403
3.467533
3.467576
3.467579
3.467761
3.467843
3.467933
3.467943
3.46817
3.468226
3.468299
3.468356
3.468357
3.468376
3.468447
3.468547
3.468623
3.46872
3.468863
3.469056
3.469103
3.469183
3.469237
3.469258
3.469267
3.46945
3.469463
3.469474
3.469517
3.469533
3.469619
3.469703
3.469729
3.469834
3.46992
3.47002
3.47008
3.470133
3.470136
3.470153
3.470158
3.470249
3.470557
3.47057
3.470723
3.470793
3.47097
3.47107
3.471207
3.471216
3.471384
3.47158
3.471627
3.471687
3.47175
3.471889
3.47189
3.47195
3.471957
3.471976
3.472017
3.472147
3.472151
3.472487
3.472507
3.472594
3.472673
3.472807
3.472838
3.472904
3.472954
3.473167
3.4733
3.473348
3.4735
3.473597
3.47362
3.473713
3.473714
3.473933
3.474024
3.474059
3.474104
3.47415
3.474161
3.47418
3.474368
3.474383
3.474527
3.47499
3.475007
3.475051
3.475153
3.47518
3.475231
3.47526
3.47527
3.475331
3.475361
3.475423
3.47548
3.475516
3.475643
3.475656
3.47573
3.475737
3.475766
3.4758
3.475873
3.476166
3.476759
3.476853
3.47705
3.477207
3.477226
3.47743
3.477523
3.477613
3.47767
3.477914
3.477936
3.478006
3.478053
3.478124
3.478263
3.478344
3.478388
3.478477
3.478496
3.478588
3.478633
3.47908
3.479457
3.479636
3.47974
3.479823
3.480064
3.480194
3.480436
3.480549
3.48083
3.480977
3.481019
3.48109
3.48112
3.481181
3.481186
3.481411
3.48152
3.481527
3.48157
3.481597
3.481667
3.481673
3.48171
3.481786
3.48194
3.481994
3.482036
3.482073
3.482296
3.482303
3.48238
3.482393
3.482429
3.482529
3.482557
3.482583
3.482878
3.48294
3.483207
3.483276
3.48333
3.48335
3.483353
3.483433
3.483487
3.483513
3.483517
3.483631
3.483803
3.483826
3.483839
3.483877
3.48408
3.484174
3.484343
3.484393
3.484416
3.484424
3.484444
3.484487
3.484517
3.484574
3.484634
3.484666
3.484836
3.484957
3.48503
3.485033
3.485054
3.485161
3.485173
3.485203
3.485334
3.485336
3.48551
3.485653
3.485793
3.485837
3.485953
3.48596
3.485979
3.486113
3.486208
3.486546
3.486591
3.48695
3.487043
3.487083
3.487143
3.487169
3.48734
3.487357
3.487387
3.487503
3.487593
3.487668
3.48771
3.487916
3.48803
3.48804
3.488103
3.488106
3.488146
3.488181
3.488193
3.48828
3.48831
3.488359
3.488373
3.488408
3.488517
3.488639
3.48877
3.4888
3.488808
3.489047
3.489051
3.489147
3.489317
3.489444
3.489534
3.489663
3.489876
3.490143
3.49026
3.490287
3.4903
3.490483
3.490531
3.490569
3.490584
3.49063
3.49067
3.490767
3.490809
3.490886
3.49095
3.491007
3.491133
3.491207
3.491364
3.491606
3.491613
3.491647
3.49169
3.491843
3.49191
3.491987
3.492108
3.49215
3.492199
3.49232
3.492383
3.492383
3.492389
3.49244
3.492589
3.492683
3.49278
3.492799
3.492799
3.49311
3.493153
3.493214
3.493303
3.493383
3.493406
3.4938
3.49391
3.493973
3.494023
3.49403
3.494073
3.494103
3.49414
3.494146
3.49423
3.49447
3.49457
3.494587
3.494676
3.494706
3.49472
3.494847
3.494877
3.494886
3.494936
3.495018
3.495468
3.49548
3.49555
3.495721
3.495793
3.495856
3.495903
3.495976
3.49618
3.496293
3.49637
3.496467
3.496503
3.496857
3.497014
3.49705
3.497076
3.497107
3.49718
3.497204
3.49735
3.49756
3.497649
3.49768
3.49787
3.497923
3.49794
3.498117
3.498187
3.498563
3.498566
3.49857
3.498607
3.498644
3.498646
3.49868
3.498797
3.498913
3.498953
3.49896
3.498981
3.498987
3.499071
3.499163
3.499196
3.499254
3.49935
3.499416
3.499564
3.499724
3.49973
3.49982
3.499854
3.499874
3.499886
3.499926
3.499953
3.499957
3.500227
3.50034
3.500403
3.500414
3.50072
3.50077
3.500877
3.501104
3.50112
3.501143
3.501336
3.5014
3.501447
3.501486
3.50149
3.501583
3.501671
3.501684
3.501717
3.50187
3.501993
3.502004
3.502066
3.502096
3.50225
3.502264
3.502413
3.502564
3.502599
3.502631
3.50276
3.502823
3.503026
3.503286
3.503307
3.503584
3.503614
3.503648
3.503967
3.503999
3.50405
3.5042
3.504303
3.504326
3.504477
3.504627
3.504713
3.504743
3.50478
3.504816
3.504937
3.505004
3.505036
3.505147
3.50523
3.505286
3.505411
3.505411
3.505553
3.505679
3.505746
3.50583
3.505867
3.505883
3.505986
3.50622
3.506276
3.506466
3.50672
3.506971
3.50711
3.507111
3.507256
3.507287
3.50729
3.50733
3.50734
3.507387
3.507416
3.507744
3.507754
3.507807
3.507843
3.507957
3.508033
3.508063
3.50809
3.50824
3.508336
3.508403
3.508496
3.508937
3.508973
3.509007
3.509019
3.509244
3.509387
3.509406
3.50957
3.509574
3.50963
3.50972
3.509744
3.509746
3.50986
3.509878
3.509884
3.509924
3.50998
3.510267
3.510343
3.510374
3.510476
3.51063
3.510901
3.51098
3.51108
3.511086
3.51111
3.51112
3.511144
3.511276
3.511464
3.511777
3.51186
3.51193
3.511951
3.512457
3.512687
3.512747
3.512873
3.512883
3.512937
3.512951
3.51337
3.513527
3.513807
3.513869
3.513997
3.51407
3.514089
3.51445
3.514577
3.51508
3.515293
3.515313
3.515351
3.515453
3.515566
3.51564
3.515684
3.515849
3.515923
3.516019
3.516124
3.516387
3.516517
3.516681
3.516734
3.516901
3.517
3.517013
3.51709
3.517173
3.517237
3.517343
3.517367
3.517394
3.517576
3.51768
3.5177
3.517701
3.517761
3.517793
3.51784
3.517954
3.517997
3.518133
3.518159
3.518216
3.518309
3.518514
3.518694
3.519193
3.51922
3.519491
3.519573
3.51965
3.519654
3.51979
3.51984
3.520043
3.520071
3.520237
3.52028
3.520391
3.520536
3.520581
3.52059
3.521113
3.521133
3.521277
3.521331
3.521396
3.521473
3.521613
3.521667
3.521749
3.521894
3.52195
3.522137
3.522169
3.52222
3.522264
3.52239
3.522423
3.522893
3.522906
3.522983
3.523214
3.523493
3.523711
3.523807
3.523983
3.524233
3.524526
3.524596
3.524889
3.525003
3.525047
3.525287
3.525584
3.525891
3.52592
3.525928
3.526221
3.526243
3.526261
3.526273
3.52631
3.526349
3.526446
3.526494
3.52659
3.52671
3.526873
3.527066
3.527174
3.527346
3.527691
3.527796
3.527826
3.527926
3.528147
3.528233
3.528624
3.528664
3.528673
3.52873
3.528806
3.528834
3.528976
3.52918
3.529187
3.529293
3.52933
3.529363
3.529436
3.529656
3.529924
3.52993
3.530114
3.5302
3.530293
3.53057
3.53066
3.530697
3.530819
3.530847
3.530997
3.531099
3.531176
3.531246
3.53128
3.531296
3.531367
3.531386
3.531463
3.531493
3.531516
3.531603
3.53168
3.53184
3.53208
3.532121
3.532301
3.532657
3.53268
3.53285
3.533004
3.533046
3.533164
3.533237
3.533334
3.53344
3.533707
3.53384
3.533847
3.533874
3.533956
3.534053
3.53411
3.534143
3.534627
3.534697
3.5347
3.534704
3.53482
3.534827
3.534827
3.534853
3.535029
3.535044
3.535187
3.53546
3.53547
3.53555
3.535574
3.535707
3.535717
3.535774
3.535833
3.535856
3.536034
3.536073
3.53608
3.53621
3.536364
3.536543
3.536577
3.536727
3.536747
3.536779
3.536854
3.536857
3.53686
3.536947
3.537187
3.53719
3.537283
3.537503
3.537704
3.537723
3.53776
3.537877
3.537899
3.537903
3.538086
3.538367
3.538397
3.538409
3.538467
3.53856
3.538723
3.538839
3.539003
3.53913
3.53924
3.539244
3.539387
3.53944
3.539807
3.539817
3.539817
3.53986
3.540044
3.540097
3.540224
3.540286
3.540624
3.540643
3.54067
3.540769
3.540873
3.54119
3.54131
3.541316
3.541383
3.541454
3.541503
3.541547
3.541591
3.541806
3.541873
3.541967
3.542091
3.54237
3.542397
3.542561
3.542677
3.542947
3.54303
3.54313
3.5433
3.543339
3.543489
3.543526
3.543557
3.543583
3.5438
3.54393
3.544124
3.54442
3.54447
3.544703
3.54477
3.54488
3.54492
3.545127
3.545343
3.545379
3.545663
3.545697
3.545706
3.545883
3.54606
3.546147
3.546293
3.546324
3.54642
3.54648
3.546589
3.546627
3.546803
3.546904
3.546997
3.547014
3.547037
3.547184
3.54726
3.547363
3.54787
3.548176
3.548227
3.548329
3.548337
3.548394
3.548434
3.548777
3.548844
3.548916
3.54895
3.549087
3.549174
3.549176
3.54958
3.549641
3.549771
3.54979
3.55003
3.55014
3.550176
3.550203
3.55058
3.55075
3.550843
3.550934
3.551033
3.551284
3.551363
3.551413
3.551426
3.551457
3.55156
3.55157
3.551653
3.551766
3.551917
3.552311
3.552337
3.552344
3.552363
3.552367
3.552393
3.552401
3.552416
3.552543
3.552777
3.552797
3.552833
3.552874
3.553
3.553284
3.553304
3.55337
3.553518
3.553541
3.553577
3.55359
3.553654
3.553707
3.553761
3.553767
3.553881
3.55394
3.554233
3.554403
3.554516
3.554553
3.554553
3.554753
3.554803
3.55488
3.55525
3.555334
3.555373
3.555496
3.555637
3.555724
3.55573
3.55585
3.55587
3.55617
3.556376
3.556376
3.556426
3.556734
3.556976
3.557023
3.557083
3.557463
3.557466
3.557554
3.557677
3.557736
3.55786
3.55791
3.558113
3.55818
3.55851
3.558617
3.558673
3.558811
3.558827
3.558869
3.55892
3.559027
3.55925
3.559851
3.560013
3.560066
3.560163
3.560357
3.560427
3.560767
3.560937
3.561264
3.561373
3.561449
3.561477
3.561649
3.561754
3.561776
3.562053
3.562086
3.562104
3.562281
3.562287
3.562393
3.56267
3.562721
3.562826
3.562847
3.563089
3.563137
3.56327
3.563433
3.56346
3.563786
3.563793
3.563934
3.564063
3.5641
3.564141
3.56415
3.564314
3.564443
3.564566
3.56469
3.564947
3.565037
3.565316
3.565357
3.565503
3.565967
3.565986
3.566217
3.566241
3.566546
3.566691
3.56691
3.566924
3.567103
3.56717
3.567344
3.567443
3.567563
3.56778
3.567967
3.568126
3.568137
3.568203
3.568353
3.568443
3.568724
3.56881
3.568853
3.56894
3.569353
3.56937
3.569726
3.569859
3.570037
3.570253
3.570356
3.570443
3.570757
3.570933
3.570947
3.571318
3.571331
3.571337
3.571449
3.571733
3.571943
3.57216
3.572176
3.572188
3.57227
3.572296
3.57237
3.572604
3.572713
3.572727
3.572813
3.572954
3.57297
3.572998
3.573073
3.573208
3.573259
3.573491
3.573507
3.57356
3.57373
3.57386
3.574031
3.57409
3.57477
3.574863
3.574884
3.574927
3.575044
3.57517
3.575191
3.575389
3.57556
3.575569
3.575714
3.575843
3.576037
3.57626
3.576327
3.57634
3.576401
3.576551
3.576593
3.576627
3.576997
3.577043
3.57709
3.577108
3.577326
3.577348
3.577391
3.577707
3.577913
3.577981
3.578083
3.578203
3.578227
3.57834
3.578461
3.578497
3.578533
3.57885
3.578871
3.578953
3.578986
3.578997
3.57949
3.579504
3.579544
3.579593
3.579634
3.57967
3.579874
3.580036
3.580266
3.580283
3.580431
3.580488
3.580496
3.580753
3.580934
3.581027
3.58108
3.58115
3.581364
3.58151
3.58169
3.581691
3.581886
3.58199
3.582153
3.582194
3.582257
3.582404
3.582434
3.58244
3.582636
3.582646
3.582897
3.583
3.583024
3.58305
3.58309
3.583323
3.583373
3.583484
3.583686
3.583826
3.584286
3.584693
3.584996
3.585297
3.585319
3.585354
3.585418
3.585521
3.585961
3.586126
3.586199
3.586263
3.58627
3.5863
3.58644
3.586574
3.586697
3.586866
3.586924
3.587049
3.587136
3.587333
3.587866
3.587924
3.588047
3.588227
3.588438
3.588616
3.588977
3.589281
3.59033
3.590486
3.590633
3.590754
3.59089
3.591441
3.591644
3.591667
3.59185
3.591964
3.592003
3.592024
3.592179
3.592216
3.592349
3.592613
3.59281
3.592924
3.59298
3.593323
3.593677
3.59379
3.59393
3.594106
3.594126
3.594237
3.594264
3.59434
3.594528
3.595054
3.5952
3.595444
3.595904
3.596363
3.596607
3.59664
3.596737
3.596857
3.597023
3.597946
3.597959
3.598124
3.598651
3.59874
3.598819
3.598854
3.598998
3.599056
3.599058
3.59919
3.599383
3.599401
3.599777
3.599809
3.599926
3.600007
3.600107
3.60014
3.600197
3.600587
3.600867
3.600931
3.601007
3.60101
3.601104
3.601141
3.601454
3.601464
3.60151
3.601627
3.601634
3.601651
3.601706
3.601783
3.601871
3.602057
3.602748
3.602926
3.603237
3.603247
3.603437
3.603718
3.603863
3.603967
3.604217
3.60439
3.604443
3.604574
3.604921
3.604997
3.605121
3.605146
3.605601
3.605893
3.605963
3.605987
3.606023
3.606147
3.60619
3.606257
3.606357
3.60659
3.606597
3.606669
3.606866
3.6071
3.607126
3.607173
3.608047
3.60831
3.60864
3.609316
3.609504
3.6097
3.609723
3.60984
3.610584
3.610686
3.61079
3.610826
3.611363
3.611817
3.61184
3.612026
3.612043
3.612073
3.612379
3.612503
3.612624
3.612633
3.613357
3.613986
3.614054
3.614473
3.614569
3.61466
3.61473
3.615013
3.615273
3.615423
3.615793
3.615887
3.616037
3.616597
3.616734
3.616817
3.616846
3.61686
3.61692
3.616967
3.617104
3.61716
3.617437
3.617456
3.617601
3.617651
3.61876
3.618888
3.619263
3.619318
3.619516
3.6197
3.61978
3.619887
3.619954
3.619996
3.620124
3.620653
3.620716
3.620888
3.620936
3.621297
3.621727
3.622443
3.622499
3.62253
3.622547
3.622626
3.622678
3.622713
3.622746
3.623043
3.623266
3.623563
3.62381
3.624647
3.624647
3.625267
3.62543
3.625443
3.625499
3.625663
3.62586
3.625886
3.626064
3.626111
3.626349
3.626911
3.626917
3.627103
3.627173
3.627211
3.627224
3.627384
3.627413
3.62745
3.62772
3.627724
3.628037
3.628384
3.628756
3.629286
3.6294
3.629719
3.629826
3.630623
3.631427
3.631627
3.631683
3.63177
3.631787
3.631923
3.632117
3.632364
3.632383
3.632516
3.632674
3.632687
3.632837
3.632929
3.633121
3.633378
3.633527
3.633757
3.633764
3.633937
3.633999
3.634193
3.6345
3.634789
3.634808
3.63494
3.635041
3.635194
3.635831
3.635837
3.635893
3.636178
3.636451
3.63655
3.637188
3.637474
3.637484
3.63763
3.637643
3.637977
3.638487
3.638716
3.63872
3.6388
3.638814
3.638817
3.639227
3.639327
3.639484
3.639544
3.640187
3.640508
3.640914
3.64129
3.641327
3.64143
3.64198
3.642634
3.642967
3.642981
3.643849
3.643857
3.643867
3.644048
3.644097
3.644263
3.64438
3.644446
3.645057
3.645181
3.64554
3.645844
3.646308
3.64646
3.646493
3.646843
3.646853
3.64689
3.647297
3.647573
3.647804
3.648717
3.649074
3.649627
3.649629
3.6499
3.650373
3.650597
3.650667
3.651274
3.651837
3.651891
3.652074
3.652137
3.652521
3.653801
3.653817
3.654346
3.654603
3.654604
3.654833
3.654983
3.655557
3.655873
3.65665
3.6567
3.656897
3.657194
3.657423
3.658258
3.658917
3.659517
3.659914
3.6603
3.660429
3.660473
3.66109
3.661181
3.661353
3.661416
3.662924
3.663153
3.663687
3.664326
3.664413
3.66442
3.66457
3.665797
3.66593
3.665947
3.666244
3.666923
3.667311
3.667431
3.667837
3.668527
3.668639
3.668726
3.669953
3.670393
3.670643
3.6707
3.673304
3.673664
3.673787
3.674134
3.674427
3.674473
3.674717
3.674853
3.675246
3.675394
3.676106
3.676173
3.676197
3.676787
3.677077
3.677428
3.677447
3.6775
3.677604
3.67795
3.678174
3.678339
3.678423
3.67861
3.680768
3.681
3.681264
3.681743
3.681821
3.682026
3.682184
3.682916
3.683073
3.68308
3.684327
3.68449
3.684604
3.685013
3.685603
3.686324
3.686507
3.68665
3.68835
3.68878
3.688816
3.689397
3.690467
3.69063
3.691061
3.691081
3.691343
3.693134
3.693627
3.694727
3.695517
3.695817
3.695957
3.696397
3.696771
3.696914
3.696966
3.697274
3.697346
3.697414
3.697504
3.69819
3.698997
3.699368
3.700126
3.700153
3.701047
3.701683
3.703194
3.703339
3.703728
3.703856
3.705089
3.705173
3.70588
3.707967
3.708011
3.708786
3.709576
3.710373
3.710617
3.71092
3.711666
3.711881
3.711887
3.7129
3.714867
3.715294
3.71692
3.717621
3.717627
3.717887
3.718127
3.718787
3.719654
3.72209
3.722644
3.723391
3.723851
3.72529
3.725337
3.72577
3.726669
3.726878
3.727034
3.72742
3.728137
3.729286
3.729576
3.729606
3.729607
3.729931
3.730417
3.730543
3.7307
3.73244
3.732597
3.733064
3.736947
3.737768
3.740076
3.740373
3.740669
3.741126
3.74301
3.74612
3.747376
3.74932
3.750624
3.750967
3.751078
3.751864
3.751939
3.752154
3.753609
3.75417
3.754604
3.75531
3.755997
3.757707
3.758167
3.75821
3.758984
3.75922
3.759947
3.760107
3.762793
3.763227
3.764384
3.765124
3.765897
3.766778
3.76711
3.767673
3.767964
3.770104
3.772481
3.775637
3.777031
3.777207
3.777893
3.778247
3.780196
3.78102
3.783727
3.784267
3.788893
3.788943
3.791453
3.79416
3.795263
3.796524
3.79979
3.801039
3.802047
3.802323
3.804047
3.805864
3.807964
3.808433
3.810031
3.813191
3.813201
3.816863
3.82028
3.820457
3.82339
3.825601
3.826478
3.826807
3.830283
3.830884
3.838637
3.839106
3.841573
3.842059
3.844401
3.848311
3.850304
3.850777
3.853394
3.853857
3.85681
3.85811
3.860263
3.863349
3.875041
3.876234
3.877227
3.878914
3.88029
3.880476
3.88213
3.883117
3.883501
3.892107
3.893934
3.895957
3.910777
3.913127
3.91424
3.919864
3.923924
3.924524
3.92459
3.930314
3.930338
3.931147
3.936597
3.940104
3.941191
3.94583
3.95028
3.950524
3.961667
3.967347
3.969538
3.980678
3.981701
3.988578
3.990701
3.992216
3.993047
3.997684
3.999307
4.008198
4.027494
4.031964
4.040247
4.049831
4.057463
4.059371
4.074907
4.07817
4.090067
4.10203
4.13087
4.133644
4.160697
4.167804
4.172558
4.178804
4.199281
4.289581
4.291757
4.513628
5.591459
