0.260395
0.26505
0.275327
0.27654
0.27697
0.277947
0.278263
0.27867
0.280194
0.28028
0.28065
0.283297
0.283667
0.283917
0.283997
0.284787
0.285053
0.285491
0.28603
0.286111
0.28618
0.286477
0.286507
0.286587
0.286677
0.286804
0.286894
0.28773
0.287744
0.28791
0.28796
0.28824
0.28859
0.288677
0.288834
0.289193
0.289601
0.289714
0.290024
0.290027
0.290098
0.29017
0.290267
0.29059
0.29072
0.290778
0.290897
0.291046
0.291081
0.291104
0.291113
0.291187
0.291404
0.291537
0.291634
0.291726
0.291856
0.291927
0.29194
0.292024
0.29217
0.29224
0.292433
0.292567
0.2926
0.293037
0.293293
0.293614
0.293713
0.29377
0.29386
0.2943
0.294513
0.294801
0.294884
0.294897
0.29503
0.295037
0.295094
0.295097
0.295114
0.29518
0.29527
0.29537
0.295467
0.295617
0.295656
0.295664
0.29568
0.295733
0.295774
0.295844
0.295873
0.295897
0.295967
0.296098
0.29629
0.296491
0.296517
0.296654
0.296663
0.296727
0.296794
0.296824
0.297087
0.297093
0.297204
0.29721
0.29729
0.297336
0.297407
0.297435
0.297444
0.297447
0.297507
0.297517
0.297553
0.29758
0.297633
0.297797
0.297813
0.297823
0.298197
0.298267
0.298277
0.298401
0.298464
0.298533
0.298597
0.29862
0.29868
0.298707
0.29883
0.298867
0.298873
0.298994
0.299003
0.299016
0.299093
0.299127
0.299138
0.299144
0.299177
0.299193
0.299293
0.29931
0.299471
0.299507
0.299527
0.299638
0.29971
0.29974
0.29976
0.299784
0.299801
0.299904
0.299963
0.299997
0.300067
0.300078
0.30013
0.300366
0.30054
0.300554
0.300604
0.30063
0.30078
0.300833
0.300877
0.30088
0.300894
0.300904
0.300916
0.300927
0.300964
0.30104
0.301064
0.301067
0.301177
0.301193
0.301224
0.301267
0.301313
0.301397
0.301513
0.301561
0.301657
0.301667
0.30175
0.30181
0.301927
0.301974
0.302
0.302053
0.30224
0.302256
0.302586
0.302614
0.302777
0.3028
0.30284
0.3029
0.302944
0.302993
0.303127
0.303147
0.303158
0.303264
0.303284
0.30332
0.303397
0.30341
0.303433
0.30344
0.303564
0.303581
0.303807
0.303814
0.303824
0.30387
0.303906
0.30391
0.303913
0.304003
0.30404
0.30412
0.304137
0.304176
0.304184
0.304206
0.304224
0.304224
0.304267
0.30428
0.30428
0.304324
0.30434
0.304383
0.304413
0.304506
0.30463
0.3047
0.304924
0.304927
0.30494
0.305037
0.305041
0.305044
0.305047
0.305074
0.305153
0.305254
0.30531
0.305353
0.30542
0.305427
0.305434
0.30562
0.305677
0.30572
0.30574
0.305783
0.305793
0.305807
0.305836
0.305857
0.305997
0.305997
0.306008
0.30602
0.306027
0.306053
0.306064
0.306077
0.306127
0.306131
0.306136
0.306151
0.30618
0.306333
0.30639
0.306397
0.306437
0.306456
0.306528
0.306608
0.306657
0.306734
0.30674
0.306781
0.306866
0.306893
0.30694
0.306997
0.307014
0.30709
0.307148
0.307173
0.307215
0.307283
0.307377
0.307425
0.307504
0.307584
0.307631
0.307647
0.307704
0.30774
0.307784
0.30779
0.307844
0.307867
0.307937
0.307977
0.307994
0.308
0.308024
0.308074
0.30822
0.30829
0.308307
0.30832
0.308325
0.308357
0.308373
0.308383
0.308411
0.308434
0.308468
0.308481
0.30854
0.308556
0.308637
0.308654
0.30871
0.308718
0.308751
0.30876
0.30877
0.308801
0.308804
0.308827
0.308827
0.308944
0.30903
0.309154
0.309167
0.30919
0.309257
0.30935
0.309403
0.309427
0.309443
0.309507
0.309521
0.30953
0.309547
0.309597
0.309607
0.30965
0.309656
0.309673
0.309685
0.309747
0.309833
0.309834
0.309873
0.309903
0.309958
0.309984
0.310008
0.310054
0.310058
0.310066
0.310091
0.310123
0.310246
0.310267
0.31029
0.310307
0.31034
0.310361
0.310377
0.310417
0.310487
0.310517
0.31052
0.310537
0.310547
0.310554
0.310581
0.31059
0.310716
0.31072
0.310724
0.310783
0.310787
0.310803
0.310814
0.310827
0.310837
0.31092
0.311013
0.311054
0.31109
0.311167
0.311201
0.311294
0.311337
0.311338
0.3114
0.311507
0.31151
0.311534
0.311543
0.311566
0.311617
0.31163
0.311668
0.311677
0.311683
0.3117
0.311734
0.311737
0.311813
0.311818
0.31186
0.311867
0.31188
0.311887
0.311894
0.311954
0.311957
0.311983
0.312037
0.312073
0.312076
0.312134
0.312136
0.31214
0.312156
0.312157
0.312173
0.312204
0.31223
0.31229
0.312303
0.312324
0.312343
0.312374
0.312376
0.31238
0.312397
0.312427
0.312487
0.312507
0.312523
0.312524
0.312567
0.312597
0.31261
0.312664
0.312676
0.31268
0.312813
0.312824
0.312846
0.312883
0.31289
0.312963
0.312967
0.312994
0.313013
0.313017
0.313031
0.313037
0.313046
0.313071
0.313107
0.313108
0.31317
0.313194
0.313253
0.31327
0.313281
0.313294
0.313324
0.313327
0.313337
0.31339
0.313444
0.313454
0.313456
0.313503
0.31353
0.313733
0.313775
0.313798
0.313827
0.313853
0.313873
0.313877
0.313917
0.313943
0.313944
0.313983
0.313984
0.314023
0.314024
0.31405
0.314057
0.31408
0.314096
0.31412
0.31412
0.314151
0.314157
0.314163
0.31417
0.31422
0.314241
0.31429
0.314317
0.314376
0.31438
0.314383
0.314397
0.314404
0.31441
0.314431
0.314457
0.31455
0.314617
0.314617
0.31462
0.314626
0.314647
0.31467
0.314673
0.314713
0.314763
0.314767
0.314857
0.314864
0.3149
0.31496
0.315
0.315036
0.315047
0.31505
0.31508
0.31509
0.31519
0.315191
0.315203
0.31524
0.315244
0.315274
0.315293
0.315317
0.315323
0.315338
0.315397
0.315413
0.315441
0.315504
0.315504
0.315507
0.315573
0.31568
0.315707
0.31573
0.315744
0.315746
0.315766
0.315767
0.31578
0.315803
0.315817
0.315831
0.315871
0.315914
0.315951
0.31598
0.316056
0.316064
0.31607
0.316141
0.316157
0.316157
0.316187
0.316197
0.316223
0.316243
0.316308
0.316328
0.316334
0.316347
0.316381
0.316406
0.316437
0.316444
0.316541
0.31655
0.31658
0.31661
0.316617
0.316658
0.316673
0.316677
0.316684
0.316697
0.31673
0.316737
0.31674
0.316761
0.316767
0.316773
0.316784
0.316787
0.316843
0.316848
0.316864
0.316911
0.316913
0.31694
0.316977
0.317004
0.317004
0.317023
0.317037
0.317044
0.31711
0.317144
0.317164
0.317167
0.317227
0.317247
0.31727
0.317293
0.317293
0.317297
0.317306
0.317308
0.317313
0.317317
0.317358
0.317393
0.3174
0.317413
0.317414
0.317416
0.31744
0.31746
0.317464
0.317494
0.317517
0.317553
0.317563
0.31759
0.317593
0.317604
0.31763
0.31763
0.317631
0.31766
0.317701
0.317723
0.317723
0.317727
0.31777
0.317807
0.317877
0.317883
0.317907
0.317917
0.31792
0.317937
0.317993
0.317994
0.317994
0.318003
0.31808
0.318123
0.318131
0.318157
0.318191
0.318203
0.318234
0.318264
0.318264
0.318268
0.31828
0.318286
0.31829
0.318297
0.318304
0.31837
0.318371
0.318374
0.31841
0.318441
0.318447
0.31845
0.318464
0.31847
0.318517
0.31852
0.31853
0.31855
0.31855
0.318574
0.318577
0.318588
0.31861
0.318713
0.318753
0.318833
0.318834
0.318837
0.318841
0.318844
0.318867
0.31888
0.318886
0.31889
0.318897
0.318897
0.318907
0.318913
0.318923
0.318951
0.318964
0.318971
0.319014
0.319026
0.319034
0.319037
0.319044
0.31907
0.319073
0.319111
0.319154
0.319157
0.319163
0.319174
0.319217
0.319234
0.319246
0.319294
0.31932
0.319324
0.319333
0.31934
0.319343
0.319358
0.319377
0.319424
0.31943
0.319473
0.31949
0.319511
0.31952
0.319541
0.319544
0.31957
0.319581
0.319583
0.319623
0.319624
0.319664
0.319697
0.319698
0.319731
0.31975
0.319756
0.319766
0.319793
0.3198
0.319813
0.319826
0.319837
0.319844
0.319844
0.319864
0.319927
0.319927
0.319927
0.319945
0.319984
0.319988
0.320037
0.320084
0.32009
0.320114
0.320137
0.32016
0.320207
0.32024
0.320247
0.32029
0.320294
0.320301
0.320306
0.320317
0.320324
0.320333
0.320353
0.320377
0.320384
0.3204
0.320417
0.32042
0.320427
0.32043
0.320441
0.320463
0.320474
0.320477
0.320498
0.320547
0.320574
0.320596
0.320607
0.32061
0.320618
0.320627
0.320628
0.320637
0.320647
0.32065
0.320653
0.320677
0.320688
0.320723
0.32073
0.32075
0.320805
0.320843
0.320858
0.32086
0.320934
0.32094
0.321
0.321018
0.321024
0.32103
0.32104
0.321041
0.321047
0.321081
0.321096
0.321107
0.321113
0.32114
0.32115
0.321153
0.32116
0.321181
0.321185
0.321218
0.321237
0.321237
0.3213
0.321374
0.321387
0.321407
0.321428
0.321457
0.321463
0.321474
0.321484
0.321517
0.32156
0.321577
0.321588
0.321601
0.321663
0.321664
0.321677
0.32168
0.32169
0.321707
0.321718
0.321726
0.321731
0.321734
0.321741
0.321767
0.321767
0.321787
0.32179
0.3218
0.32181
0.321814
0.321873
0.321893
0.321894
0.321904
0.321924
0.321927
0.321944
0.321958
0.321971
0.321978
0.321984
0.321994
0.322026
0.322083
0.322087
0.322088
0.32209
0.32209
0.322104
0.322114
0.322114
0.322137
0.32216
0.322177
0.322178
0.3222
0.322214
0.322224
0.322243
0.322247
0.322257
0.322294
0.322334
0.322337
0.322355
0.322357
0.322357
0.322397
0.322507
0.322564
0.322607
0.322637
0.322657
0.32267
0.322677
0.322677
0.32268
0.322694
0.322774
0.322784
0.3228
0.32282
0.322845
0.322853
0.322864
0.322867
0.32287
0.3229
0.322941
0.322946
0.322956
0.32296
0.322994
0.323008
0.323013
0.323017
0.323047
0.323056
0.323057
0.323061
0.323074
0.323077
0.32308
0.323083
0.323104
0.323124
0.32313
0.323138
0.323144
0.323157
0.323157
0.323157
0.323158
0.32318
0.323184
0.323217
0.323233
0.323234
0.32324
0.323253
0.323274
0.323294
0.323327
0.323328
0.323334
0.32334
0.32335
0.323364
0.323386
0.323424
0.323455
0.32347
0.323493
0.323543
0.323544
0.323547
0.323563
0.323566
0.323584
0.32359
0.32361
0.323646
0.32365
0.323651
0.32368
0.323691
0.323703
0.323747
0.32375
0.323767
0.32377
0.32378
0.323783
0.323787
0.323813
0.323833
0.323843
0.323884
0.323894
0.323897
0.32393
0.323937
0.32395
0.323954
0.323956
0.32396
0.323967
0.323983
0.324023
0.324043
0.324044
0.324047
0.32408
0.32409
0.324097
0.324114
0.32417
0.324194
0.324196
0.324226
0.32425
0.324257
0.32426
0.324273
0.324277
0.324284
0.324297
0.324307
0.324317
0.324344
0.324346
0.32436
0.324387
0.324387
0.324437
0.324444
0.324458
0.324466
0.324467
0.324474
0.324497
0.324497
0.324504
0.324507
0.324533
0.324626
0.324653
0.324656
0.324657
0.32466
0.324697
0.324701
0.324723
0.324724
0.324737
0.324764
0.324794
0.324807
0.324824
0.324837
0.324883
0.3249
0.324913
0.324951
0.324957
0.32497
0.324978
0.325
0.32501
0.325014
0.32503
0.32504
0.325068
0.32507
0.325097
0.325104
0.32512
0.325131
0.325164
0.325237
0.325251
0.325257
0.325275
0.325306
0.32531
0.32531
0.32532
0.325338
0.325357
0.325363
0.325381
0.325386
0.325397
0.32542
0.32544
0.325447
0.325454
0.32549
0.325494
0.325513
0.325536
0.32554
0.32554
0.325557
0.325561
0.32557
0.325573
0.32558
0.325594
0.325594
0.325597
0.3256
0.325607
0.325623
0.32563
0.325631
0.325648
0.325653
0.32566
0.325673
0.325677
0.32569
0.32569
0.325748
0.325751
0.325767
0.325781
0.325784
0.325794
0.325804
0.325851
0.32589
0.325926
0.325934
0.325948
0.325957
0.325961
0.32601
0.326044
0.326073
0.326104
0.326124
0.326128
0.326147
0.326163
0.326181
0.3262
0.32621
0.326223
0.32626
0.326264
0.326284
0.326287
0.3263
0.326324
0.326384
0.326385
0.326393
0.326427
0.326437
0.326437
0.326446
0.326456
0.32649
0.326511
0.326518
0.326527
0.326556
0.32657
0.32657
0.326576
0.326591
0.326603
0.326614
0.326638
0.326661
0.326673
0.326687
0.326714
0.326724
0.326731
0.326747
0.32679
0.326803
0.326804
0.326804
0.32681
0.326813
0.326821
0.326844
0.326847
0.326883
0.326898
0.326917
0.32692
0.32693
0.32693
0.326937
0.326937
0.326937
0.326955
0.326964
0.32697
0.326974
0.32701
0.32702
0.327023
0.327046
0.327054
0.327067
0.327068
0.327087
0.3271
0.32711
0.327113
0.327114
0.327147
0.32717
0.327197
0.3272
0.32722
0.327241
0.327273
0.327274
0.327287
0.327294
0.327307
0.327324
0.32734
0.327344
0.32736
0.327364
0.327365
0.327391
0.327417
0.327467
0.327473
0.32751
0.327521
0.327551
0.327557
0.32756
0.32757
0.32757
0.32759
0.327601
0.32765
0.327667
0.327685
0.327694
0.32776
0.327763
0.327764
0.327771
0.327798
0.327836
0.32784
0.327843
0.327844
0.327854
0.327864
0.327877
0.327897
0.3279
0.3279
0.32791
0.327994
0.328031
0.328037
0.32804
0.328061
0.32808
0.328087
0.32818
0.328188
0.328198
0.328217
0.328218
0.328221
0.328227
0.32825
0.328267
0.328274
0.328284
0.328294
0.328307
0.328308
0.328317
0.328323
0.328337
0.32835
0.32836
0.32836
0.328375
0.32839
0.3284
0.3284
0.328407
0.328453
0.32849
0.328504
0.328513
0.328538
0.32855
0.328554
0.328564
0.32858
0.3286
0.32862
0.328664
0.328674
0.328677
0.328678
0.32872
0.32875
0.328757
0.328758
0.328764
0.328783
0.328801
0.328803
0.328804
0.32881
0.328827
0.328827
0.32883
0.328834
0.32887
0.328886
0.328887
0.328896
0.328897
0.328914
0.328917
0.328943
0.328954
0.328964
0.328976
0.328997
0.32904
0.329064
0.329067
0.329083
0.329114
0.329121
0.329133
0.329144
0.329177
0.329193
0.329195
0.32921
0.329216
0.329221
0.329243
0.32925
0.329264
0.329276
0.329316
0.329318
0.329324
0.329327
0.329331
0.329364
0.329388
0.329394
0.329397
0.329401
0.329411
0.329424
0.329443
0.329453
0.329467
0.329517
0.329534
0.329546
0.32955
0.329564
0.32957
0.329586
0.329587
0.32959
0.32959
0.329604
0.329604
0.32963
0.329633
0.329644
0.32965
0.329676
0.32968
0.329694
0.329694
0.329703
0.329717
0.32972
0.32973
0.32975
0.329764
0.32977
0.329777
0.329793
0.329794
0.32982
0.329834
0.32985
0.329853
0.329871
0.329894
0.3299
0.329917
0.32992
0.329946
0.32995
0.329977
0.33
0.33
0.330007
0.330013
0.330054
0.330054
0.330055
0.330056
0.330057
0.330071
0.330074
0.330088
0.330104
0.330134
0.330154
0.33017
0.33017
0.330187
0.33019
0.330227
0.330227
0.330253
0.330257
0.33026
0.330264
0.330273
0.330283
0.330315
0.330317
0.330317
0.330347
0.330354
0.330364
0.330375
0.330377
0.330414
0.33042
0.330518
0.330536
0.330537
0.330556
0.330566
0.330587
0.330587
0.330597
0.330637
0.330643
0.330653
0.330654
0.330661
0.330663
0.330693
0.330701
0.330704
0.33072
0.33074
0.330744
0.330751
0.330757
0.330758
0.330768
0.330793
0.330797
0.330801
0.330807
0.33081
0.330834
0.33086
0.330871
0.330881
0.330883
0.330883
0.330893
0.3309
0.330923
0.330924
0.330967
0.330967
0.330987
0.330994
0.331007
0.331014
0.331015
0.331021
0.331031
0.33112
0.331124
0.33114
0.331154
0.331184
0.331204
0.331204
0.33121
0.331241
0.331294
0.331301
0.331304
0.331311
0.331314
0.331337
0.331358
0.331376
0.331384
0.331394
0.331398
0.331404
0.331424
0.331434
0.331434
0.331447
0.331454
0.331486
0.33149
0.3315
0.331513
0.331526
0.331534
0.331536
0.331551
0.33158
0.331591
0.331617
0.33162
0.33162
0.33163
0.331673
0.331673
0.331674
0.331674
0.33168
0.331687
0.331691
0.331696
0.331717
0.33172
0.33173
0.33175
0.331751
0.331754
0.331774
0.331798
0.331817
0.331828
0.33184
0.331856
0.331864
0.331873
0.331894
0.331896
0.331898
0.33191
0.331911
0.331917
0.331924
0.331924
0.331937
0.331944
0.331956
0.33197
0.331976
0.332004
0.332015
0.332017
0.332034
0.332037
0.332088
0.332097
0.332123
0.332133
0.332148
0.332151
0.332151
0.332154
0.332157
0.332166
0.332166
0.332173
0.332224
0.332257
0.33226
0.332284
0.332301
0.332304
0.332306
0.33238
0.332417
0.332431
0.332487
0.332494
0.332504
0.332533
0.332537
0.332557
0.332564
0.332566
0.33257
0.33257
0.332573
0.332607
0.332623
0.33264
0.332651
0.33268
0.332693
0.332696
0.332704
0.332754
0.332764
0.332804
0.332804
0.332814
0.332824
0.33285
0.332913
0.332914
0.332917
0.332921
0.332966
0.33299
0.333004
0.33302
0.333037
0.33306
0.333063
0.333067
0.333084
0.333103
0.333121
0.333131
0.333187
0.333234
0.333235
0.333271
0.333281
0.333297
0.333307
0.333313
0.333314
0.33332
0.333323
0.33333
0.333376
0.333377
0.333393
0.3334
0.333403
0.33341
0.33343
0.333431
0.333443
0.333453
0.333457
0.333531
0.333547
0.33355
0.333551
0.333568
0.333573
0.333587
0.333623
0.33365
0.333664
0.33367
0.333684
0.33369
0.333705
0.333707
0.333711
0.333723
0.333737
0.333767
0.33379
0.333793
0.3338
0.333803
0.333807
0.333847
0.333854
0.333864
0.333871
0.333883
0.333894
0.333896
0.333897
0.333907
0.333913
0.333917
0.33392
0.333954
0.333966
0.333983
0.333983
0.333996
0.334031
0.334037
0.33405
0.334051
0.334073
0.334084
0.334094
0.334137
0.334153
0.334167
0.33417
0.334174
0.33418
0.334201
0.334201
0.334206
0.334213
0.334217
0.334224
0.334236
0.334241
0.334251
0.334257
0.334263
0.334274
0.334276
0.334294
0.334294
0.334331
0.334333
0.33435
0.33436
0.334361
0.334381
0.334384
0.334401
0.334424
0.33443
0.33444
0.334441
0.334457
0.334461
0.33447
0.33447
0.334483
0.334494
0.334547
0.334547
0.33455
0.33457
0.33459
0.3346
0.334603
0.334627
0.334647
0.334661
0.334664
0.334668
0.334677
0.334688
0.33469
0.334691
0.334703
0.334717
0.334717
0.334737
0.334743
0.334744
0.334754
0.334754
0.334764
0.334768
0.334774
0.334774
0.334777
0.33478
0.334783
0.33479
0.334797
0.3348
0.3348
0.33482
0.334828
0.334844
0.334856
0.334907
0.334934
0.33495
0.334951
0.334967
0.334994
0.335015
0.33504
0.33506
0.335084
0.335086
0.33509
0.335093
0.335107
0.335114
0.335146
0.335154
0.335154
0.335181
0.335184
0.335188
0.335226
0.33524
0.33525
0.335294
0.335295
0.335301
0.335306
0.335334
0.335338
0.335344
0.335347
0.33535
0.335351
0.335353
0.33537
0.335397
0.335404
0.335404
0.335454
0.335461
0.33548
0.335487
0.33549
0.3355
0.335514
0.335524
0.33556
0.335583
0.335616
0.335618
0.33562
0.335651
0.335654
0.33566
0.33567
0.335684
0.335697
0.3357
0.3357
0.335717
0.33578
0.335797
0.3358
0.33582
0.335823
0.33583
0.335853
0.3359
0.335911
0.335911
0.335924
0.33593
0.33593
0.33593
0.335934
0.335951
0.335977
0.335983
0.335984
0.335987
0.336017
0.33602
0.33602
0.336027
0.33603
0.33604
0.336044
0.336047
0.33605
0.336054
0.33606
0.336064
0.33607
0.336071
0.336085
0.336087
0.336093
0.336116
0.336126
0.336131
0.336137
0.336137
0.336137
0.33615
0.33616
0.336171
0.336176
0.336197
0.336208
0.33622
0.336233
0.336241
0.336244
0.336244
0.33625
0.336253
0.33626
0.336261
0.336274
0.336287
0.33629
0.336298
0.336303
0.33631
0.33632
0.336323
0.336337
0.336338
0.336338
0.33634
0.336347
0.33635
0.336361
0.336366
0.33637
0.33637
0.336397
0.336414
0.336437
0.336457
0.336474
0.336477
0.336484
0.336507
0.336507
0.336526
0.33653
0.336561
0.33657
0.336594
0.3366
0.33661
0.336623
0.336646
0.336656
0.336657
0.33667
0.336673
0.33668
0.336687
0.336698
0.336714
0.336724
0.336734
0.336744
0.336746
0.336791
0.336807
0.33682
0.336823
0.336837
0.33684
0.336841
0.336863
0.33688
0.33688
0.336881
0.336884
0.3369
0.336914
0.336923
0.336928
0.336934
0.33695
0.33696
0.336963
0.336963
0.336993
0.33702
0.337037
0.33704
0.337053
0.33706
0.337077
0.33708
0.337096
0.33711
0.33711
0.337114
0.337123
0.337137
0.337143
0.337187
0.337211
0.33724
0.33725
0.337254
0.337257
0.337294
0.33731
0.337323
0.337328
0.337361
0.33737
0.337377
0.337391
0.337424
0.33743
0.337437
0.337441
0.337444
0.337444
0.337466
0.337473
0.337487
0.3375
0.33751
0.337511
0.33752
0.33754
0.337553
0.337558
0.337574
0.337587
0.337588
0.33764
0.337641
0.337644
0.33765
0.337686
0.337734
0.33774
0.33776
0.33776
0.337793
0.337804
0.337807
0.33781
0.337817
0.33782
0.337833
0.337858
0.337864
0.337864
0.337886
0.33789
0.33789
0.337894
0.337904
0.337934
0.33795
0.337957
0.33796
0.33796
0.337963
0.33797
0.337996
0.338007
0.33801
0.338026
0.33803
0.338043
0.338044
0.338054
0.338063
0.338064
0.338067
0.338067
0.338073
0.338077
0.338087
0.338117
0.338137
0.338144
0.338177
0.338208
0.338255
0.338261
0.33827
0.338277
0.338277
0.338291
0.338313
0.33832
0.338323
0.338337
0.338367
0.338393
0.338395
0.338413
0.338415
0.338425
0.338427
0.338433
0.33845
0.338461
0.338463
0.338467
0.33847
0.338474
0.338497
0.338497
0.338497
0.338498
0.3385
0.33853
0.33853
0.33854
0.338555
0.338563
0.338568
0.338577
0.338577
0.338584
0.33859
0.338591
0.338593
0.338607
0.338634
0.33864
0.338647
0.338656
0.338657
0.338667
0.338677
0.338687
0.338687
0.338697
0.3387
0.338747
0.338753
0.338757
0.338764
0.33877
0.338784
0.338793
0.338794
0.338797
0.338797
0.338798
0.338823
0.338826
0.338848
0.338857
0.338861
0.338877
0.33889
0.3389
0.338904
0.338917
0.33893
0.33894
0.338941
0.33896
0.338973
0.339007
0.339036
0.339037
0.339037
0.339044
0.339067
0.33909
0.33909
0.3391
0.339103
0.339104
0.339107
0.33911
0.339124
0.339127
0.339141
0.339144
0.339153
0.33916
0.33917
0.3392
0.33922
0.33923
0.339244
0.339246
0.339247
0.339261
0.339264
0.339281
0.3393
0.339351
0.339357
0.339406
0.339417
0.339426
0.339431
0.33945
0.339461
0.339483
0.339498
0.3395
0.339501
0.33951
0.339517
0.33953
0.339541
0.339548
0.339557
0.339581
0.339593
0.339594
0.339594
0.339603
0.339604
0.339623
0.33963
0.339634
0.339637
0.33964
0.339644
0.33965
0.339663
0.339666
0.339671
0.339694
0.339694
0.339697
0.339706
0.339707
0.339708
0.339717
0.33976
0.339807
0.33981
0.339814
0.33984
0.339844
0.339844
0.339864
0.33988
0.339907
0.339923
0.339934
0.339937
0.339944
0.339944
0.33995
0.339967
0.339974
0.339976
0.339983
0.339984
0.339984
0.339987
0.33999
0.339991
0.339997
0.34
0.340004
0.340036
0.340074
0.340093
0.340117
0.34013
0.34013
0.340144
0.340147
0.34015
0.340157
0.340157
0.340164
0.340177
0.340193
0.340194
0.340207
0.340253
0.340257
0.340257
0.34026
0.340264
0.340273
0.34028
0.340281
0.340287
0.340287
0.340287
0.340305
0.34032
0.34033
0.34035
0.340361
0.340364
0.340368
0.34037
0.340374
0.340397
0.340397
0.340423
0.340424
0.340448
0.340464
0.340468
0.340487
0.340488
0.34049
0.340493
0.340501
0.340507
0.340523
0.340527
0.340537
0.340553
0.340553
0.34057
0.340583
0.340618
0.34063
0.340638
0.34065
0.340684
0.340687
0.34069
0.340704
0.34071
0.340717
0.340745
0.340774
0.34078
0.340787
0.340797
0.340814
0.340831
0.340837
0.340857
0.340877
0.340887
0.340907
0.340921
0.340931
0.340956
0.340957
0.340957
0.340964
0.34098
0.340988
0.341011
0.341011
0.341014
0.341023
0.34103
0.341031
0.34105
0.341056
0.341068
0.34107
0.3411
0.34111
0.341117
0.341141
0.341144
0.34115
0.341163
0.341164
0.341167
0.341167
0.34117
0.341177
0.341183
0.341195
0.341196
0.341213
0.341214
0.341244
0.34125
0.341268
0.341277
0.34129
0.341293
0.341294
0.341295
0.341297
0.341304
0.341307
0.34131
0.341313
0.341323
0.341323
0.341324
0.341334
0.341335
0.341347
0.341364
0.341371
0.341383
0.341393
0.341411
0.341417
0.34143
0.341433
0.341434
0.34144
0.341443
0.34145
0.341467
0.341477
0.341487
0.341488
0.34149
0.341497
0.3415
0.341517
0.34152
0.341533
0.341544
0.341567
0.341568
0.341573
0.341577
0.341586
0.341624
0.341627
0.341633
0.341641
0.341657
0.341667
0.341684
0.341703
0.34171
0.341713
0.34172
0.341727
0.341734
0.341737
0.341744
0.341754
0.341757
0.341763
0.341776
0.341777
0.341784
0.34179
0.341794
0.341794
0.341803
0.341808
0.341813
0.341814
0.341821
0.341821
0.341827
0.341827
0.341827
0.341844
0.341847
0.341854
0.341857
0.34186
0.341881
0.34189
0.34189
0.341911
0.341951
0.341961
0.341968
0.34197
0.341974
0.341977
0.341987
0.342
0.342007
0.342021
0.34203
0.34203
0.342037
0.34204
0.342047
0.34205
0.342056
0.342086
0.342087
0.34209
0.342107
0.342113
0.342116
0.34213
0.342143
0.34217
0.342187
0.342196
0.342197
0.3422
0.342204
0.342207
0.342214
0.342214
0.34223
0.342236
0.342237
0.342237
0.34229
0.342306
0.342307
0.342321
0.342337
0.342338
0.34235
0.342354
0.342376
0.342376
0.342377
0.342386
0.342396
0.3424
0.342424
0.34243
0.34244
0.342477
0.342517
0.342526
0.342537
0.342544
0.342548
0.342557
0.34256
0.342567
0.34257
0.342591
0.3426
0.342614
0.342657
0.34266
0.34266
0.342677
0.342693
0.342697
0.34273
0.342754
0.342754
0.342781
0.342787
0.342801
0.34282
0.342841
0.342848
0.34286
0.342874
0.34288
0.34289
0.342897
0.342901
0.342907
0.34293
0.34293
0.342931
0.342947
0.34296
0.342961
0.34297
0.342974
0.343007
0.343013
0.343013
0.34302
0.343024
0.343027
0.343044
0.343064
0.343087
0.34309
0.34309
0.34313
0.34313
0.343134
0.343137
0.343153
0.34316
0.343167
0.343183
0.343184
0.343187
0.343204
0.343204
0.343214
0.343214
0.343217
0.343221
0.343243
0.343247
0.343247
0.343248
0.343254
0.343278
0.343283
0.343284
0.343301
0.343323
0.343324
0.343327
0.34333
0.34334
0.34334
0.34335
0.343358
0.343361
0.343364
0.34337
0.343387
0.34339
0.343404
0.343407
0.343416
0.343418
0.34343
0.343443
0.343461
0.343467
0.34347
0.343484
0.343498
0.3435
0.343504
0.343516
0.343517
0.343528
0.343531
0.343533
0.343534
0.343534
0.343537
0.34355
0.343557
0.343583
0.34359
0.34359
0.343597
0.343604
0.34361
0.343617
0.343624
0.343627
0.34363
0.343633
0.343637
0.343677
0.343681
0.343688
0.343706
0.343707
0.343714
0.343717
0.34372
0.343726
0.343746
0.343747
0.343754
0.343756
0.343761
0.343787
0.343793
0.34382
0.343821
0.343821
0.343824
0.343837
0.343851
0.343864
0.343867
0.34388
0.343887
0.343897
0.343906
0.343907
0.34392
0.343947
0.343956
0.343961
0.343967
0.343967
0.343981
0.343997
0.344003
0.344004
0.344007
0.344013
0.344017
0.344024
0.344037
0.344043
0.344053
0.344061
0.344063
0.344064
0.34407
0.344078
0.344078
0.344084
0.344085
0.34409
0.344093
0.344094
0.344097
0.344098
0.3441
0.344105
0.344107
0.344113
0.344114
0.344115
0.344137
0.344143
0.344153
0.344161
0.344166
0.344181
0.344194
0.344204
0.344207
0.344211
0.344233
0.344241
0.344246
0.344257
0.344263
0.344274
0.34428
0.34429
0.344293
0.344304
0.344311
0.344314
0.344318
0.344327
0.344338
0.344357
0.34436
0.344363
0.344364
0.344368
0.344377
0.344383
0.344384
0.34439
0.344391
0.344404
0.344408
0.34441
0.344417
0.34443
0.34446
0.344471
0.344473
0.344483
0.34449
0.344493
0.344494
0.344497
0.3445
0.344534
0.344547
0.344554
0.344557
0.344564
0.34457
0.34458
0.344594
0.3446
0.344601
0.344624
0.344634
0.344634
0.344637
0.344644
0.344644
0.344691
0.344731
0.344731
0.344741
0.344744
0.344751
0.344757
0.344776
0.344787
0.344788
0.344804
0.344817
0.344827
0.34483
0.344833
0.34484
0.34486
0.344876
0.344881
0.344881
0.344888
0.344894
0.3449
0.344906
0.344911
0.34492
0.344921
0.344936
0.344937
0.344947
0.34498
0.344994
0.344997
0.345007
0.34501
0.345011
0.345021
0.34503
0.345038
0.345046
0.345051
0.345053
0.34506
0.34506
0.34509
0.345091
0.345106
0.345121
0.345127
0.345128
0.345141
0.345141
0.345147
0.345157
0.345157
0.345158
0.345161
0.345164
0.34518
0.345187
0.345197
0.345201
0.345203
0.34521
0.345211
0.345213
0.34522
0.345224
0.34523
0.345231
0.345233
0.345241
0.345254
0.34526
0.34528
0.345294
0.345304
0.345324
0.345324
0.345337
0.34535
0.345361
0.345361
0.345367
0.345371
0.34539
0.345407
0.345413
0.345435
0.345441
0.345444
0.345457
0.345468
0.345483
0.345484
0.34551
0.34551
0.345515
0.345527
0.34553
0.34553
0.345531
0.34554
0.345554
0.345574
0.345584
0.3456
0.34561
0.345616
0.345618
0.345624
0.345631
0.345644
0.345647
0.345647
0.345655
0.345667
0.345667
0.34571
0.345713
0.345718
0.34572
0.34573
0.345737
0.34575
0.345771
0.345777
0.345781
0.345784
0.345787
0.3458
0.345803
0.34582
0.34582
0.345821
0.34584
0.345844
0.345851
0.345857
0.345864
0.3459
0.345903
0.345924
0.345934
0.345944
0.34596
0.345961
0.34597
0.345975
0.345983
0.345988
0.345993
0.345994
0.34601
0.34601
0.34601
0.346016
0.346027
0.346034
0.34604
0.346041
0.346043
0.346053
0.346061
0.346063
0.346064
0.34607
0.346075
0.346087
0.346107
0.346114
0.346117
0.34612
0.346123
0.346123
0.34613
0.346131
0.346134
0.34614
0.346203
0.34621
0.346224
0.346241
0.346247
0.34625
0.34626
0.346263
0.346265
0.34628
0.34628
0.346307
0.346323
0.346346
0.346351
0.346354
0.346371
0.346384
0.346387
0.346388
0.34639
0.3464
0.3464
0.346423
0.34644
0.346457
0.34647
0.346475
0.34648
0.346483
0.346483
0.346484
0.346487
0.346487
0.346493
0.3465
0.346501
0.346517
0.346517
0.346534
0.34654
0.346543
0.346557
0.346567
0.346587
0.34659
0.346597
0.346598
0.346604
0.34661
0.346614
0.346614
0.346638
0.34664
0.346641
0.346643
0.346647
0.346691
0.346703
0.346714
0.346721
0.346738
0.346753
0.34677
0.346774
0.346777
0.346794
0.346795
0.346814
0.346814
0.346817
0.346833
0.346834
0.346854
0.346865
0.346866
0.34687
0.346877
0.346894
0.346916
0.346917
0.346933
0.346957
0.346961
0.34697
0.346971
0.34698
0.347003
0.347013
0.347023
0.347024
0.347037
0.34705
0.347054
0.347064
0.347077
0.34708
0.347091
0.347094
0.347104
0.34711
0.347123
0.347134
0.347171
0.347174
0.34718
0.347188
0.34719
0.347197
0.347205
0.34721
0.347224
0.347224
0.347226
0.347238
0.34726
0.347277
0.34728
0.347317
0.347317
0.347317
0.34733
0.347331
0.347354
0.347357
0.34736
0.347365
0.347376
0.347381
0.347384
0.347403
0.347404
0.347407
0.34742
0.34742
0.347437
0.347441
0.347444
0.347457
0.347473
0.347477
0.347484
0.34749
0.34751
0.347546
0.347548
0.34755
0.34759
0.34759
0.347608
0.347618
0.347644
0.34765
0.34766
0.347661
0.347668
0.347674
0.34768
0.347684
0.347685
0.347687
0.3477
0.347713
0.347723
0.347727
0.347737
0.347744
0.347744
0.347747
0.347751
0.347763
0.347763
0.34777
0.34777
0.347773
0.34779
0.347804
0.347806
0.347807
0.347814
0.347814
0.347821
0.347824
0.347831
0.347833
0.347843
0.347853
0.347858
0.347861
0.347863
0.347867
0.347877
0.347883
0.347908
0.347913
0.347923
0.347933
0.347946
0.348006
0.348014
0.34802
0.348024
0.348044
0.348084
0.348087
0.348091
0.3481
0.348107
0.348114
0.348117
0.348134
0.348134
0.348138
0.34814
0.348144
0.348151
0.348154
0.348177
0.348184
0.348187
0.348224
0.348224
0.348226
0.348244
0.34826
0.348264
0.348283
0.34829
0.348294
0.348307
0.348323
0.348337
0.348337
0.34837
0.348374
0.34838
0.34838
0.348384
0.348391
0.3484
0.348415
0.348421
0.348423
0.348424
0.348427
0.34844
0.348444
0.348453
0.348453
0.348453
0.348454
0.348456
0.348457
0.348461
0.34847
0.348477
0.34848
0.348481
0.34849
0.348505
0.348517
0.34852
0.348524
0.348527
0.348533
0.348544
0.348556
0.34856
0.348567
0.348587
0.34859
0.348594
0.348607
0.34861
0.348654
0.348664
0.348687
0.34871
0.34872
0.348726
0.34873
0.348731
0.348737
0.34874
0.348743
0.348744
0.348753
0.348753
0.348753
0.348757
0.348763
0.348763
0.34877
0.348784
0.348787
0.3488
0.34881
0.34881
0.348817
0.348824
0.348837
0.34884
0.348858
0.34886
0.348863
0.348877
0.3489
0.348904
0.348921
0.348944
0.348947
0.348954
0.348955
0.34897
0.34897
0.348973
0.348974
0.348977
0.348983
0.349011
0.349013
0.349021
0.349023
0.349027
0.34903
0.34904
0.349044
0.34907
0.349094
0.349096
0.349101
0.349104
0.349107
0.349127
0.34913
0.349134
0.34914
0.349171
0.349177
0.34918
0.349181
0.349183
0.349187
0.349201
0.349217
0.349223
0.349224
0.34924
0.34927
0.349273
0.349277
0.349287
0.34929
0.349304
0.34931
0.349314
0.349314
0.349317
0.349321
0.34933
0.349337
0.349341
0.349346
0.349351
0.349364
0.34937
0.349381
0.349386
0.349394
0.349394
0.349397
0.349407
0.349407
0.349417
0.349428
0.349433
0.349437
0.34944
0.349447
0.349457
0.34946
0.349467
0.34948
0.349491
0.349497
0.349501
0.349506
0.349513
0.349517
0.349524
0.349527
0.349527
0.349531
0.349547
0.349557
0.349564
0.349575
0.349587
0.349587
0.34959
0.349591
0.349603
0.349607
0.349624
0.349636
0.349641
0.349654
0.349655
0.349667
0.349684
0.349687
0.349694
0.349717
0.34973
0.349747
0.349754
0.349777
0.349794
0.3498
0.349804
0.349814
0.34983
0.349844
0.349847
0.349847
0.349851
0.349856
0.349857
0.34986
0.34986
0.349866
0.349874
0.349874
0.349883
0.349883
0.349888
0.349891
0.349893
0.349894
0.3499
0.3499
0.349917
0.34992
0.349924
0.34995
0.349967
0.349976
0.349983
0.34999
0.349997
0.35
0.350001
0.350007
0.350007
0.350027
0.350028
0.350037
0.350047
0.350057
0.35006
0.35008
0.350108
0.35011
0.350116
0.350124
0.350127
0.35013
0.350133
0.35015
0.35015
0.350157
0.350157
0.35016
0.350163
0.35018
0.350241
0.350241
0.350247
0.350276
0.35028
0.350283
0.350297
0.350307
0.350324
0.350327
0.350328
0.350341
0.350344
0.350351
0.350364
0.350367
0.35038
0.350383
0.350404
0.350408
0.350411
0.350417
0.350423
0.350424
0.350424
0.350443
0.350453
0.350484
0.350487
0.350497
0.350501
0.350514
0.350517
0.35053
0.350537
0.350537
0.350541
0.350563
0.350564
0.350567
0.350567
0.350571
0.35059
0.350591
0.350593
0.350601
0.350615
0.350616
0.350631
0.350637
0.35064
0.350644
0.350651
0.350657
0.350683
0.350691
0.350698
0.3507
0.350706
0.35071
0.350718
0.350723
0.350756
0.350757
0.350764
0.350771
0.350794
0.350797
0.350797
0.350804
0.350807
0.350823
0.350824
0.35083
0.350834
0.350836
0.350836
0.350841
0.350851
0.350861
0.350866
0.350874
0.350887
0.350887
0.350891
0.3509
0.350901
0.350907
0.350907
0.350908
0.350918
0.350924
0.350934
0.350954
0.350957
0.350961
0.350971
0.350973
0.350987
0.350996
0.350997
0.350997
0.351021
0.351026
0.351026
0.351027
0.35103
0.351034
0.351037
0.351041
0.351044
0.351047
0.351051
0.351053
0.351061
0.35107
0.351077
0.351077
0.351084
0.351087
0.35109
0.35109
0.351091
0.351104
0.35111
0.35112
0.351127
0.35113
0.351137
0.35114
0.351157
0.351164
0.351176
0.351193
0.351194
0.351218
0.351224
0.351234
0.351247
0.351248
0.351254
0.351254
0.351264
0.351271
0.351281
0.351284
0.351297
0.351304
0.351307
0.351307
0.351314
0.351316
0.351334
0.351337
0.351344
0.351364
0.351367
0.351367
0.351374
0.351404
0.351413
0.35142
0.351433
0.351434
0.35144
0.351451
0.351453
0.351458
0.35147
0.35148
0.351485
0.3515
0.3515
0.351525
0.35153
0.351531
0.351536
0.351547
0.351584
0.351587
0.351601
0.35162
0.351621
0.351624
0.351631
0.351641
0.351648
0.35165
0.351656
0.351668
0.351668
0.35167
0.35168
0.35168
0.351696
0.351703
0.351707
0.351717
0.351743
0.351744
0.351746
0.351754
0.351767
0.35177
0.351781
0.351783
0.351787
0.351788
0.35179
0.351797
0.3518
0.351837
0.35184
0.351847
0.351854
0.351857
0.351866
0.351867
0.351867
0.351873
0.351873
0.351876
0.351897
0.351907
0.351911
0.351927
0.351931
0.351934
0.351954
0.351954
0.35196
0.351966
0.351968
0.351993
0.351993
0.352001
0.352014
0.35202
0.352044
0.352067
0.352077
0.352091
0.352104
0.352107
0.352111
0.352117
0.35213
0.352138
0.35215
0.352154
0.352167
0.352174
0.35219
0.352207
0.352208
0.352261
0.352266
0.352267
0.352281
0.352284
0.35229
0.352293
0.352317
0.35233
0.35233
0.35233
0.352336
0.352347
0.35235
0.35235
0.352366
0.35238
0.35239
0.35239
0.352404
0.352416
0.352417
0.352431
0.352444
0.35245
0.35247
0.352493
0.352497
0.352527
0.352537
0.352557
0.352568
0.352577
0.35258
0.35258
0.352594
0.352617
0.352624
0.352634
0.352661
0.352687
0.35269
0.35269
0.352698
0.352703
0.352717
0.35273
0.352735
0.35274
0.352747
0.35275
0.352754
0.352773
0.35278
0.352837
0.352863
0.352863
0.352868
0.352868
0.352897
0.352917
0.35292
0.35292
0.35292
0.352924
0.352937
0.352938
0.352955
0.352963
0.352967
0.35297
0.352976
0.352977
0.352988
0.352994
0.352998
0.353001
0.353003
0.353027
0.353027
0.353053
0.353054
0.353061
0.353067
0.353078
0.353084
0.353107
0.353107
0.353108
0.35311
0.353114
0.353121
0.353136
0.353144
0.353153
0.353161
0.353164
0.353166
0.353173
0.35319
0.353201
0.353211
0.35322
0.353223
0.353234
0.353254
0.353276
0.353277
0.353286
0.353291
0.353321
0.353321
0.353323
0.353327
0.353334
0.353334
0.353334
0.353347
0.353378
0.353384
0.353387
0.353434
0.35344
0.353453
0.353453
0.353453
0.35346
0.353496
0.353516
0.35353
0.35353
0.353535
0.35354
0.35356
0.35357
0.353581
0.353596
0.353605
0.35362
0.35362
0.353631
0.353647
0.353674
0.353684
0.353704
0.353707
0.353707
0.35372
0.353737
0.35374
0.35374
0.353744
0.353763
0.353764
0.353784
0.35379
0.353793
0.353793
0.353797
0.353803
0.353804
0.353807
0.353817
0.353853
0.353861
0.353897
0.3539
0.3539
0.35391
0.353911
0.353924
0.353933
0.353934
0.353941
0.353957
0.35396
0.35396
0.353963
0.353973
0.353986
0.353987
0.353988
0.354003
0.354007
0.354013
0.354017
0.35403
0.354041
0.35405
0.354057
0.35408
0.354081
0.354084
0.354094
0.354097
0.354097
0.35412
0.35413
0.354131
0.35414
0.354141
0.354147
0.354157
0.354166
0.354167
0.354168
0.354177
0.35418
0.354187
0.35419
0.35419
0.354193
0.354201
0.354206
0.354218
0.354227
0.35424
0.354241
0.354243
0.354244
0.354247
0.354254
0.354281
0.354284
0.354304
0.354308
0.354318
0.354324
0.354327
0.354327
0.354327
0.354337
0.35434
0.354347
0.354351
0.354357
0.354361
0.354361
0.354373
0.354374
0.354378
0.354387
0.354391
0.354394
0.354394
0.354401
0.354404
0.354423
0.354435
0.354443
0.354444
0.354453
0.354454
0.354454
0.354478
0.354498
0.354503
0.354511
0.354514
0.35452
0.354527
0.354531
0.354551
0.354554
0.35458
0.35458
0.354591
0.354597
0.354604
0.354633
0.354633
0.354637
0.354653
0.354664
0.354667
0.354667
0.354674
0.354677
0.354677
0.354694
0.354698
0.35471
0.354735
0.354744
0.354748
0.354754
0.354754
0.354757
0.35476
0.354764
0.354764
0.354766
0.354768
0.35477
0.354773
0.354783
0.354793
0.354795
0.354797
0.3548
0.354817
0.354826
0.354827
0.354838
0.354845
0.354856
0.354857
0.354861
0.354863
0.354867
0.354874
0.354891
0.3549
0.354911
0.354914
0.354934
0.354947
0.354954
0.354983
0.354984
0.354985
0.354991
0.354991
0.354993
0.354998
0.355011
0.35502
0.355036
0.355068
0.355077
0.35508
0.355086
0.355087
0.355096
0.355117
0.35512
0.355123
0.355123
0.355124
0.355134
0.355138
0.355141
0.355147
0.35516
0.355198
0.3552
0.355201
0.35521
0.355213
0.355214
0.355217
0.355224
0.35523
0.35523
0.355231
0.35524
0.355243
0.3553
0.35531
0.355316
0.355316
0.35532
0.355323
0.355331
0.355344
0.355344
0.35535
0.355376
0.355376
0.355378
0.355387
0.35539
0.35539
0.355394
0.355396
0.355397
0.355397
0.355403
0.355407
0.355414
0.355414
0.355417
0.355417
0.355444
0.355457
0.355461
0.355461
0.355471
0.355477
0.355477
0.355487
0.35549
0.355497
0.355507
0.35551
0.355511
0.355514
0.355514
0.355526
0.355533
0.355543
0.355557
0.355563
0.355566
0.355581
0.355593
0.355604
0.35562
0.355623
0.355634
0.355637
0.355644
0.35565
0.35565
0.355653
0.355654
0.35566
0.355664
0.355667
0.355667
0.35568
0.35569
0.355697
0.355697
0.355703
0.355706
0.355706
0.355707
0.35571
0.355724
0.355727
0.35573
0.35573
0.35574
0.355751
0.355781
0.355803
0.35582
0.355824
0.355824
0.355824
0.355827
0.355834
0.35584
0.355841
0.355858
0.35586
0.355861
0.355861
0.35587
0.35587
0.355871
0.355878
0.35589
0.355894
0.355897
0.355898
0.355901
0.35591
0.355911
0.355918
0.355927
0.35593
0.355941
0.355941
0.355947
0.355957
0.35597
0.355973
0.355974
0.35598
0.355983
0.356001
0.356011
0.356018
0.35602
0.356023
0.35607
0.356074
0.35609
0.356093
0.356096
0.356107
0.35611
0.356116
0.356117
0.35613
0.356133
0.356141
0.356145
0.35617
0.35617
0.356181
0.356184
0.356194
0.356194
0.356197
0.356207
0.35621
0.356214
0.356217
0.356226
0.35624
0.35625
0.356277
0.35628
0.356287
0.356294
0.356294
0.356297
0.3563
0.356301
0.356318
0.35633
0.356333
0.356334
0.356347
0.35635
0.356357
0.356374
0.356374
0.356374
0.35638
0.356381
0.356387
0.356391
0.356393
0.356407
0.35641
0.35641
0.356414
0.356424
0.356424
0.356436
0.356437
0.356447
0.35645
0.356453
0.356466
0.356467
0.356487
0.356491
0.356497
0.3565
0.35651
0.356511
0.356514
0.356533
0.35654
0.356551
0.356568
0.356568
0.356575
0.356577
0.356587
0.356613
0.356615
0.356617
0.356618
0.356627
0.356631
0.356631
0.356644
0.356667
0.356684
0.356687
0.356697
0.356704
0.356707
0.35671
0.35671
0.356713
0.356717
0.356718
0.35672
0.356727
0.356731
0.356734
0.356734
0.356735
0.356738
0.356748
0.356771
0.356777
0.356783
0.356787
0.356797
0.356808
0.356813
0.356814
0.356827
0.356827
0.356831
0.356836
0.356838
0.356841
0.356851
0.356854
0.356861
0.356874
0.35688
0.35688
0.356883
0.356886
0.3569
0.356921
0.356941
0.356945
0.35695
0.35696
0.35698
0.356986
0.35699
0.357
0.357
0.357021
0.357027
0.35704
0.35704
0.357041
0.357043
0.357047
0.357053
0.35706
0.357078
0.35708
0.35708
0.35708
0.357081
0.357095
0.3571
0.35711
0.357117
0.357144
0.357147
0.357147
0.35715
0.357151
0.357166
0.357177
0.35718
0.357191
0.3572
0.3572
0.357201
0.357201
0.35722
0.35723
0.357237
0.357243
0.357246
0.357257
0.35727
0.357274
0.357284
0.357288
0.35729
0.357291
0.357297
0.357297
0.357298
0.357308
0.35732
0.357324
0.357327
0.35733
0.357337
0.357343
0.357347
0.35736
0.357367
0.357368
0.3574
0.357401
0.357404
0.357447
0.357451
0.357453
0.35746
0.357471
0.357476
0.357476
0.357484
0.357484
0.3575
0.357503
0.35751
0.35751
0.357526
0.357527
0.357537
0.357547
0.35755
0.357553
0.357553
0.357554
0.357574
0.357574
0.357588
0.357603
0.357603
0.357614
0.357621
0.357623
0.357627
0.357631
0.357647
0.357651
0.357653
0.35766
0.357661
0.357664
0.357674
0.357677
0.35768
0.357696
0.357713
0.35772
0.357733
0.357737
0.357744
0.35775
0.357751
0.35776
0.357764
0.357764
0.357797
0.357807
0.357827
0.357853
0.357884
0.35789
0.357897
0.357901
0.357901
0.35793
0.357933
0.35795
0.357954
0.357954
0.35796
0.357986
0.357987
0.358007
0.358014
0.35802
0.358041
0.358054
0.358078
0.358084
0.358084
0.358087
0.358107
0.358108
0.358113
0.358114
0.358124
0.35814
0.358141
0.358143
0.358157
0.358157
0.358167
0.358187
0.358195
0.358197
0.3582
0.358207
0.35821
0.358217
0.358234
0.35824
0.358244
0.35825
0.35825
0.358253
0.358257
0.358267
0.358283
0.358293
0.358327
0.35833
0.358337
0.358338
0.35834
0.358343
0.358351
0.358353
0.358363
0.358387
0.35839
0.358404
0.358428
0.358431
0.358431
0.358433
0.358433
0.358444
0.358453
0.35846
0.358471
0.358477
0.358481
0.3585
0.3585
0.358507
0.358513
0.35854
0.358555
0.358556
0.35858
0.358586
0.358593
0.358597
0.358606
0.35862
0.358627
0.358633
0.358648
0.35866
0.35866
0.358668
0.35867
0.358697
0.358697
0.35872
0.35872
0.35872
0.35874
0.35874
0.358751
0.358754
0.358757
0.358764
0.358766
0.358774
0.358774
0.358797
0.358814
0.358824
0.358827
0.35883
0.35883
0.358831
0.358841
0.358844
0.358847
0.358853
0.358864
0.358866
0.358896
0.358913
0.358914
0.35892
0.358921
0.35893
0.358934
0.358934
0.358947
0.358957
0.358963
0.358966
0.358987
0.358997
0.359004
0.35901
0.359017
0.359021
0.359023
0.359036
0.359048
0.359068
0.359073
0.35908
0.359083
0.359086
0.359087
0.35909
0.35909
0.359091
0.359097
0.3591
0.35911
0.359114
0.359133
0.359134
0.359137
0.359146
0.359154
0.359174
0.35918
0.35919
0.359213
0.35922
0.359227
0.359233
0.359237
0.359238
0.359244
0.359247
0.359254
0.35926
0.35926
0.359267
0.359284
0.359288
0.359294
0.359303
0.35932
0.35934
0.359363
0.359363
0.359368
0.359371
0.359377
0.359386
0.359403
0.359407
0.359411
0.359413
0.359417
0.35942
0.359424
0.359427
0.359467
0.359473
0.359478
0.359498
0.359504
0.359507
0.359508
0.359514
0.359521
0.35953
0.359557
0.35957
0.359596
0.359603
0.359604
0.359615
0.359621
0.359627
0.359633
0.359633
0.359637
0.359638
0.359641
0.359641
0.359653
0.359667
0.35967
0.359673
0.359678
0.359683
0.35969
0.3597
0.359707
0.359717
0.35972
0.359721
0.35974
0.359741
0.359758
0.359764
0.359771
0.359776
0.359808
0.35983
0.35984
0.35986
0.359861
0.359877
0.35988
0.35988
0.359897
0.3599
0.35991
0.359933
0.359937
0.35994
0.359947
0.35995
0.359964
0.359997
0.360008
0.360011
0.360018
0.360024
0.360037
0.360044
0.360057
0.360057
0.360067
0.360083
0.360091
0.360113
0.360117
0.360127
0.36013
0.36013
0.360138
0.360147
0.36016
0.360164
0.360191
0.360207
0.360214
0.360221
0.360223
0.360231
0.360233
0.360234
0.360264
0.360266
0.360268
0.360271
0.360273
0.360281
0.360284
0.360291
0.360293
0.360294
0.3603
0.360304
0.360306
0.360313
0.360333
0.360347
0.36035
0.36035
0.36036
0.360363
0.360374
0.36039
0.360437
0.36044
0.36045
0.36045
0.360453
0.360454
0.360456
0.360456
0.360461
0.360467
0.360476
0.360477
0.36048
0.360491
0.360494
0.3605
0.360503
0.360504
0.360514
0.360568
0.36057
0.360578
0.360587
0.360593
0.360611
0.360627
0.360647
0.360647
0.360648
0.36065
0.36068
0.360687
0.36069
0.360707
0.360716
0.360721
0.360743
0.360747
0.360754
0.360756
0.36076
0.36077
0.360774
0.36078
0.360784
0.360784
0.360798
0.360804
0.360821
0.360836
0.360857
0.360864
0.360868
0.360871
0.360874
0.360897
0.36091
0.360917
0.360938
0.36094
0.360941
0.36095
0.360951
0.360954
0.360964
0.360994
0.361004
0.36101
0.361021
0.361024
0.36106
0.361074
0.36109
0.361151
0.36116
0.361177
0.36118
0.36118
0.361183
0.361187
0.361191
0.361194
0.361213
0.361216
0.361227
0.36123
0.36123
0.361231
0.361233
0.361233
0.361237
0.361248
0.36125
0.361257
0.36126
0.361267
0.36127
0.361277
0.361284
0.361287
0.361291
0.361297
0.361327
0.361343
0.36135
0.36136
0.361368
0.361384
0.361387
0.361394
0.361404
0.361404
0.361408
0.361423
0.361424
0.361427
0.36143
0.361437
0.361437
0.361441
0.361453
0.361457
0.361461
0.361471
0.361477
0.361487
0.361487
0.361496
0.361496
0.361507
0.361517
0.36152
0.361537
0.361567
0.361577
0.361597
0.361606
0.361606
0.361607
0.361618
0.361631
0.361634
0.361634
0.361634
0.361647
0.36165
0.361654
0.361658
0.36166
0.361667
0.361671
0.361674
0.36169
0.361693
0.361694
0.361697
0.3617
0.3617
0.36171
0.36171
0.361754
0.361773
0.36178
0.361794
0.361804
0.361807
0.361811
0.361813
0.361813
0.361827
0.361847
0.361857
0.361858
0.361863
0.361863
0.361887
0.36189
0.36189
0.361904
0.361904
0.36191
0.361918
0.36192
0.361923
0.361924
0.36193
0.361933
0.361934
0.361937
0.361938
0.361946
0.36195
0.361963
0.361967
0.361967
0.36197
0.36197
0.362004
0.36203
0.362038
0.362044
0.362046
0.36205
0.362053
0.362053
0.362057
0.362077
0.36208
0.362083
0.362091
0.3621
0.362104
0.362104
0.36211
0.362121
0.362125
0.362134
0.362137
0.36218
0.36218
0.362184
0.362184
0.362191
0.362208
0.36221
0.362217
0.362217
0.36222
0.36222
0.362227
0.36223
0.362233
0.362233
0.362234
0.362234
0.36224
0.362244
0.362247
0.36225
0.362254
0.362261
0.362263
0.36228
0.362281
0.362288
0.362297
0.362297
0.362307
0.362311
0.362317
0.36232
0.362325
0.362333
0.362351
0.362356
0.36236
0.362386
0.362387
0.362404
0.362404
0.362414
0.362415
0.362423
0.362434
0.362447
0.36245
0.362455
0.36246
0.36246
0.362463
0.36248
0.362491
0.362497
0.362497
0.362507
0.362511
0.362534
0.362534
0.362537
0.362553
0.36256
0.36256
0.362564
0.36257
0.362574
0.362578
0.362585
0.362593
0.362607
0.36261
0.362627
0.36263
0.36264
0.362654
0.362654
0.362674
0.36268
0.362681
0.362711
0.362713
0.362741
0.362747
0.362751
0.362767
0.362773
0.362774
0.362777
0.362783
0.36279
0.362803
0.362804
0.362816
0.362821
0.362827
0.362831
0.362833
0.362838
0.36284
0.362843
0.362847
0.362857
0.362857
0.36286
0.36286
0.36287
0.3629
0.362917
0.362921
0.362923
0.362928
0.36293
0.362947
0.36295
0.362974
0.362975
0.362987
0.362988
0.36299
0.363001
0.363013
0.363017
0.363018
0.363027
0.363064
0.363071
0.363074
0.363077
0.363084
0.363087
0.363091
0.363104
0.363107
0.363131
0.363136
0.363137
0.36315
0.363161
0.363194
0.363207
0.363214
0.36323
0.363234
0.363244
0.363244
0.363251
0.363258
0.363264
0.36327
0.36327
0.363271
0.363274
0.363278
0.363287
0.36329
0.363291
0.363304
0.363304
0.36332
0.363321
0.363347
0.363351
0.363351
0.363367
0.363377
0.363401
0.363401
0.363417
0.363427
0.363433
0.363434
0.363443
0.363444
0.363447
0.363453
0.363457
0.363461
0.363503
0.363503
0.363514
0.363518
0.363526
0.36354
0.363543
0.363553
0.363561
0.363568
0.363583
0.363588
0.363597
0.363605
0.363606
0.363613
0.363618
0.363618
0.363627
0.363627
0.36363
0.363633
0.363634
0.36364
0.36364
0.363667
0.363668
0.363676
0.363677
0.363677
0.363678
0.363701
0.363704
0.363711
0.363711
0.363733
0.363743
0.363747
0.363757
0.363764
0.363771
0.36378
0.36378
0.36379
0.363791
0.363798
0.36381
0.363824
0.363824
0.36383
0.363834
0.36384
0.363841
0.363843
0.36385
0.36387
0.36387
0.363873
0.363874
0.363874
0.363881
0.363886
0.363887
0.363888
0.363896
0.363906
0.36392
0.363921
0.363937
0.363937
0.36396
0.363964
0.363984
0.363986
0.36399
0.363996
0.364014
0.364017
0.364027
0.36403
0.364047
0.364048
0.36405
0.364051
0.36407
0.364074
0.364077
0.36409
0.364091
0.364097
0.364111
0.364123
0.364133
0.364137
0.364173
0.364194
0.364204
0.364227
0.364231
0.364243
0.364247
0.364253
0.364267
0.364277
0.364287
0.364287
0.364291
0.364301
0.364311
0.364316
0.364316
0.364327
0.364327
0.364328
0.364334
0.364347
0.36435
0.364354
0.364357
0.364357
0.364368
0.36437
0.36439
0.36439
0.364394
0.364397
0.364398
0.364406
0.364407
0.364411
0.364411
0.364424
0.364431
0.364434
0.364441
0.364445
0.364463
0.364467
0.364474
0.364477
0.364507
0.364513
0.364514
0.364514
0.364514
0.364517
0.36453
0.364534
0.364547
0.36455
0.364551
0.364554
0.364577
0.364583
0.364591
0.364598
0.364604
0.36461
0.364614
0.364617
0.364624
0.364631
0.364637
0.36464
0.364657
0.36466
0.364677
0.36468
0.364696
0.364715
0.364718
0.364724
0.364737
0.364743
0.364747
0.364751
0.364761
0.364766
0.364814
0.36482
0.364823
0.364826
0.364828
0.364831
0.364834
0.364841
0.364853
0.36486
0.36486
0.364861
0.364864
0.364881
0.364888
0.36492
0.364924
0.364924
0.364926
0.364927
0.36493
0.364944
0.36495
0.364967
0.36498
0.364983
0.364986
0.364987
0.365003
0.36501
0.36501
0.365017
0.36502
0.36503
0.365041
0.365047
0.365067
0.365074
0.365107
0.365108
0.365144
0.365177
0.365181
0.3652
0.36521
0.365221
0.36523
0.365244
0.365248
0.365294
0.365294
0.365303
0.365313
0.365317
0.36532
0.36534
0.365351
0.36536
0.365363
0.365363
0.365364
0.365373
0.365373
0.365378
0.365386
0.365404
0.365427
0.365434
0.365437
0.365457
0.365463
0.365463
0.365466
0.365468
0.365473
0.365477
0.365487
0.365494
0.365494
0.3655
0.365507
0.365518
0.365521
0.365541
0.365554
0.365557
0.36556
0.365564
0.36559
0.36559
0.3656
0.365613
0.365613
0.365614
0.365617
0.365644
0.365654
0.365654
0.365657
0.36566
0.36566
0.365673
0.36568
0.365697
0.365697
0.365701
0.36572
0.365723
0.36573
0.36574
0.365745
0.365753
0.365754
0.365763
0.365767
0.365777
0.365803
0.365804
0.365811
0.365813
0.365814
0.36582
0.36583
0.365864
0.365874
0.365883
0.365883
0.365904
0.365907
0.36591
0.365917
0.365923
0.365924
0.365937
0.365938
0.365941
0.36595
0.365968
0.365976
0.365984
0.365997
0.366001
0.36602
0.366047
0.36605
0.366054
0.366057
0.366064
0.366064
0.366071
0.366074
0.366074
0.366077
0.366096
0.3661
0.366104
0.366107
0.366121
0.366137
0.36614
0.366147
0.366157
0.36616
0.366171
0.366184
0.366191
0.366207
0.36622
0.366226
0.36623
0.366238
0.366243
0.36627
0.366276
0.3663
0.366304
0.36631
0.36631
0.366313
0.36632
0.36633
0.366354
0.366354
0.366357
0.36637
0.36637
0.366371
0.366385
0.36639
0.366401
0.366416
0.366421
0.36643
0.366431
0.366433
0.366434
0.366434
0.366441
0.366453
0.366464
0.366466
0.366474
0.366477
0.3665
0.366503
0.36656
0.36658
0.366581
0.36659
0.366594
0.366628
0.366643
0.366644
0.366657
0.366661
0.366661
0.366667
0.366677
0.36668
0.366684
0.366714
0.366723
0.36673
0.366746
0.366747
0.366763
0.366765
0.366766
0.366767
0.36677
0.36677
0.366774
0.366781
0.366786
0.366801
0.366808
0.36681
0.36682
0.36682
0.366821
0.366824
0.366837
0.36684
0.366871
0.366877
0.366881
0.36689
0.36689
0.36689
0.366893
0.3669
0.366904
0.36691
0.366918
0.366926
0.366927
0.366933
0.366934
0.366936
0.366954
0.366967
0.366968
0.366976
0.366983
0.366983
0.366991
0.366991
0.366993
0.36701
0.367011
0.367013
0.367024
0.367031
0.367046
0.367053
0.367084
0.367085
0.367086
0.367094
0.367097
0.367107
0.36713
0.367134
0.367137
0.367146
0.367148
0.367164
0.367173
0.36718
0.36719
0.367207
0.367207
0.367217
0.36722
0.367227
0.367228
0.367237
0.36724
0.367254
0.367256
0.367258
0.367273
0.367274
0.36729
0.367297
0.3673
0.367304
0.367307
0.367316
0.36732
0.3674
0.36742
0.367431
0.367438
0.367441
0.367441
0.367463
0.367483
0.367494
0.367494
0.367504
0.367511
0.367526
0.367533
0.36756
0.36756
0.367578
0.36758
0.367591
0.367594
0.3676
0.367605
0.367611
0.367616
0.367625
0.36764
0.36765
0.367654
0.367661
0.367673
0.367677
0.36768
0.367688
0.367707
0.367708
0.36771
0.36771
0.367711
0.367747
0.36775
0.367761
0.367768
0.367777
0.367781
0.367781
0.367804
0.36781
0.367821
0.367824
0.367833
0.367834
0.36784
0.367851
0.36788
0.36789
0.367898
0.367907
0.36792
0.36792
0.367921
0.367948
0.36795
0.367971
0.367974
0.368
0.368004
0.368004
0.36801
0.368011
0.36803
0.368031
0.36804
0.368054
0.36806
0.368087
0.36809
0.368091
0.368093
0.368101
0.368117
0.368154
0.368154
0.368157
0.36817
0.368174
0.368181
0.368183
0.368184
0.368186
0.368187
0.368188
0.368197
0.3682
0.368214
0.368223
0.368227
0.368234
0.368236
0.368257
0.368261
0.368263
0.368271
0.36828
0.368293
0.368297
0.3683
0.368336
0.368351
0.368358
0.368361
0.368393
0.368397
0.3684
0.368404
0.368427
0.36844
0.368464
0.368483
0.368484
0.368497
0.368518
0.36852
0.368524
0.368527
0.368533
0.36854
0.368547
0.368554
0.368557
0.368558
0.36856
0.36857
0.368583
0.368594
0.368607
0.368608
0.368614
0.368614
0.368623
0.368624
0.368637
0.368654
0.368661
0.368671
0.368673
0.368674
0.368683
0.368691
0.368696
0.368698
0.368727
0.368746
0.368755
0.368763
0.368763
0.368768
0.368786
0.36879
0.368791
0.368827
0.36883
0.36884
0.368847
0.368867
0.368887
0.368894
0.3689
0.368914
0.368957
0.368961
0.368963
0.368967
0.368975
0.36898
0.369021
0.369026
0.369057
0.369064
0.369067
0.36907
0.369071
0.369087
0.369094
0.369097
0.369103
0.369103
0.369104
0.36911
0.36912
0.369127
0.369134
0.36914
0.369144
0.369154
0.369161
0.369177
0.369177
0.369227
0.369231
0.369231
0.369237
0.369243
0.369274
0.369277
0.36928
0.369297
0.369307
0.36932
0.369334
0.369336
0.36934
0.369348
0.369397
0.369405
0.369407
0.369407
0.369414
0.369417
0.369417
0.369433
0.369438
0.369441
0.369444
0.369454
0.369456
0.369461
0.369464
0.369464
0.369467
0.369474
0.369477
0.369483
0.369498
0.36951
0.369527
0.369528
0.369528
0.36954
0.369547
0.369563
0.369563
0.369564
0.369568
0.369571
0.369574
0.369577
0.36958
0.369581
0.369607
0.369616
0.36962
0.369637
0.369637
0.369641
0.36965
0.369667
0.369674
0.369698
0.3697
0.369703
0.369713
0.369734
0.36974
0.36975
0.36976
0.369767
0.369786
0.369807
0.369811
0.369816
0.369824
0.369841
0.369856
0.369864
0.36987
0.369881
0.369884
0.369901
0.369904
0.369924
0.369927
0.369957
0.369957
0.369961
0.369977
0.36998
0.369997
0.370011
0.370017
0.37004
0.37004
0.370043
0.370046
0.370048
0.370054
0.370077
0.37008
0.370093
0.3701
0.370117
0.370124
0.370127
0.370127
0.370134
0.370134
0.37014
0.370141
0.37016
0.370174
0.370183
0.370188
0.370194
0.370197
0.370203
0.37021
0.370211
0.370217
0.370218
0.370228
0.370267
0.37028
0.37029
0.370297
0.370303
0.370307
0.37032
0.370327
0.370327
0.370331
0.370365
0.370368
0.370373
0.370377
0.37038
0.370381
0.370388
0.370404
0.37041
0.37041
0.37041
0.370416
0.37042
0.37043
0.370437
0.370444
0.370447
0.370457
0.370474
0.370483
0.3705
0.370507
0.37051
0.37051
0.370514
0.370516
0.370523
0.370526
0.370527
0.370534
0.370547
0.370556
0.370561
0.370563
0.370584
0.370587
0.370588
0.3706
0.370614
0.370623
0.370624
0.370641
0.370645
0.370666
0.37067
0.370675
0.37068
0.370683
0.370687
0.37069
0.370698
0.370703
0.370714
0.37073
0.370741
0.370747
0.370756
0.370773
0.370773
0.370778
0.37078
0.370794
0.370797
0.370801
0.37081
0.370814
0.370824
0.370826
0.37083
0.370836
0.370837
0.370837
0.370858
0.370876
0.37089
0.3709
0.370903
0.370903
0.37092
0.37092
0.370927
0.370954
0.37096
0.37097
0.370987
0.371007
0.37105
0.371051
0.371054
0.371054
0.371058
0.37106
0.371073
0.371094
0.3711
0.37113
0.371131
0.371134
0.371135
0.371154
0.371157
0.37116
0.37118
0.37119
0.371191
0.371211
0.371214
0.371214
0.371214
0.371216
0.371223
0.371228
0.371233
0.371234
0.371236
0.371237
0.371274
0.37131
0.37135
0.371367
0.37138
0.371391
0.371401
0.371414
0.371417
0.371424
0.371447
0.371447
0.371467
0.371468
0.37147
0.371483
0.371487
0.371507
0.371507
0.371511
0.371524
0.371555
0.371558
0.371565
0.371573
0.371575
0.371587
0.371588
0.371621
0.371633
0.371641
0.371643
0.37167
0.371671
0.371677
0.37169
0.37172
0.371723
0.371747
0.371748
0.371755
0.371757
0.371757
0.371767
0.37177
0.371776
0.371783
0.371803
0.371811
0.371833
0.371841
0.371864
0.37187
0.371871
0.371874
0.371916
0.371927
0.371927
0.37193
0.371937
0.371941
0.371957
0.371957
0.371963
0.371983
0.371994
0.372
0.372003
0.372006
0.372016
0.37204
0.372067
0.372071
0.372073
0.37209
0.372093
0.37212
0.37212
0.372127
0.372133
0.372153
0.372197
0.372204
0.372217
0.37222
0.372221
0.372231
0.37224
0.372263
0.372265
0.372277
0.37228
0.372283
0.372285
0.372297
0.372297
0.372303
0.372304
0.372314
0.372321
0.372321
0.37233
0.372333
0.372347
0.37235
0.372351
0.372364
0.372374
0.372385
0.372403
0.372417
0.37242
0.372447
0.372447
0.372453
0.372454
0.372464
0.37247
0.372484
0.372493
0.372493
0.3725
0.372506
0.372531
0.372534
0.372535
0.372537
0.372543
0.372547
0.372551
0.372554
0.372567
0.37258
0.372593
0.372594
0.372596
0.372604
0.37261
0.372614
0.372618
0.372621
0.372624
0.372631
0.37264
0.372651
0.37268
0.37268
0.372681
0.37269
0.372701
0.37272
0.372734
0.372734
0.372737
0.372761
0.372764
0.372766
0.37278
0.372781
0.372783
0.37279
0.372793
0.372794
0.372797
0.372806
0.372808
0.372811
0.372827
0.372848
0.37285
0.372861
0.372873
0.372903
0.372904
0.372904
0.372966
0.372971
0.372973
0.372974
0.372984
0.37299
0.373013
0.373017
0.373027
0.373034
0.373071
0.373076
0.373083
0.373084
0.373101
0.373107
0.373124
0.373124
0.373127
0.373153
0.373154
0.373164
0.37317
0.373184
0.37319
0.373201
0.373204
0.373206
0.373211
0.373218
0.373237
0.373238
0.373238
0.37325
0.373256
0.373267
0.373277
0.373294
0.3733
0.373304
0.373308
0.373318
0.373334
0.373337
0.37336
0.373363
0.37337
0.373371
0.373377
0.37339
0.373403
0.373414
0.373423
0.373447
0.373447
0.373453
0.373473
0.373474
0.373476
0.373507
0.373514
0.373515
0.373517
0.37352
0.373521
0.373534
0.373534
0.373534
0.373543
0.373547
0.373551
0.37356
0.373573
0.373593
0.373594
0.3736
0.373607
0.37361
0.373618
0.373625
0.37364
0.373664
0.373683
0.373685
0.373697
0.373697
0.373703
0.373704
0.373707
0.37371
0.373711
0.373713
0.37372
0.373723
0.373728
0.373734
0.373748
0.373754
0.37376
0.373767
0.373767
0.373774
0.373824
0.373827
0.373837
0.373864
0.373881
0.373897
0.373897
0.373907
0.373917
0.373927
0.37394
0.373961
0.373965
0.373967
0.373978
0.374001
0.374003
0.374027
0.374035
0.374036
0.374037
0.374046
0.374047
0.374054
0.37407
0.3741
0.374111
0.374121
0.374126
0.374134
0.374151
0.374161
0.374168
0.37417
0.37417
0.3742
0.374204
0.37422
0.37423
0.374234
0.374241
0.374243
0.374274
0.37428
0.37428
0.374301
0.374318
0.374333
0.37434
0.37434
0.37434
0.374358
0.374378
0.374381
0.374387
0.374391
0.374403
0.374407
0.37441
0.374433
0.374434
0.374435
0.374444
0.374451
0.374473
0.374524
0.37453
0.374538
0.374544
0.374557
0.37456
0.374565
0.374567
0.374584
0.374587
0.374594
0.374603
0.374607
0.374617
0.374618
0.374624
0.374626
0.374641
0.374673
0.374683
0.37469
0.3747
0.37471
0.374711
0.37472
0.374734
0.374735
0.374771
0.374774
0.374791
0.374805
0.374807
0.374824
0.374827
0.374834
0.374834
0.374854
0.374867
0.374871
0.374881
0.374887
0.374891
0.374894
0.374903
0.374914
0.37492
0.374944
0.374957
0.374964
0.374971
0.37498
0.37503
0.375044
0.375051
0.375057
0.375064
0.375071
0.375086
0.375093
0.375111
0.375114
0.375124
0.375184
0.37519
0.37519
0.375194
0.375223
0.375227
0.375243
0.375244
0.375248
0.37525
0.37527
0.375274
0.375285
0.375303
0.375308
0.375308
0.37531
0.375313
0.375337
0.375353
0.375354
0.375357
0.375367
0.375373
0.375378
0.375388
0.375397
0.375401
0.375401
0.375404
0.37541
0.37542
0.375427
0.375444
0.37545
0.375451
0.375467
0.375467
0.375477
0.375504
0.375504
0.375527
0.375534
0.375544
0.375547
0.375548
0.375553
0.375557
0.37558
0.375591
0.375594
0.3756
0.37562
0.375631
0.37566
0.375671
0.375673
0.375687
0.375687
0.375703
0.375704
0.37571
0.375761
0.375774
0.375775
0.375794
0.375817
0.375817
0.375833
0.375838
0.37585
0.375855
0.375863
0.375865
0.37589
0.375894
0.375894
0.375914
0.375924
0.37595
0.37595
0.37598
0.37601
0.376011
0.376016
0.376017
0.376021
0.376027
0.376061
0.376061
0.376075
0.376084
0.376084
0.376087
0.37609
0.376104
0.37611
0.376121
0.376138
0.376141
0.376144
0.376147
0.376147
0.376174
0.376177
0.376184
0.376187
0.37619
0.37619
0.376208
0.37622
0.37622
0.376231
0.376247
0.376293
0.3763
0.376314
0.376316
0.376318
0.37633
0.376356
0.376357
0.376357
0.37637
0.376373
0.376378
0.376381
0.376384
0.376398
0.376404
0.376407
0.376431
0.376443
0.376453
0.37647
0.376497
0.37651
0.376521
0.376523
0.376525
0.376541
0.37657
0.376571
0.376574
0.376607
0.376615
0.376624
0.376631
0.376646
0.376658
0.376658
0.376667
0.376674
0.376681
0.37669
0.376697
0.376713
0.376721
0.376727
0.37673
0.376736
0.376738
0.376757
0.376767
0.376774
0.376777
0.376787
0.376801
0.37683
0.37684
0.376847
0.376877
0.376883
0.37689
0.37693
0.376931
0.376937
0.376938
0.376941
0.376944
0.376947
0.376953
0.376964
0.376964
0.376968
0.376971
0.376994
0.376997
0.377001
0.377004
0.377031
0.377047
0.377053
0.377064
0.377077
0.377077
0.37712
0.37712
0.377137
0.377146
0.37715
0.377153
0.377158
0.377174
0.377187
0.377193
0.377197
0.3772
0.377206
0.37721
0.37721
0.377218
0.37725
0.377263
0.377277
0.377294
0.377297
0.377307
0.377334
0.377344
0.377347
0.37737
0.37737
0.377383
0.377394
0.377408
0.377415
0.377424
0.377437
0.37752
0.37753
0.377544
0.377567
0.377573
0.377606
0.377614
0.377621
0.377624
0.377631
0.377633
0.377644
0.377651
0.377664
0.377671
0.377677
0.377693
0.377727
0.377727
0.377731
0.377767
0.377781
0.377787
0.377796
0.3778
0.377817
0.377834
0.377853
0.377861
0.377874
0.377917
0.37792
0.37794
0.377954
0.37796
0.37796
0.377987
0.378003
0.378013
0.378014
0.378021
0.378024
0.378034
0.378037
0.378057
0.378064
0.378066
0.378067
0.378073
0.378073
0.378081
0.378091
0.378094
0.378117
0.378121
0.378124
0.37816
0.37816
0.378177
0.37818
0.37821
0.378213
0.378217
0.378237
0.378257
0.378263
0.378264
0.378273
0.378273
0.37828
0.378284
0.37829
0.378297
0.378307
0.378313
0.37832
0.37833
0.378374
0.378391
0.378393
0.378414
0.378414
0.378444
0.378447
0.378453
0.378478
0.37848
0.378501
0.378544
0.378547
0.37855
0.378564
0.37857
0.37859
0.378626
0.378651
0.378657
0.378668
0.37867
0.378673
0.378674
0.378681
0.378705
0.37871
0.378713
0.378721
0.378755
0.378794
0.378807
0.37881
0.378821
0.37883
0.378831
0.378844
0.378861
0.378874
0.378893
0.378896
0.3789
0.378904
0.378906
0.378914
0.378918
0.378933
0.378963
0.378967
0.378974
0.378977
0.37898
0.379007
0.37901
0.37902
0.37908
0.379106
0.37912
0.379124
0.379126
0.37914
0.379147
0.379151
0.379157
0.37917
0.379198
0.379213
0.379217
0.37922
0.379223
0.379244
0.379251
0.379263
0.379277
0.379291
0.379326
0.37934
0.379341
0.379351
0.379377
0.37938
0.379387
0.379388
0.379397
0.37941
0.37944
0.37944
0.379457
0.379458
0.379463
0.379477
0.379478
0.379487
0.379497
0.3795
0.37954
0.37955
0.379554
0.37956
0.37957
0.379587
0.379588
0.379594
0.379614
0.37963
0.37963
0.379634
0.379645
0.379647
0.379647
0.379661
0.379667
0.379674
0.379681
0.37969
0.37969
0.379693
0.379713
0.379716
0.379734
0.379743
0.37976
0.379764
0.379777
0.37979
0.379794
0.3798
0.379821
0.379827
0.379833
0.379835
0.37984
0.379858
0.379858
0.379867
0.379881
0.3799
0.379901
0.379914
0.379934
0.379974
0.37998
0.37998
0.379994
0.379997
0.380001
0.380004
0.380011
0.380017
0.38002
0.380033
0.380033
0.380034
0.380046
0.380054
0.380074
0.380094
0.380133
0.380141
0.380145
0.380157
0.38017
0.380181
0.380193
0.380227
0.380237
0.38025
0.380261
0.380261
0.380287
0.380294
0.38031
0.38031
0.380318
0.38032
0.380333
0.380334
0.380343
0.38037
0.380374
0.38038
0.380393
0.38041
0.380411
0.38042
0.380424
0.380434
0.380436
0.380443
0.38046
0.380497
0.380533
0.380567
0.38057
0.380574
0.380577
0.38059
0.380597
0.3806
0.380615
0.380616
0.38062
0.380621
0.380637
0.380644
0.38065
0.38065
0.380651
0.380656
0.380661
0.38067
0.380674
0.38068
0.38069
0.38072
0.38073
0.380734
0.380743
0.380744
0.380744
0.380797
0.380804
0.38082
0.380824
0.380844
0.380847
0.38087
0.380891
0.380914
0.380948
0.380954
0.380967
0.380974
0.380977
0.380977
0.380981
0.381007
0.381027
0.381037
0.38104
0.38105
0.381081
0.381084
0.381091
0.381101
0.381105
0.381111
0.381114
0.381117
0.381117
0.38112
0.381153
0.381181
0.381211
0.38122
0.38122
0.381236
0.381244
0.381276
0.38128
0.381294
0.381327
0.38133
0.381341
0.381363
0.381393
0.381401
0.381403
0.381407
0.381431
0.381437
0.38146
0.381467
0.381477
0.38155
0.381556
0.381561
0.3816
0.3816
0.381606
0.381613
0.381657
0.38166
0.381661
0.381663
0.381665
0.381684
0.381697
0.381711
0.38172
0.381724
0.381754
0.381764
0.381781
0.381794
0.38183
0.381834
0.381841
0.381845
0.381857
0.38186
0.381861
0.381868
0.381878
0.38188
0.381884
0.3819
0.381924
0.381927
0.381934
0.381938
0.38195
0.381953
0.381957
0.381957
0.381978
0.38198
0.381997
0.38201
0.382034
0.382047
0.382058
0.382058
0.382071
0.382098
0.382101
0.382104
0.382124
0.382146
0.38215
0.382154
0.38216
0.382163
0.382164
0.382164
0.382177
0.382197
0.382198
0.382246
0.382267
0.382283
0.382287
0.382314
0.38232
0.38233
0.382334
0.382344
0.382373
0.382384
0.382437
0.382476
0.38249
0.382507
0.382507
0.382508
0.382536
0.38254
0.38254
0.382561
0.382563
0.382591
0.382604
0.38261
0.382613
0.382613
0.382644
0.38265
0.382661
0.382664
0.382684
0.382698
0.382704
0.382727
0.382734
0.382736
0.382741
0.382747
0.382763
0.382783
0.382794
0.3828
0.382804
0.382813
0.382827
0.382834
0.382844
0.382858
0.382864
0.382896
0.38292
0.38293
0.382943
0.382947
0.382963
0.382967
0.382974
0.38302
0.383027
0.383037
0.3831
0.383135
0.383143
0.383145
0.383163
0.383171
0.383176
0.383177
0.383178
0.383194
0.383194
0.383211
0.383228
0.383234
0.383241
0.38326
0.383267
0.383281
0.383294
0.3833
0.383301
0.383304
0.383321
0.383361
0.383374
0.383383
0.383387
0.383404
0.38343
0.383434
0.383454
0.383457
0.383457
0.38347
0.38349
0.383493
0.383501
0.38351
0.383511
0.383523
0.383527
0.383531
0.383533
0.38354
0.383541
0.38356
0.38357
0.38357
0.383587
0.383613
0.383617
0.383617
0.383641
0.383667
0.383725
0.383727
0.383733
0.38374
0.383794
0.383804
0.38381
0.38382
0.38388
0.383884
0.383897
0.383907
0.383921
0.383934
0.383937
0.383946
0.38395
0.383953
0.383963
0.383991
0.383998
0.384005
0.38401
0.384024
0.384046
0.38405
0.384063
0.384071
0.384073
0.38408
0.384104
0.384117
0.384123
0.384137
0.384144
0.384153
0.384163
0.384166
0.384167
0.384171
0.384177
0.384187
0.384197
0.3842
0.384224
0.384227
0.38426
0.384268
0.384276
0.38428
0.384281
0.384294
0.38431
0.38432
0.384321
0.384323
0.38435
0.384361
0.384364
0.384364
0.384368
0.384374
0.384377
0.384381
0.384381
0.384386
0.38439
0.38439
0.384417
0.384427
0.384434
0.384445
0.384461
0.384464
0.384474
0.384481
0.384493
0.384501
0.384501
0.384543
0.384567
0.38459
0.3846
0.384608
0.384633
0.384646
0.384647
0.384665
0.384688
0.384691
0.384737
0.384773
0.384783
0.384797
0.384831
0.384837
0.384838
0.384843
0.384864
0.384867
0.384871
0.384891
0.38491
0.384926
0.38493
0.384947
0.384964
0.384993
0.384998
0.385
0.385014
0.385037
0.38504
0.38505
0.385056
0.385067
0.38508
0.385084
0.385094
0.385106
0.385117
0.385128
0.385147
0.385161
0.385177
0.38519
0.385193
0.38521
0.38521
0.385211
0.38524
0.385247
0.385264
0.385268
0.385271
0.385274
0.38528
0.385304
0.385304
0.385344
0.38535
0.385355
0.385391
0.385391
0.385394
0.3854
0.385417
0.38543
0.38545
0.385453
0.385454
0.385484
0.385487
0.385507
0.385514
0.385517
0.385544
0.385544
0.385551
0.385576
0.385584
0.3856
0.385647
0.38569
0.385735
0.385747
0.385764
0.38578
0.385784
0.385807
0.385817
0.385824
0.38584
0.385851
0.385857
0.385857
0.38586
0.385868
0.38588
0.385903
0.385914
0.385924
0.385928
0.38593
0.385937
0.385948
0.38596
0.38596
0.38599
0.38602
0.386021
0.38606
0.386076
0.386084
0.386097
0.386143
0.386177
0.38618
0.386193
0.386204
0.386223
0.386253
0.386263
0.386288
0.386294
0.386307
0.386327
0.386347
0.386353
0.386397
0.386411
0.386427
0.38643
0.386464
0.386467
0.386507
0.386523
0.386551
0.386564
0.38662
0.386627
0.386636
0.386687
0.38669
0.386693
0.386697
0.3867
0.386714
0.386721
0.386728
0.386741
0.386768
0.386774
0.386797
0.386801
0.38682
0.386853
0.386861
0.386863
0.386873
0.386884
0.386885
0.386893
0.386926
0.386947
0.38701
0.387011
0.387015
0.387044
0.387044
0.387051
0.38707
0.387078
0.387086
0.387103
0.387115
0.38713
0.387144
0.38718
0.38718
0.387211
0.387224
0.387237
0.387238
0.387257
0.387257
0.387261
0.387265
0.38728
0.387283
0.387291
0.38731
0.387314
0.38733
0.387334
0.387337
0.387337
0.387358
0.387368
0.38739
0.387397
0.387397
0.387407
0.387427
0.387433
0.387437
0.387476
0.387477
0.38748
0.387483
0.387506
0.387511
0.387511
0.387517
0.387518
0.387531
0.387597
0.3876
0.3876
0.387627
0.38766
0.38767
0.38767
0.387674
0.387706
0.387713
0.387717
0.387754
0.38777
0.387783
0.387787
0.387791
0.3878
0.387804
0.38782
0.387854
0.387861
0.387864
0.387893
0.3879
0.387914
0.387941
0.387963
0.38797
0.387996
0.388004
0.38802
0.38804
0.388084
0.38809
0.388104
0.388137
0.388161
0.38818
0.388187
0.388244
0.388257
0.388334
0.388341
0.388348
0.388365
0.38839
0.3884
0.388414
0.388427
0.388427
0.38843
0.38844
0.388447
0.388458
0.388474
0.388494
0.388507
0.388508
0.388517
0.388527
0.388533
0.38855
0.388554
0.388564
0.38857
0.388583
0.388588
0.388591
0.388598
0.388607
0.38863
0.388635
0.388637
0.388681
0.388684
0.388687
0.388696
0.388761
0.388777
0.388784
0.388794
0.388797
0.388837
0.388838
0.388844
0.388864
0.388864
0.38887
0.388881
0.388911
0.388921
0.388954
0.388957
0.38897
0.388973
0.388988
0.388994
0.389003
0.389004
0.389035
0.389037
0.38904
0.389057
0.38906
0.389068
0.389105
0.389117
0.389133
0.38914
0.38916
0.389197
0.389201
0.389204
0.389224
0.389264
0.389271
0.38928
0.389288
0.38929
0.38932
0.389361
0.38937
0.389391
0.389444
0.389477
0.38949
0.38954
0.389564
0.38957
0.389577
0.389584
0.389614
0.389627
0.38966
0.389664
0.389678
0.389687
0.389697
0.389738
0.389767
0.389768
0.38978
0.389794
0.3898
0.38983
0.38985
0.389871
0.389914
0.389951
0.389953
0.389954
0.38996
0.389984
0.389987
0.38999
0.389991
0.390003
0.390014
0.390017
0.39002
0.390027
0.39003
0.390056
0.39006
0.390064
0.390067
0.390074
0.390074
0.390104
0.39011
0.39012
0.390127
0.390163
0.39017
0.390174
0.390186
0.39019
0.390204
0.390204
0.390207
0.39025
0.390256
0.390271
0.39028
0.390285
0.390286
0.39032
0.390327
0.390328
0.390396
0.3904
0.3904
0.390414
0.390447
0.390471
0.390487
0.390494
0.390523
0.390523
0.390541
0.390561
0.39057
0.390591
0.390597
0.390607
0.390627
0.390656
0.39067
0.390671
0.39069
0.390697
0.390738
0.39074
0.390753
0.390753
0.39076
0.390764
0.390818
0.39087
0.39089
0.390924
0.390941
0.390947
0.39096
0.390965
0.39098
0.390985
0.390996
0.391031
0.391067
0.391071
0.391084
0.39113
0.391141
0.39115
0.39116
0.391171
0.391197
0.391205
0.391223
0.391241
0.391257
0.391307
0.391311
0.391317
0.391324
0.39137
0.391381
0.3914
0.391401
0.391417
0.391424
0.391426
0.391441
0.391471
0.391517
0.39153
0.391538
0.391544
0.391571
0.39159
0.391597
0.391607
0.391634
0.391677
0.391678
0.391713
0.391738
0.391777
0.391814
0.39182
0.391847
0.39185
0.391854
0.391931
0.391964
0.39197
0.39197
0.391977
0.391978
0.391981
0.39199
0.392011
0.392056
0.392117
0.392127
0.392133
0.392154
0.392173
0.392177
0.392183
0.39219
0.392194
0.392197
0.392207
0.39221
0.392214
0.392227
0.39223
0.392231
0.392254
0.392278
0.392317
0.392317
0.392318
0.392321
0.392324
0.392334
0.392336
0.392347
0.392361
0.3924
0.392407
0.392424
0.392425
0.392437
0.39244
0.392444
0.39248
0.39249
0.392497
0.392554
0.392574
0.392621
0.392621
0.392705
0.392724
0.392727
0.392777
0.392787
0.392794
0.392801
0.392814
0.392814
0.392834
0.392856
0.39286
0.392877
0.392887
0.3929
0.392934
0.392935
0.392973
0.392988
0.392993
0.393
0.393008
0.39303
0.393053
0.393084
0.393091
0.393101
0.39313
0.393134
0.393137
0.39315
0.393167
0.39317
0.393204
0.393248
0.393263
0.393267
0.393277
0.393283
0.393301
0.393304
0.393307
0.393324
0.393343
0.393346
0.393371
0.393414
0.393424
0.393425
0.393427
0.393437
0.39345
0.393453
0.393461
0.393471
0.39349
0.393507
0.393523
0.39353
0.393544
0.393597
0.393597
0.393621
0.393646
0.393663
0.393691
0.393808
0.393841
0.393841
0.39385
0.39385
0.393881
0.39393
0.393936
0.393937
0.39395
0.393967
0.393973
0.394004
0.394017
0.394027
0.394037
0.39406
0.394084
0.394094
0.394111
0.39413
0.39414
0.394144
0.39415
0.394163
0.394174
0.394183
0.394197
0.394215
0.39422
0.394224
0.39424
0.394257
0.394277
0.394307
0.394311
0.39433
0.394331
0.394337
0.39435
0.39439
0.394393
0.39443
0.394431
0.394441
0.394483
0.39449
0.394497
0.394557
0.394567
0.394567
0.394594
0.394625
0.394627
0.394635
0.39468
0.394791
0.394814
0.394834
0.39485
0.394856
0.394857
0.394878
0.394887
0.394898
0.3949
0.394924
0.394927
0.394934
0.394937
0.39495
0.394974
0.395023
0.395063
0.395067
0.39508
0.395097
0.395121
0.395127
0.395134
0.39514
0.395144
0.395184
0.395188
0.395198
0.395243
0.395267
0.395268
0.395341
0.395343
0.395344
0.395371
0.39538
0.395394
0.395401
0.395407
0.39544
0.395443
0.395447
0.395464
0.3955
0.395524
0.395575
0.39565
0.395667
0.395687
0.395704
0.395711
0.39573
0.395747
0.39576
0.395777
0.39578
0.39578
0.395811
0.39584
0.39585
0.395866
0.395877
0.395887
0.395894
0.395937
0.395937
0.395953
0.395956
0.395957
0.395976
0.395991
0.395993
0.396044
0.396084
0.39609
0.396095
0.396097
0.396097
0.396101
0.396105
0.396123
0.396147
0.39618
0.39622
0.396227
0.396244
0.396248
0.396253
0.396287
0.396313
0.396316
0.396317
0.396317
0.396337
0.396357
0.39636
0.396361
0.396368
0.396393
0.396404
0.396438
0.396446
0.396468
0.396527
0.396547
0.396558
0.396577
0.39658
0.396587
0.396593
0.396596
0.396597
0.396608
0.396617
0.3967
0.396708
0.396723
0.396745
0.39676
0.396781
0.396786
0.396805
0.396811
0.396821
0.39684
0.396843
0.39686
0.396904
0.396916
0.396923
0.396934
0.396935
0.396954
0.396967
0.39697
0.396974
0.396975
0.396984
0.397003
0.397014
0.397021
0.397034
0.397047
0.39705
0.397064
0.397107
0.397111
0.397127
0.397177
0.39719
0.3972
0.397201
0.397223
0.39728
0.397347
0.397354
0.39736
0.397367
0.397368
0.397387
0.397403
0.397448
0.397454
0.39748
0.39749
0.397554
0.39756
0.397567
0.397594
0.397607
0.39762
0.397631
0.397641
0.397654
0.397685
0.397713
0.39774
0.397748
0.397764
0.39782
0.397826
0.397831
0.397837
0.39786
0.39788
0.397903
0.397927
0.397957
0.39796
0.397964
0.397967
0.397981
0.397993
0.39802
0.398027
0.398027
0.398033
0.398043
0.398076
0.398077
0.398173
0.398193
0.398203
0.39822
0.398226
0.398241
0.39825
0.398257
0.398323
0.398336
0.398364
0.398384
0.3984
0.398414
0.398434
0.398443
0.398548
0.398611
0.398627
0.398633
0.39865
0.398707
0.398741
0.398797
0.398801
0.398818
0.398827
0.39885
0.398856
0.398911
0.398943
0.398964
0.398967
0.398977
0.398981
0.398987
0.39901
0.399041
0.399044
0.399061
0.399063
0.399078
0.399104
0.39923
0.399247
0.39928
0.399335
0.399358
0.399403
0.399417
0.399446
0.399453
0.399454
0.39946
0.399487
0.399493
0.399524
0.399567
0.399567
0.399584
0.3996
0.39963
0.39964
0.399694
0.3997
0.399756
0.39976
0.399767
0.399773
0.399864
0.399891
0.3999
0.399921
0.399948
0.399957
0.399967
0.39998
0.400007
0.400008
0.40001
0.400013
0.400017
0.400026
0.400038
0.40004
0.400094
0.400094
0.400114
0.400114
0.400123
0.400131
0.400151
0.400167
0.400171
0.400174
0.400177
0.400187
0.400203
0.400208
0.40023
0.40027
0.400294
0.400324
0.40035
0.400355
0.400374
0.400394
0.40042
0.40043
0.400468
0.400521
0.400538
0.400553
0.400593
0.400595
0.400613
0.400664
0.400673
0.400703
0.400714
0.40074
0.400757
0.400791
0.400828
0.400847
0.400861
0.400868
0.40087
0.400881
0.400883
0.400897
0.400923
0.400943
0.400954
0.400954
0.400977
0.400986
0.401054
0.40108
0.401086
0.40113
0.401174
0.401176
0.401197
0.401241
0.401243
0.401244
0.401253
0.401267
0.401298
0.401307
0.401353
0.401398
0.401401
0.40143
0.401433
0.401437
0.401451
0.401524
0.40153
0.401548
0.40155
0.401557
0.401557
0.401577
0.401621
0.401647
0.401648
0.401664
0.401665
0.401704
0.401707
0.401708
0.401761
0.40178
0.401787
0.401804
0.401887
0.401897
0.401914
0.401966
0.401994
0.402014
0.402028
0.402067
0.40208
0.402094
0.40212
0.40218
0.402183
0.402237
0.402244
0.40226
0.402307
0.402307
0.402317
0.402324
0.402341
0.402343
0.402361
0.402373
0.402384
0.402397
0.402437
0.402514
0.40252
0.402537
0.402553
0.402623
0.402653
0.402677
0.402723
0.402761
0.40284
0.402841
0.402883
0.402897
0.402918
0.402934
0.402951
0.402954
0.402968
0.403058
0.403077
0.403098
0.4031
0.403158
0.403161
0.403187
0.403194
0.403204
0.403213
0.403236
0.403287
0.403317
0.40341
0.403413
0.403417
0.403444
0.403446
0.40346
0.403498
0.403516
0.403553
0.403557
0.403571
0.40358
0.403593
0.403624
0.403631
0.403657
0.403661
0.403674
0.403688
0.403691
0.403693
0.40371
0.403753
0.403794
0.403797
0.403821
0.40384
0.403851
0.403901
0.403923
0.403926
0.403938
0.403957
0.403997
0.404
0.404007
0.404033
0.40404
0.404054
0.404078
0.4041
0.404124
0.40414
0.404198
0.40422
0.404227
0.404228
0.404313
0.404347
0.40438
0.40439
0.404464
0.40447
0.404494
0.404513
0.404593
0.404594
0.404597
0.404614
0.40462
0.404636
0.404654
0.404707
0.404716
0.40472
0.404744
0.404778
0.404781
0.40483
0.404834
0.4049
0.404918
0.404934
0.404954
0.404988
0.405094
0.405096
0.405141
0.405221
0.405247
0.405294
0.405388
0.405401
0.405411
0.40547
0.405471
0.405496
0.405497
0.405507
0.40552
0.405521
0.40554
0.405588
0.405606
0.405614
0.40562
0.405654
0.405664
0.40567
0.405683
0.405733
0.405757
0.405757
0.405761
0.405791
0.405793
0.405801
0.405867
0.405924
0.405974
0.406004
0.406013
0.406093
0.40614
0.406167
0.406167
0.406171
0.406237
0.406243
0.40625
0.406261
0.40629
0.406318
0.406327
0.406331
0.406333
0.406337
0.406411
0.406488
0.40653
0.406547
0.406633
0.406635
0.406643
0.406651
0.40666
0.406663
0.406691
0.406693
0.406768
0.406837
0.40689
0.40697
0.40698
0.40699
0.407007
0.40707
0.40707
0.407126
0.407216
0.407237
0.407247
0.407287
0.40731
0.407321
0.40734
0.407384
0.407394
0.40745
0.407473
0.4075
0.40751
0.40752
0.407551
0.40759
0.407606
0.407617
0.407624
0.407638
0.407647
0.407657
0.407678
0.407734
0.407737
0.407741
0.407821
0.40783
0.407904
0.407921
0.407938
0.407941
0.407946
0.40796
0.407974
0.408043
0.408053
0.40806
0.408081
0.408096
0.408097
0.40812
0.408141
0.40815
0.40815
0.408171
0.408173
0.408174
0.408203
0.408205
0.408257
0.408271
0.408308
0.408324
0.40833
0.408336
0.408341
0.408403
0.408408
0.40841
0.40841
0.408464
0.40849
0.408561
0.408624
0.408637
0.40864
0.408663
0.408703
0.40871
0.408713
0.408728
0.408764
0.408777
0.408814
0.408824
0.408858
0.40887
0.408874
0.408894
0.408917
0.40892
0.408984
0.409007
0.40903
0.40903
0.409047
0.409057
0.409077
0.409081
0.40909
0.409103
0.409111
0.409156
0.409177
0.409208
0.40921
0.409267
0.409304
0.40933
0.40933
0.409344
0.40937
0.40938
0.409441
0.409447
0.40945
0.409464
0.40952
0.409597
0.409663
0.40967
0.409724
0.409734
0.409747
0.40977
0.409773
0.409816
0.40986
0.40987
0.409894
0.409905
0.409907
0.409933
0.409967
0.41
0.410061
0.41008
0.410131
0.410134
0.410147
0.410154
0.410173
0.410175
0.410198
0.41023
0.410237
0.410238
0.410255
0.41027
0.4103
0.410305
0.410314
0.41036
0.410381
0.4105
0.410513
0.410537
0.4106
0.410663
0.410817
0.410867
0.410873
0.410898
0.410901
0.410977
0.41101
0.411081
0.411124
0.411135
0.411153
0.411163
0.411208
0.411211
0.411227
0.411243
0.411254
0.411254
0.411301
0.411366
0.411421
0.41149
0.411503
0.41154
0.411547
0.411564
0.411574
0.411586
0.4116
0.411644
0.411687
0.411716
0.411737
0.411767
0.411771
0.411784
0.411793
0.41183
0.411836
0.411841
0.411881
0.41194
0.411944
0.41196
0.411964
0.411967
0.41198
0.411987
0.412004
0.412014
0.412021
0.412034
0.412041
0.412058
0.412175
0.412188
0.412214
0.412217
0.412223
0.412234
0.412253
0.412267
0.412297
0.412304
0.412314
0.41233
0.41234
0.412354
0.412387
0.412397
0.412473
0.412517
0.412534
0.412537
0.412597
0.412598
0.412604
0.41264
0.412641
0.412661
0.412671
0.412671
0.412687
0.41271
0.41272
0.412757
0.412764
0.412767
0.41279
0.41282
0.412874
0.412884
0.41291
0.412953
0.412997
0.413013
0.413051
0.413054
0.41308
0.413087
0.413097
0.413098
0.413147
0.413157
0.413183
0.41319
0.413213
0.413234
0.413284
0.413287
0.413297
0.413317
0.413327
0.41333
0.41338
0.413417
0.413484
0.41349
0.413514
0.413521
0.413544
0.413597
0.413687
0.413707
0.41377
0.41381
0.413818
0.413843
0.413861
0.413874
0.413886
0.413914
0.413923
0.413933
0.413934
0.41394
0.413947
0.413977
0.413984
0.414016
0.414016
0.414044
0.414044
0.414078
0.414087
0.41409
0.4141
0.414164
0.41417
0.414173
0.414185
0.414201
0.41422
0.414257
0.414407
0.41441
0.414448
0.414497
0.414524
0.414534
0.414547
0.414627
0.414627
0.414646
0.414661
0.414663
0.414704
0.414767
0.414767
0.41484
0.414853
0.414868
0.414871
0.414898
0.41494
0.414943
0.414947
0.415035
0.415054
0.41507
0.41509
0.41516
0.415167
0.415303
0.41531
0.415364
0.415368
0.415443
0.41545
0.415454
0.415464
0.415537
0.415561
0.415573
0.415577
0.415577
0.4156
0.415604
0.41561
0.415637
0.415651
0.415657
0.415687
0.415713
0.415746
0.415754
0.41576
0.415776
0.415816
0.415847
0.415861
0.415867
0.415894
0.415984
0.415998
0.416007
0.416064
0.416114
0.416134
0.41614
0.416184
0.416234
0.416261
0.416274
0.416291
0.416307
0.416311
0.416381
0.416398
0.416461
0.416463
0.416473
0.416487
0.41652
0.416531
0.416577
0.416678
0.416681
0.416691
0.416724
0.416741
0.416754
0.416761
0.416791
0.41682
0.416868
0.416937
0.416948
0.416957
0.416971
0.416981
0.417001
0.417014
0.41703
0.417037
0.417044
0.417181
0.417198
0.41725
0.417253
0.417264
0.417321
0.417407
0.417471
0.417487
0.417546
0.417591
0.417671
0.417684
0.41769
0.41773
0.417804
0.417851
0.417968
0.417991
0.418065
0.41808
0.418095
0.4181
0.418121
0.418121
0.418221
0.418224
0.418237
0.418294
0.41832
0.418367
0.418393
0.418406
0.418444
0.41845
0.418467
0.418487
0.418518
0.418573
0.418584
0.418617
0.418637
0.418641
0.418666
0.418674
0.418674
0.418687
0.41877
0.418813
0.418823
0.41883
0.418844
0.418865
0.418881
0.418897
0.41892
0.418983
0.419034
0.419127
0.419181
0.419227
0.419268
0.419451
0.419453
0.419461
0.419467
0.419473
0.419481
0.419531
0.419554
0.419561
0.41957
0.419603
0.419611
0.419643
0.419684
0.41976
0.41977
0.41978
0.419814
0.419821
0.419863
0.419901
0.419904
0.419948
0.419966
0.42001
0.420044
0.420217
0.42022
0.420221
0.420227
0.420258
0.420261
0.420321
0.420387
0.420521
0.420607
0.420648
0.420737
0.420747
0.420763
0.420784
0.420807
0.420884
0.420943
0.42097
0.421004
0.421097
0.4211
0.4211
0.421126
0.421174
0.42125
0.421314
0.42133
0.421371
0.421414
0.42142
0.421443
0.42145
0.42146
0.421464
0.421474
0.42149
0.421551
0.421617
0.421617
0.421618
0.421705
0.421777
0.4218
0.42184
0.42185
0.421967
0.42197
0.422
0.422034
0.422084
0.4221
0.422134
0.422157
0.42219
0.422197
0.422257
0.422348
0.422351
0.42236
0.422365
0.422463
0.422487
0.422543
0.42256
0.422581
0.422607
0.422626
0.422663
0.42268
0.422707
0.422718
0.422754
0.422797
0.422833
0.422843
0.422861
0.422861
0.422861
0.422886
0.42293
0.422996
0.423004
0.42307
0.423096
0.423103
0.423107
0.42311
0.423187
0.423204
0.42329
0.423347
0.42336
0.423363
0.423391
0.423417
0.423463
0.423506
0.42354
0.423541
0.423553
0.423654
0.423754
0.42381
0.423817
0.42383
0.423977
0.424004
0.42406
0.424174
0.42423
0.424243
0.424247
0.424264
0.424293
0.424307
0.424323
0.424337
0.424414
0.424494
0.42457
0.424624
0.424654
0.424688
0.424703
0.424753
0.424797
0.42492
0.42495
0.42497
0.425054
0.42508
0.425144
0.425197
0.425257
0.425264
0.425267
0.42527
0.425288
0.425347
0.425357
0.425377
0.425417
0.425471
0.425581
0.42561
0.42561
0.425611
0.425646
0.425651
0.425654
0.425755
0.425767
0.42577
0.425807
0.42581
0.42583
0.42583
0.425843
0.425874
0.425887
0.425917
0.425924
0.425933
0.42598
0.426006
0.426034
0.426198
0.4262
0.426237
0.426247
0.426301
0.426314
0.42634
0.426394
0.426547
0.42663
0.426681
0.426707
0.426754
0.426764
0.426853
0.426914
0.426957
0.427003
0.427028
0.42711
0.427123
0.427147
0.427231
0.427336
0.427378
0.427383
0.427391
0.427414
0.42746
0.427467
0.42752
0.42753
0.427534
0.427615
0.427664
0.42768
0.427704
0.427713
0.427727
0.427757
0.427844
0.427958
0.427991
0.42812
0.428127
0.428134
0.428157
0.428217
0.428237
0.428244
0.428304
0.428358
0.428441
0.428471
0.428484
0.428508
0.428554
0.428577
0.428587
0.428617
0.428626
0.428634
0.428641
0.428643
0.428643
0.428671
0.428691
0.428817
0.428904
0.42891
0.428996
0.429001
0.429141
0.429146
0.429193
0.429246
0.429346
0.429394
0.42941
0.429418
0.429454
0.429543
0.429554
0.42957
0.429607
0.429637
0.429694
0.42978
0.429806
0.429893
0.429926
0.42995
0.429956
0.429995
0.430017
0.430051
0.430074
0.4301
0.430187
0.43019
0.430258
0.430317
0.430507
0.430521
0.43059
0.430697
0.430727
0.430741
0.430741
0.430748
0.430763
0.430901
0.430907
0.430924
0.430947
0.430988
0.430998
0.431038
0.431053
0.431101
0.431173
0.431183
0.431207
0.431237
0.431244
0.431245
0.431324
0.431373
0.431393
0.431498
0.431527
0.431738
0.431823
0.43187
0.431877
0.431895
0.431953
0.431984
0.432194
0.432205
0.432244
0.43227
0.432277
0.432371
0.432443
0.432483
0.432514
0.432587
0.432611
0.43264
0.432643
0.432647
0.432648
0.432684
0.432701
0.432717
0.43274
0.432761
0.43279
0.432866
0.433011
0.433017
0.433027
0.433033
0.433113
0.433156
0.43319
0.433221
0.433287
0.4333
0.433325
0.433458
0.433491
0.43359
0.43368
0.433694
0.433711
0.43373
0.433756
0.43394
0.433958
0.434201
0.434297
0.434386
0.4344
0.434423
0.434517
0.43457
0.434598
0.434617
0.434624
0.434687
0.434687
0.434703
0.434787
0.434883
0.434896
0.434924
0.434947
0.434971
0.435091
0.435097
0.435147
0.43527
0.435337
0.435353
0.435363
0.435516
0.435564
0.43565
0.435667
0.435704
0.435743
0.435766
0.435801
0.435838
0.43586
0.43589
0.435911
0.43593
0.435937
0.435944
0.435954
0.435988
0.43602
0.436068
0.43608
0.436144
0.436171
0.43618
0.436207
0.436227
0.436318
0.436514
0.436603
0.436638
0.436677
0.436704
0.43672
0.436737
0.436754
0.43697
0.437007
0.437051
0.437073
0.437327
0.437417
0.437448
0.437448
0.437563
0.437574
0.437618
0.437704
0.437777
0.437804
0.437871
0.437913
0.437941
0.437978
0.438007
0.438014
0.438088
0.438117
0.438138
0.438148
0.43819
0.438267
0.438307
0.438371
0.438407
0.438408
0.438433
0.438506
0.438594
0.438597
0.438663
0.438697
0.438767
0.438817
0.438844
0.43885
0.438856
0.438936
0.439081
0.439348
0.439517
0.439541
0.439657
0.439861
0.440065
0.4401
0.440101
0.440191
0.440267
0.44035
0.440353
0.44037
0.440421
0.440458
0.440647
0.44067
0.440746
0.440754
0.440771
0.440774
0.440874
0.440917
0.440937
0.440964
0.441047
0.441116
0.441258
0.441474
0.44173
0.441747
0.441877
0.44191
0.442001
0.442037
0.442065
0.442253
0.442254
0.442293
0.442321
0.442431
0.442487
0.442594
0.442638
0.442714
0.442784
0.44288
0.442923
0.442967
0.442977
0.44301
0.443063
0.44312
0.443194
0.443304
0.443367
0.443425
0.443427
0.443444
0.44353
0.443553
0.443618
0.443623
0.443691
0.443723
0.444031
0.444064
0.444117
0.444164
0.444301
0.444301
0.444457
0.444467
0.444474
0.444564
0.444581
0.444597
0.444651
0.444718
0.444794
0.444827
0.444971
0.445017
0.44504
0.445217
0.445353
0.445454
0.445464
0.445467
0.445561
0.445737
0.44582
0.445825
0.446024
0.446053
0.446161
0.446301
0.446371
0.446711
0.446784
0.446804
0.447077
0.447401
0.44777
0.447947
0.447957
0.447961
0.448027
0.448074
0.44815
0.448197
0.4482
0.448304
0.448324
0.448327
0.448417
0.448478
0.448483
0.448537
0.448537
0.448701
0.448717
0.448724
0.44876
0.448914
0.44899
0.449154
0.449306
0.449317
0.449374
0.449396
0.449427
0.449531
0.44958
0.449821
0.449821
0.449837
0.450027
0.450128
0.450141
0.450154
0.450188
0.450214
0.450604
0.450867
0.45098
0.450981
0.451026
0.451043
0.451057
0.45112
0.451127
0.451146
0.45126
0.451458
0.451561
0.451598
0.451687
0.451854
0.452065
0.452117
0.452188
0.45226
0.452301
0.452444
0.452536
0.452635
0.452774
0.452871
0.452917
0.453108
0.453147
0.453568
0.453726
0.45384
0.453844
0.45412
0.454174
0.454233
0.454346
0.45445
0.454588
0.454616
0.454654
0.454684
0.454744
0.454931
0.455031
0.45504
0.455051
0.45514
0.455244
0.455274
0.455337
0.455524
0.455691
0.455716
0.455764
0.455967
0.45627
0.45651
0.456524
0.4568
0.456821
0.457024
0.45713
0.457176
0.45724
0.457523
0.45775
0.45778
0.457843
0.457861
0.45788
0.45792
0.45792
0.458471
0.458504
0.458516
0.458524
0.458757
0.458803
0.458927
0.458934
0.45903
0.459134
0.459247
0.45933
0.459383
0.459628
0.459673
0.459674
0.459761
0.460044
0.460257
0.460374
0.460401
0.460633
0.460707
0.460764
0.461164
0.461314
0.46181
0.462124
0.462207
0.462254
0.46247
0.46266
0.462961
0.463653
0.463714
0.464051
0.464154
0.464198
0.464241
0.464308
0.464897
0.464917
0.4655
0.465781
0.465868
0.465933
0.466138
0.466777
0.46679
0.467044
0.467168
0.467463
0.467471
0.467773
0.46803
0.468237
0.468276
0.468311
0.468533
0.468766
0.469006
0.469178
0.469404
0.470034
0.470091
0.470161
0.470317
0.470451
0.470531
0.470698
0.470817
0.470903
0.47097
0.471204
0.471208
0.471324
0.471377
0.471388
0.472974
0.47419
0.474707
0.475277
0.47533
0.475444
0.47621
0.476955
0.47715
0.477207
0.477657
0.47839
0.479234
0.480367
0.481834
0.481841
0.482257
0.482554
0.48431
0.484491
0.485185
0.48618
0.486391
0.486847
0.488351
0.488946
0.489014
0.490076
0.491061
0.491224
0.492743
0.4931
0.494887
0.494953
0.495184
0.499484
0.499521
0.502613
0.507214
0.507967
0.50937
0.509371
0.510481
0.511458
0.517111
0.520807
0.522327
0.522687
0.526987
0.527574
0.531151
0.532435
0.536214
0.546037
0.551635
0.55279
0.556901
0.562011
0.566311
0.566721
0.567454
0.567668
0.570374
0.571425
0.58129
0.588854
0.59147
0.591898
0.593761
0.595493
0.598887
0.60052
0.601827
0.607724
0.60777
0.610397
0.617693
0.621204
0.624601
0.625287
0.625441
0.626167
0.627041
0.635694
0.637621
0.639234
0.640711
0.645767
0.649685
0.654414
0.655113
0.657731
0.666824
0.667744
0.667797
0.670031
0.671814
0.678614
0.686567
0.689244
0.691247
0.693301
0.697304
0.697911
0.698224
0.700187
0.700297
0.704717
0.707648
0.710114
0.711411
0.713404
0.71616
0.726017
0.72627
0.73341
0.7345
0.739394
0.74271
0.745157
0.753821
0.756627
0.757157
0.767501
0.769204
0.769961
0.774177
0.774224
0.7743
0.774847
0.776778
0.778737
0.781674
0.782261
0.783028
0.783481
0.789444
0.789954
0.793868
0.794171
0.796091
0.807621
0.810781
0.811094
0.8122
0.81365
0.816931
0.819257
0.826567
0.827454
0.832593
0.843864
0.846891
0.847798
0.851641
0.856064
0.856374
0.860367
0.860404
0.860604
0.862637
0.866855
0.871438
0.874234
0.874651
0.877387
0.879101
0.879787
0.887414
0.893347
0.898518
0.899431
0.914421
0.914927
0.918161
0.919514
0.920543
0.922904
0.927891
0.930185
0.932814
0.935207
0.939601
0.940747
0.956637
0.957901
0.99798
1.000484
1.001331
1.003751
1.009721
1.027572
1.060957
1.111128
1.112171
1.135638
1.140901
1.168045
1.201751
1.217761
1.251658
1.261698
