0.24557
0.246044
0.248177
0.254203
0.2545
0.25581
0.255866
0.256383
0.256627
0.257334
0.258867
0.258887
0.259484
0.25957
0.25991
0.260087
0.260094
0.260448
0.2607
0.26073
0.260896
0.261727
0.263753
0.263817
0.26405
0.264168
0.26457
0.26472
0.265407
0.265737
0.266349
0.266993
0.26721
0.26728
0.267863
0.267934
0.268053
0.268697
0.268773
0.268921
0.269063
0.269156
0.26946
0.269637
0.26968
0.269993
0.27003
0.270284
0.270584
0.270643
0.270663
0.270877
0.270917
0.270943
0.270995
0.27107
0.271501
0.271523
0.271543
0.271775
0.271784
0.271897
0.271926
0.271927
0.271964
0.272324
0.272403
0.272448
0.272583
0.272596
0.272617
0.272654
0.272797
0.2728
0.272877
0.273027
0.273037
0.273453
0.27395
0.274174
0.274273
0.274274
0.274278
0.27435
0.274514
0.274514
0.27458
0.274592
0.274623
0.274737
0.274763
0.275008
0.275014
0.27506
0.275146
0.27538
0.275463
0.27553
0.275973
0.276027
0.276033
0.27606
0.276104
0.27625
0.27629
0.27638
0.276437
0.276517
0.27653
0.27675
0.27684
0.27691
0.276993
0.277027
0.277084
0.277127
0.277207
0.277247
0.277274
0.277287
0.277354
0.27743
0.27747
0.27763
0.277636
0.277664
0.27774
0.277913
0.277927
0.27798
0.2782
0.27823
0.27829
0.278436
0.278461
0.278551
0.278567
0.278627
0.278677
0.278701
0.27874
0.278827
0.279006
0.279025
0.279111
0.27913
0.279134
0.279181
0.27934
0.279346
0.279374
0.279411
0.279423
0.279595
0.279643
0.279693
0.280053
0.280157
0.280204
0.280214
0.280344
0.280353
0.280503
0.280507
0.28059
0.280611
0.28067
0.280684
0.280778
0.280783
0.280805
0.280827
0.280864
0.280867
0.280973
0.281003
0.281007
0.281017
0.281027
0.28111
0.281121
0.28116
0.281257
0.281323
0.281371
0.281388
0.281444
0.28145
0.281483
0.281533
0.28156
0.28162
0.281631
0.281677
0.281684
0.28178
0.2818
0.281824
0.281887
0.281893
0.281901
0.281928
0.281936
0.281954
0.281965
0.281967
0.282007
0.28206
0.282155
0.282287
0.282303
0.282311
0.282324
0.28236
0.282453
0.282463
0.282511
0.282551
0.282564
0.282573
0.282604
0.28262
0.282679
0.28271
0.282767
0.282774
0.282784
0.282844
0.282908
0.282913
0.282924
0.282974
0.283023
0.283057
0.283067
0.283067
0.283074
0.283081
0.283103
0.28324
0.283245
0.283266
0.283387
0.283404
0.28341
0.283417
0.283493
0.283501
0.283513
0.283544
0.283548
0.283574
0.283575
0.283608
0.283683
0.283693
0.283697
0.283747
0.283847
0.283866
0.283867
0.28387
0.283897
0.283906
0.283927
0.283937
0.284001
0.284014
0.28408
0.284114
0.284137
0.28415
0.284186
0.284198
0.284247
0.284338
0.28435
0.28439
0.28446
0.284481
0.284527
0.284537
0.284617
0.284646
0.284668
0.284707
0.28473
0.284771
0.2848
0.284858
0.284864
0.28497
0.285004
0.285007
0.285018
0.285043
0.28506
0.285144
0.28516
0.285167
0.285177
0.285191
0.285201
0.285207
0.285207
0.28522
0.28529
0.285357
0.285413
0.285417
0.285443
0.285468
0.28548
0.285503
0.28556
0.285564
0.28558
0.285588
0.28559
0.285617
0.285617
0.285655
0.285704
0.285726
0.285793
0.285834
0.28586
0.28588
0.2859
0.285924
0.28597
0.285977
0.286097
0.286126
0.286146
0.286148
0.28615
0.286283
0.286293
0.28633
0.286354
0.286435
0.286457
0.286475
0.28649
0.286503
0.286544
0.28662
0.2867
0.28672
0.286723
0.28679
0.286823
0.286873
0.286897
0.286933
0.286934
0.28695
0.28695
0.286961
0.287001
0.287007
0.28701
0.287037
0.287087
0.287091
0.287124
0.287153
0.287155
0.287161
0.287217
0.287227
0.287238
0.28725
0.287273
0.287294
0.287304
0.287314
0.287341
0.287347
0.28735
0.287367
0.28739
0.287434
0.287446
0.287507
0.287511
0.28752
0.287534
0.287563
0.287577
0.287584
0.28767
0.287674
0.287723
0.287728
0.287766
0.287784
0.287791
0.287813
0.287841
0.287857
0.287894
0.287907
0.28791
0.287913
0.28793
0.28796
0.288044
0.288056
0.28806
0.28812
0.28816
0.28816
0.28817
0.288174
0.288193
0.288254
0.288254
0.288276
0.288354
0.288377
0.288401
0.288487
0.2885
0.288504
0.288541
0.288587
0.288589
0.2886
0.2886
0.288613
0.288684
0.288721
0.288767
0.288785
0.288796
0.2888
0.288807
0.288837
0.288848
0.288868
0.288873
0.28888
0.288907
0.288914
0.288917
0.288931
0.288937
0.288953
0.288964
0.288977
0.28898
0.289014
0.28902
0.289023
0.289024
0.289037
0.28905
0.289117
0.289124
0.289134
0.289177
0.289231
0.289247
0.28932
0.289333
0.28934
0.289364
0.289393
0.289437
0.289464
0.289469
0.289521
0.28953
0.289537
0.28955
0.289554
0.289684
0.28969
0.28972
0.289724
0.289733
0.289734
0.289744
0.28975
0.289777
0.289784
0.289821
0.289833
0.28984
0.289841
0.28991
0.289917
0.289917
0.289947
0.289977
0.289994
0.29001
0.29005
0.290057
0.290057
0.290076
0.290087
0.290113
0.290114
0.290121
0.290124
0.29013
0.29014
0.290146
0.29016
0.290174
0.29019
0.290193
0.290194
0.290274
0.290277
0.290334
0.29034
0.290367
0.290378
0.290403
0.290407
0.29041
0.290417
0.29043
0.2905
0.290503
0.290508
0.290534
0.290537
0.290551
0.290557
0.290573
0.290586
0.290591
0.290607
0.290666
0.290676
0.290693
0.290714
0.290716
0.290748
0.290768
0.2908
0.290847
0.290884
0.290914
0.290917
0.290924
0.290934
0.290937
0.290947
0.29098
0.290994
0.291006
0.29101
0.291024
0.29111
0.291116
0.29112
0.291136
0.291161
0.291174
0.291177
0.291184
0.291197
0.29121
0.291241
0.291253
0.291278
0.291323
0.291367
0.291387
0.29141
0.291413
0.291433
0.291457
0.291474
0.291506
0.291523
0.291527
0.291533
0.29157
0.2916
0.291607
0.291621
0.291637
0.291653
0.291743
0.291757
0.291867
0.291874
0.29188
0.291887
0.291894
0.291897
0.291898
0.291907
0.291924
0.291984
0.291991
0.291997
0.292027
0.292051
0.292101
0.292117
0.29212
0.292127
0.292141
0.29216
0.292181
0.292237
0.292244
0.29226
0.292264
0.29229
0.292293
0.292307
0.29232
0.292336
0.292344
0.292377
0.292394
0.292411
0.292423
0.292427
0.292474
0.292478
0.29248
0.292481
0.292491
0.292496
0.292515
0.292523
0.292563
0.292576
0.292581
0.292614
0.292617
0.292638
0.292638
0.29265
0.292663
0.292677
0.292691
0.292693
0.292766
0.29278
0.292814
0.292817
0.292824
0.292837
0.292837
0.292847
0.292853
0.292864
0.29287
0.292893
0.292893
0.292907
0.292923
0.292947
0.292977
0.293004
0.293054
0.293058
0.293106
0.293117
0.29313
0.293157
0.293174
0.293217
0.29325
0.29328
0.293307
0.29331
0.293314
0.293323
0.293324
0.293327
0.29333
0.293363
0.293397
0.2934
0.293408
0.29348
0.293506
0.293514
0.293537
0.293543
0.293547
0.29356
0.293574
0.293583
0.293593
0.29361
0.293634
0.29364
0.29368
0.2937
0.293727
0.293727
0.293731
0.29374
0.293751
0.293773
0.29378
0.29378
0.293783
0.293798
0.293827
0.29384
0.29384
0.29389
0.293894
0.293897
0.2939
0.293936
0.293947
0.293953
0.293967
0.29397
0.293977
0.29398
0.293986
0.293991
0.293997
0.294017
0.29403
0.294031
0.294037
0.294073
0.294076
0.29408
0.294127
0.294164
0.29418
0.294197
0.294224
0.294233
0.29424
0.294241
0.294243
0.29426
0.29426
0.294283
0.294346
0.29435
0.29436
0.294361
0.294381
0.294391
0.29441
0.294423
0.294424
0.29443
0.294431
0.294437
0.294481
0.294487
0.29449
0.294507
0.294521
0.294524
0.294563
0.294574
0.294583
0.294584
0.294597
0.294603
0.29461
0.294614
0.294624
0.294636
0.29464
0.294664
0.294684
0.294696
0.294704
0.29471
0.294713
0.29476
0.294761
0.294761
0.294764
0.29477
0.294777
0.29481
0.294814
0.294838
0.29486
0.294867
0.29489
0.294897
0.294944
0.29495
0.294965
0.295001
0.29502
0.295037
0.295044
0.29506
0.295067
0.29507
0.295094
0.29512
0.295127
0.29513
0.295147
0.29518
0.295197
0.2952
0.295211
0.295247
0.295261
0.295263
0.295263
0.295273
0.295277
0.295284
0.295303
0.295323
0.295323
0.295334
0.295353
0.295374
0.295378
0.295391
0.29543
0.295441
0.295448
0.29549
0.295493
0.29551
0.29554
0.295564
0.29563
0.29563
0.295693
0.295694
0.295697
0.2957
0.29572
0.295737
0.29575
0.295764
0.295787
0.295803
0.295806
0.295813
0.295826
0.295827
0.295827
0.295857
0.295864
0.29588
0.295934
0.295957
0.29603
0.296053
0.296056
0.296104
0.29611
0.296114
0.296124
0.296127
0.29614
0.296143
0.296157
0.296157
0.29616
0.296164
0.296178
0.29619
0.296213
0.296247
0.296247
0.296251
0.296251
0.296266
0.29629
0.29633
0.296344
0.296346
0.29635
0.29636
0.2964
0.29641
0.296434
0.296446
0.296451
0.296453
0.296483
0.296514
0.296514
0.29652
0.29653
0.296564
0.296591
0.296624
0.29664
0.29665
0.296653
0.296661
0.296683
0.296687
0.2967
0.29672
0.296767
0.296767
0.296788
0.296794
0.296807
0.296821
0.296823
0.29683
0.296874
0.296878
0.296881
0.296897
0.296917
0.297024
0.297037
0.297044
0.29705
0.297053
0.297054
0.29708
0.297083
0.29711
0.297113
0.297113
0.297121
0.297143
0.297157
0.297158
0.297214
0.297226
0.297267
0.297274
0.29728
0.2973
0.297303
0.297307
0.297317
0.297324
0.29734
0.297355
0.297391
0.297397
0.297406
0.297411
0.297417
0.29742
0.29745
0.29745
0.297486
0.29751
0.297516
0.297524
0.297527
0.297556
0.297574
0.297593
0.297597
0.297613
0.29762
0.29763
0.297664
0.297667
0.29768
0.29768
0.297693
0.297694
0.297714
0.297716
0.29773
0.297737
0.297738
0.29774
0.297744
0.297794
0.29781
0.297824
0.297827
0.297838
0.29787
0.29789
0.297894
0.297898
0.297924
0.297926
0.297934
0.297951
0.297953
0.297963
0.297993
0.298046
0.298057
0.298073
0.298077
0.29808
0.298084
0.298084
0.298087
0.298104
0.29816
0.298181
0.298224
0.298226
0.298233
0.298247
0.298284
0.298284
0.298296
0.298303
0.298316
0.298374
0.298376
0.29838
0.298393
0.298407
0.298433
0.298437
0.298457
0.298463
0.298504
0.298504
0.298507
0.298527
0.29853
0.298554
0.298573
0.298586
0.29859
0.2986
0.29861
0.298621
0.298623
0.29863
0.298634
0.298676
0.298691
0.298704
0.29872
0.29876
0.29876
0.29877
0.298773
0.298794
0.29881
0.298814
0.298828
0.29883
0.298831
0.298844
0.29885
0.2989
0.298903
0.298907
0.298907
0.298914
0.298917
0.298921
0.298957
0.298981
0.298991
0.299007
0.299034
0.299067
0.29908
0.299084
0.299097
0.299104
0.299117
0.299131
0.29916
0.299173
0.299173
0.299201
0.29921
0.299213
0.299233
0.299257
0.299266
0.29928
0.299287
0.29929
0.299301
0.29931
0.29933
0.299331
0.299333
0.299353
0.299353
0.299393
0.299403
0.29941
0.299411
0.299413
0.299414
0.299414
0.29942
0.29944
0.299443
0.299445
0.299463
0.299464
0.299467
0.299471
0.299474
0.299476
0.29949
0.299501
0.29951
0.299562
0.299574
0.299574
0.299584
0.299606
0.299608
0.299641
0.299667
0.299687
0.29969
0.299693
0.299694
0.299696
0.299697
0.29971
0.29974
0.299757
0.299764
0.299767
0.299773
0.299774
0.299777
0.2998
0.299804
0.299816
0.299817
0.299826
0.299826
0.299836
0.299863
0.29987
0.299874
0.29989
0.2999
0.299901
0.299907
0.299913
0.299931
0.299937
0.299937
0.299941
0.299941
0.299974
0.299998
0.3
0.300001
0.300047
0.30005
0.300054
0.300056
0.300064
0.30007
0.300081
0.300083
0.300107
0.300123
0.30013
0.300148
0.300154
0.300156
0.30016
0.300167
0.300174
0.300184
0.300193
0.300197
0.300216
0.300234
0.300324
0.30033
0.30038
0.300404
0.300424
0.300427
0.300433
0.300443
0.30048
0.300481
0.30049
0.300507
0.300517
0.300523
0.300523
0.300527
0.300544
0.30055
0.300564
0.300585
0.300614
0.300617
0.300637
0.300673
0.300683
0.300686
0.300713
0.300713
0.300733
0.30075
0.300767
0.300777
0.30079
0.30081
0.300823
0.300827
0.300837
0.300891
0.300911
0.30093
0.300933
0.30094
0.300954
0.300961
0.300973
0.300984
0.30101
0.301017
0.301067
0.301077
0.301077
0.30108
0.301094
0.301096
0.3011
0.301116
0.301204
0.301213
0.301217
0.301221
0.301224
0.301227
0.301238
0.301251
0.301257
0.30127
0.30129
0.301327
0.301331
0.30135
0.301376
0.301384
0.301391
0.301411
0.301428
0.30143
0.301433
0.30144
0.301443
0.30145
0.30147
0.301474
0.30148
0.30148
0.301491
0.301511
0.301554
0.301561
0.301568
0.301574
0.301587
0.30159
0.30161
0.301614
0.30162
0.301664
0.30169
0.301694
0.301714
0.301725
0.301733
0.301743
0.301754
0.301773
0.301791
0.3018
0.30181
0.30183
0.301833
0.301851
0.301867
0.30189
0.30189
0.301894
0.301895
0.30191
0.301913
0.301956
0.301958
0.301964
0.301964
0.30199
0.301996
0.302017
0.302033
0.302046
0.302051
0.302053
0.302057
0.302077
0.302087
0.302101
0.302107
0.302137
0.30214
0.302144
0.302147
0.302171
0.302187
0.302193
0.302197
0.302213
0.302237
0.302237
0.302247
0.302257
0.302261
0.302264
0.302276
0.302286
0.302287
0.302296
0.302318
0.302337
0.302337
0.302351
0.302373
0.302377
0.30238
0.302381
0.302441
0.302443
0.302473
0.302474
0.302477
0.30248
0.30251
0.302523
0.302548
0.30255
0.302554
0.302557
0.302563
0.30258
0.302587
0.302594
0.30262
0.302621
0.302633
0.302643
0.302643
0.30266
0.30266
0.302661
0.302661
0.302664
0.302669
0.30269
0.30271
0.302724
0.302754
0.302757
0.302814
0.302814
0.30282
0.302836
0.30284
0.302847
0.302853
0.302853
0.302857
0.302873
0.30289
0.302905
0.30291
0.302914
0.302921
0.302941
0.302944
0.302954
0.302958
0.302967
0.302968
0.302984
0.302984
0.303003
0.30301
0.30302
0.303023
0.30303
0.303036
0.303064
0.30307
0.303076
0.303077
0.303087
0.303091
0.303094
0.303097
0.3031
0.303107
0.303117
0.303117
0.303123
0.303127
0.303138
0.30315
0.303153
0.30317
0.303183
0.303184
0.303193
0.303211
0.303221
0.303271
0.303274
0.30329
0.3033
0.303304
0.303322
0.30333
0.303356
0.303401
0.303401
0.303404
0.303414
0.30342
0.303467
0.303487
0.30349
0.303497
0.303497
0.303513
0.303536
0.303543
0.303557
0.303563
0.303564
0.303567
0.30357
0.30358
0.303581
0.303587
0.303598
0.303604
0.303621
0.303637
0.303646
0.30366
0.30367
0.303671
0.303673
0.303718
0.303727
0.303731
0.303733
0.30374
0.30375
0.303763
0.303767
0.30378
0.303784
0.303801
0.303804
0.303808
0.30383
0.303841
0.303863
0.303864
0.303874
0.303881
0.303883
0.303893
0.30391
0.303921
0.303924
0.303927
0.303931
0.303937
0.303957
0.303964
0.303991
0.303994
0.304001
0.304006
0.304014
0.304034
0.304034
0.30406
0.30407
0.304083
0.304087
0.304094
0.304105
0.304113
0.304114
0.304116
0.30412
0.304124
0.304126
0.304127
0.30413
0.304146
0.304148
0.304151
0.304154
0.304157
0.30416
0.304183
0.304194
0.304201
0.304211
0.304221
0.304237
0.30427
0.30429
0.30432
0.304344
0.304346
0.30435
0.304367
0.30437
0.304377
0.304386
0.304387
0.304413
0.304423
0.304426
0.304451
0.304453
0.30446
0.304483
0.304488
0.304506
0.304513
0.304547
0.30455
0.304556
0.304583
0.304591
0.304601
0.304604
0.30461
0.30461
0.304613
0.304613
0.30462
0.304633
0.304634
0.304636
0.304644
0.304645
0.304674
0.304677
0.304677
0.3047
0.304704
0.304727
0.304744
0.304747
0.304766
0.304771
0.304774
0.30478
0.304784
0.304786
0.304806
0.304811
0.304811
0.304817
0.304903
0.304913
0.304914
0.304928
0.30493
0.304947
0.30496
0.304961
0.304964
0.30497
0.304973
0.304974
0.304976
0.304984
0.304986
0.305001
0.305031
0.305034
0.30505
0.305073
0.305084
0.305091
0.305104
0.305127
0.305127
0.305134
0.30515
0.30516
0.305164
0.305186
0.305187
0.305193
0.305197
0.305214
0.305238
0.30525
0.30525
0.305251
0.305273
0.305274
0.30529
0.305294
0.305297
0.305326
0.30534
0.305343
0.305351
0.305354
0.305356
0.305373
0.305387
0.305394
0.305414
0.305424
0.305427
0.305444
0.305448
0.30545
0.30546
0.305468
0.305473
0.305477
0.305484
0.305514
0.305514
0.305517
0.30552
0.305528
0.305528
0.305534
0.30554
0.305557
0.305584
0.305587
0.305594
0.305607
0.305627
0.30563
0.305631
0.305634
0.305644
0.305647
0.30565
0.305654
0.305654
0.305668
0.305671
0.305673
0.305674
0.305737
0.305741
0.305751
0.305781
0.305793
0.305794
0.305797
0.305817
0.305817
0.305817
0.305828
0.30583
0.305843
0.30586
0.305876
0.305878
0.30588
0.305883
0.305887
0.305903
0.305907
0.305907
0.305917
0.305926
0.30593
0.305936
0.30594
0.30594
0.305943
0.30595
0.30595
0.305954
0.305964
0.305967
0.306
0.306003
0.30601
0.306017
0.306033
0.306034
0.306047
0.306054
0.306057
0.306077
0.306087
0.306091
0.3061
0.306114
0.306118
0.30612
0.306127
0.306133
0.306153
0.306161
0.306193
0.306197
0.3062
0.306203
0.306207
0.30621
0.306216
0.306226
0.306227
0.306243
0.306301
0.30631
0.30631
0.306314
0.306324
0.306328
0.306347
0.30636
0.306361
0.306361
0.306397
0.306406
0.306447
0.30645
0.306451
0.306467
0.306471
0.306484
0.30649
0.306501
0.306503
0.306507
0.306525
0.306527
0.306571
0.306573
0.306581
0.306607
0.306607
0.306614
0.306617
0.30663
0.306664
0.306671
0.306704
0.30671
0.30672
0.30672
0.306723
0.306724
0.306727
0.306727
0.306737
0.30675
0.30677
0.30678
0.30678
0.306817
0.30683
0.306834
0.306837
0.30684
0.30686
0.30686
0.30687
0.306871
0.306874
0.30688
0.30688
0.306881
0.306893
0.3069
0.306901
0.306904
0.306913
0.30692
0.306955
0.30696
0.306967
0.306974
0.306976
0.306991
0.306996
0.306997
0.307004
0.307004
0.307007
0.307034
0.307041
0.307051
0.307078
0.30709
0.307093
0.307133
0.307134
0.307143
0.307147
0.307153
0.307187
0.307221
0.307232
0.307243
0.307256
0.307288
0.30729
0.307294
0.307297
0.3073
0.3073
0.307307
0.30731
0.30731
0.307334
0.30734
0.30734
0.307343
0.307366
0.30737
0.30738
0.307391
0.307394
0.307401
0.307413
0.307417
0.307433
0.30746
0.30748
0.307494
0.307498
0.30751
0.307511
0.307521
0.307534
0.30756
0.307573
0.30758
0.307583
0.307584
0.3076
0.307601
0.307603
0.307617
0.307624
0.307657
0.307666
0.307676
0.307707
0.307724
0.307726
0.307726
0.30774
0.30775
0.307754
0.307754
0.307757
0.30776
0.307766
0.30777
0.307773
0.30778
0.307787
0.307797
0.307806
0.307808
0.30781
0.30781
0.307823
0.307824
0.307846
0.30785
0.307851
0.30787
0.30789
0.3079
0.307901
0.307908
0.30791
0.30792
0.307944
0.307967
0.307977
0.30798
0.307981
0.307983
0.308001
0.308016
0.308026
0.308028
0.30803
0.308033
0.308034
0.308034
0.308037
0.308046
0.308048
0.308064
0.308067
0.308073
0.308077
0.308085
0.3081
0.308114
0.308115
0.308116
0.30812
0.308123
0.308151
0.308166
0.30817
0.308197
0.308204
0.308217
0.308224
0.30823
0.30823
0.308237
0.30825
0.308294
0.308297
0.308303
0.30831
0.308313
0.308327
0.308334
0.308357
0.308364
0.308366
0.308367
0.30837
0.308374
0.308384
0.308385
0.308411
0.308413
0.308423
0.30843
0.308437
0.308447
0.308476
0.30848
0.30849
0.308493
0.308496
0.3085
0.308503
0.308511
0.308527
0.30853
0.308567
0.308567
0.30857
0.308584
0.308587
0.308613
0.308617
0.308621
0.308634
0.308655
0.30866
0.30867
0.308697
0.3087
0.308703
0.308713
0.308714
0.308723
0.308727
0.30873
0.308737
0.308744
0.308753
0.308761
0.308761
0.308764
0.30877
0.30877
0.308774
0.308781
0.308791
0.30881
0.30882
0.30883
0.308851
0.308851
0.308854
0.30886
0.308874
0.308913
0.30892
0.308937
0.308944
0.308963
0.308964
0.308989
0.309004
0.309007
0.30901
0.30901
0.309014
0.309021
0.309024
0.30903
0.309037
0.309043
0.309063
0.309077
0.309078
0.309087
0.309087
0.30909
0.309117
0.309117
0.309123
0.309127
0.309131
0.309141
0.309148
0.309153
0.30916
0.309164
0.30917
0.30917
0.309198
0.3092
0.309201
0.309214
0.30922
0.309236
0.309254
0.309257
0.309273
0.309284
0.30929
0.309295
0.309304
0.309323
0.309328
0.30938
0.309404
0.309408
0.309417
0.309417
0.309437
0.309443
0.309463
0.309467
0.30947
0.309474
0.30948
0.30948
0.3095
0.309504
0.30954
0.309553
0.309556
0.309576
0.30958
0.30958
0.309585
0.309586
0.309604
0.309627
0.30964
0.30964
0.309643
0.309667
0.309668
0.309684
0.309686
0.30971
0.30972
0.309736
0.309761
0.309786
0.309817
0.30983
0.309841
0.309846
0.309867
0.309884
0.309885
0.309916
0.309917
0.309944
0.309946
0.309957
0.309961
0.309964
0.309971
0.309997
0.31
0.310004
0.310006
0.310007
0.310024
0.310033
0.310054
0.310097
0.310124
0.310137
0.31016
0.310166
0.31017
0.310174
0.31018
0.310197
0.310213
0.310227
0.31024
0.310243
0.310244
0.310246
0.31025
0.310253
0.310268
0.31027
0.310271
0.310277
0.31028
0.310284
0.310293
0.310297
0.310301
0.310324
0.310344
0.310363
0.310366
0.310377
0.31039
0.31039
0.31041
0.310424
0.31044
0.310444
0.310467
0.310481
0.310487
0.31049
0.310514
0.31052
0.310527
0.310541
0.310553
0.310554
0.310566
0.310566
0.310574
0.310581
0.310596
0.310603
0.310613
0.310617
0.310627
0.310633
0.310674
0.310683
0.310713
0.310714
0.310725
0.31074
0.310746
0.310748
0.310786
0.310787
0.310797
0.310817
0.310834
0.310847
0.310853
0.310881
0.310883
0.310886
0.310887
0.310894
0.3109
0.310903
0.31091
0.31091
0.310917
0.310921
0.310928
0.310944
0.31096
0.311
0.31101
0.311013
0.311017
0.311017
0.31102
0.311034
0.311057
0.311091
0.311097
0.311114
0.311117
0.311131
0.311143
0.311158
0.31116
0.311183
0.311197
0.311205
0.31121
0.311213
0.311213
0.311214
0.311227
0.311261
0.311264
0.311278
0.311284
0.311293
0.3113
0.311304
0.311304
0.311333
0.311337
0.31134
0.31136
0.311363
0.311366
0.31137
0.311387
0.311391
0.311414
0.311427
0.311443
0.311443
0.311447
0.311463
0.31147
0.31147
0.311498
0.311514
0.311516
0.311524
0.311537
0.31154
0.311543
0.311548
0.31156
0.311577
0.311578
0.311587
0.31159
0.311591
0.311627
0.31163
0.31165
0.31165
0.311657
0.31167
0.311686
0.311687
0.311687
0.311694
0.311711
0.311714
0.311727
0.311727
0.311753
0.311754
0.311767
0.311774
0.311777
0.311797
0.311803
0.311804
0.311807
0.311813
0.311817
0.311818
0.311837
0.311846
0.311867
0.311871
0.311877
0.31188
0.311883
0.31189
0.31189
0.311897
0.311927
0.311933
0.311937
0.311943
0.311944
0.311946
0.311947
0.311953
0.31197
0.311987
0.312
0.312011
0.312027
0.312027
0.312048
0.312053
0.312067
0.312074
0.312081
0.312084
0.31209
0.312094
0.312104
0.312116
0.312118
0.312144
0.312156
0.31216
0.312165
0.312171
0.312197
0.312207
0.31223
0.312257
0.312264
0.31227
0.312274
0.312304
0.312307
0.312308
0.31234
0.312343
0.31235
0.31235
0.312351
0.312357
0.312361
0.312367
0.312384
0.312386
0.312387
0.31239
0.312397
0.31241
0.31245
0.312453
0.312456
0.312463
0.312471
0.312477
0.31248
0.312481
0.31249
0.312513
0.312528
0.312543
0.312553
0.312557
0.312564
0.312581
0.312584
0.312593
0.312653
0.312664
0.31267
0.312677
0.312683
0.3127
0.312734
0.312736
0.31274
0.312741
0.312747
0.312773
0.312774
0.31279
0.312797
0.312807
0.31282
0.312823
0.31283
0.31285
0.312853
0.312861
0.312881
0.312887
0.312891
0.312897
0.312897
0.312897
0.3129
0.312903
0.312913
0.312917
0.31292
0.312938
0.31294
0.312941
0.312946
0.31295
0.312958
0.312964
0.312984
0.312987
0.313007
0.313016
0.313023
0.313033
0.31304
0.313044
0.313061
0.31307
0.313071
0.313074
0.313108
0.313113
0.313117
0.31312
0.313131
0.313154
0.313157
0.313164
0.313166
0.313167
0.313177
0.313197
0.313197
0.3132
0.313207
0.31322
0.313225
0.313233
0.313241
0.313283
0.313291
0.313304
0.313308
0.313317
0.31333
0.313347
0.313384
0.31339
0.313398
0.3134
0.313406
0.313416
0.31343
0.313447
0.31346
0.313467
0.313471
0.313477
0.3135
0.313526
0.31353
0.313533
0.31355
0.313568
0.313576
0.313577
0.313577
0.313581
0.313603
0.313607
0.31362
0.313621
0.313624
0.313637
0.313661
0.31367
0.313686
0.313687
0.313721
0.313724
0.313737
0.31374
0.31374
0.313747
0.31378
0.313788
0.313788
0.31379
0.313793
0.313796
0.313811
0.313827
0.313827
0.313833
0.313844
0.313864
0.31387
0.313877
0.313877
0.313883
0.313887
0.313914
0.313923
0.313933
0.31394
0.313943
0.313947
0.313947
0.313958
0.313964
0.313967
0.313967
0.313974
0.31399
0.313993
0.314001
0.314001
0.314003
0.314006
0.314014
0.314024
0.314038
0.314051
0.31408
0.314084
0.314114
0.314117
0.314157
0.31419
0.314203
0.314203
0.314204
0.314213
0.314214
0.314217
0.314228
0.314231
0.314237
0.314247
0.314253
0.31426
0.314264
0.314273
0.314283
0.314287
0.31429
0.31429
0.314301
0.314307
0.314307
0.31431
0.314323
0.314327
0.314333
0.314353
0.314357
0.314363
0.31437
0.314373
0.314396
0.314397
0.314397
0.314416
0.314443
0.314444
0.314447
0.314457
0.314467
0.314474
0.314487
0.314487
0.314496
0.314497
0.314497
0.314507
0.314514
0.314526
0.314527
0.314531
0.314544
0.314546
0.314547
0.31456
0.314567
0.314567
0.31459
0.314593
0.314611
0.314613
0.314621
0.314636
0.314637
0.31464
0.314654
0.314673
0.314677
0.314681
0.314696
0.3147
0.314701
0.314701
0.314704
0.314704
0.31471
0.31471
0.31471
0.314726
0.314728
0.314747
0.314747
0.31476
0.314763
0.314773
0.314773
0.31478
0.314786
0.31479
0.31479
0.314791
0.314795
0.314811
0.314811
0.31483
0.314847
0.31485
0.31486
0.314861
0.314867
0.31487
0.314876
0.314887
0.314893
0.314894
0.314894
0.314897
0.314908
0.31491
0.31491
0.314943
0.314946
0.31496
0.31496
0.314964
0.314974
0.314974
0.314978
0.31498
0.31498
0.31499
0.31499
0.314993
0.315003
0.315016
0.31502
0.315027
0.31503
0.315031
0.315033
0.315036
0.315054
0.315056
0.315063
0.315073
0.315074
0.315077
0.315093
0.315094
0.3151
0.315123
0.315124
0.315127
0.31514
0.315163
0.315167
0.31517
0.315187
0.315213
0.315247
0.31526
0.315274
0.315281
0.315283
0.315291
0.315293
0.315294
0.3153
0.315306
0.315313
0.315317
0.315354
0.315368
0.315371
0.315401
0.315404
0.315404
0.31541
0.31541
0.315414
0.315421
0.315423
0.315431
0.31544
0.315443
0.315443
0.315451
0.315454
0.315464
0.315471
0.315481
0.315483
0.315487
0.315497
0.315503
0.315517
0.315521
0.315537
0.31554
0.315557
0.315563
0.315573
0.315576
0.31558
0.315588
0.31559
0.315593
0.315601
0.315603
0.315606
0.315607
0.31561
0.315614
0.315616
0.31562
0.315627
0.31564
0.31564
0.315648
0.315651
0.315654
0.315678
0.315684
0.315688
0.31569
0.3157
0.315703
0.315707
0.31572
0.315727
0.315734
0.31574
0.315763
0.315773
0.315777
0.315784
0.315793
0.3158
0.315806
0.315833
0.315837
0.315844
0.315846
0.315854
0.315857
0.315867
0.315868
0.31588
0.315881
0.315884
0.315896
0.315907
0.315917
0.31592
0.315933
0.315938
0.31594
0.315945
0.315956
0.315957
0.315964
0.315971
0.315977
0.31598
0.315991
0.316003
0.316007
0.31601
0.316021
0.31603
0.31604
0.31604
0.316056
0.316061
0.316061
0.316063
0.316066
0.31607
0.31607
0.316078
0.316087
0.316104
0.316107
0.316123
0.316147
0.316158
0.316163
0.316163
0.316167
0.316183
0.316187
0.316197
0.316208
0.316214
0.31622
0.316261
0.316267
0.31629
0.316294
0.316296
0.316297
0.316314
0.316324
0.316334
0.316334
0.31635
0.316354
0.316354
0.316364
0.31637
0.316374
0.316384
0.31641
0.316415
0.316427
0.316427
0.316428
0.316434
0.316443
0.316443
0.316457
0.316457
0.31649
0.316494
0.316494
0.316496
0.316496
0.316497
0.316507
0.316517
0.316526
0.316533
0.316557
0.316557
0.316561
0.316567
0.316583
0.316584
0.316587
0.316587
0.316594
0.3166
0.31662
0.316627
0.31663
0.316641
0.31666
0.316667
0.31668
0.316695
0.3167
0.31671
0.316713
0.316717
0.316728
0.316734
0.316734
0.316736
0.316737
0.316744
0.316744
0.31677
0.316773
0.316781
0.316784
0.316794
0.3168
0.316807
0.316816
0.316826
0.31683
0.316844
0.316864
0.31687
0.316873
0.316874
0.316881
0.316884
0.316888
0.316894
0.316904
0.316907
0.316913
0.316927
0.316928
0.316937
0.316947
0.316964
0.316974
0.316976
0.316977
0.316997
0.317001
0.317001
0.317017
0.317027
0.31703
0.317033
0.317037
0.317046
0.317048
0.317053
0.317058
0.317068
0.31708
0.317084
0.317087
0.31709
0.317093
0.317093
0.3171
0.317108
0.317115
0.317124
0.317137
0.317143
0.31715
0.317164
0.31717
0.317173
0.31718
0.317184
0.317197
0.3172
0.31723
0.317238
0.31724
0.317243
0.317244
0.31725
0.317256
0.317257
0.317257
0.31727
0.317271
0.317277
0.317278
0.317278
0.31728
0.317284
0.317287
0.31729
0.317293
0.317301
0.317301
0.317304
0.31732
0.31732
0.317333
0.317343
0.317343
0.317387
0.31739
0.31739
0.317394
0.317395
0.317401
0.317404
0.317413
0.317417
0.317426
0.317431
0.317444
0.317447
0.317453
0.317474
0.317477
0.31749
0.317491
0.317537
0.317547
0.317547
0.317553
0.317556
0.317566
0.317577
0.317583
0.317583
0.317607
0.317623
0.317637
0.317654
0.31766
0.31767
0.317671
0.31768
0.317683
0.317688
0.317693
0.317704
0.317704
0.317714
0.317734
0.317777
0.317784
0.317794
0.3178
0.317801
0.317806
0.317811
0.317817
0.317817
0.317833
0.317857
0.317867
0.31787
0.31788
0.31788
0.317887
0.317894
0.317903
0.317904
0.31792
0.317941
0.317957
0.31798
0.317984
0.317996
0.318
0.318003
0.318008
0.31804
0.318041
0.318053
0.318053
0.318057
0.318083
0.318084
0.318087
0.318101
0.318107
0.318131
0.31814
0.318147
0.318153
0.318167
0.318173
0.318173
0.318178
0.318191
0.318194
0.3182
0.318204
0.318213
0.318227
0.318233
0.31824
0.318264
0.318266
0.318277
0.318287
0.318297
0.318307
0.318338
0.318357
0.31838
0.31838
0.318394
0.318397
0.318401
0.31841
0.318426
0.318427
0.318457
0.318457
0.318466
0.31847
0.318476
0.318483
0.318484
0.31849
0.318497
0.318517
0.31852
0.318526
0.318537
0.318543
0.318556
0.318564
0.31857
0.318577
0.318616
0.318617
0.31862
0.318635
0.31864
0.318643
0.318644
0.31867
0.318671
0.318677
0.31869
0.318694
0.3187
0.31871
0.318717
0.31873
0.318736
0.318737
0.31874
0.318742
0.318748
0.318757
0.318767
0.318786
0.318787
0.318824
0.31883
0.31884
0.318844
0.318847
0.318857
0.31886
0.318873
0.31888
0.318893
0.318901
0.318916
0.31892
0.31892
0.318927
0.318937
0.31895
0.318954
0.318957
0.31896
0.31898
0.318983
0.318987
0.318997
0.319005
0.319007
0.31901
0.319014
0.319024
0.31903
0.31903
0.319037
0.319038
0.319043
0.319047
0.319056
0.31906
0.31906
0.319064
0.319064
0.319065
0.319073
0.319077
0.31908
0.31908
0.31909
0.3191
0.319113
0.319117
0.319126
0.319163
0.319163
0.31918
0.31918
0.319183
0.319187
0.319187
0.31919
0.319193
0.319197
0.31922
0.319227
0.31923
0.319234
0.31926
0.319263
0.319273
0.319277
0.319278
0.31929
0.319297
0.31931
0.319316
0.31932
0.31934
0.31938
0.319383
0.319394
0.319397
0.31941
0.319424
0.319427
0.31943
0.319445
0.319447
0.31945
0.319454
0.319461
0.319466
0.319484
0.319484
0.319504
0.319504
0.319504
0.319507
0.319507
0.319517
0.319517
0.319533
0.31955
0.31956
0.319567
0.319568
0.319597
0.319597
0.319601
0.319604
0.319614
0.319618
0.319626
0.319627
0.31963
0.319637
0.31964
0.319644
0.319653
0.319654
0.319663
0.319667
0.319667
0.319676
0.319687
0.319687
0.319711
0.319721
0.319723
0.319723
0.319727
0.319727
0.31974
0.319743
0.319764
0.319767
0.319784
0.319798
0.31982
0.319821
0.319837
0.319843
0.319847
0.319857
0.319867
0.319887
0.319913
0.319923
0.319924
0.319954
0.319961
0.319968
0.31997
0.319987
0.320004
0.320007
0.320017
0.320043
0.320053
0.320064
0.320064
0.32007
0.320084
0.320086
0.32009
0.32009
0.32009
0.320094
0.320097
0.32012
0.320131
0.32014
0.320147
0.320148
0.320157
0.32016
0.320166
0.320181
0.320183
0.320197
0.320207
0.32021
0.320214
0.320214
0.32022
0.320224
0.320241
0.320244
0.320263
0.320263
0.320266
0.32027
0.320277
0.320284
0.32029
0.320303
0.32031
0.320313
0.320326
0.32033
0.320333
0.320344
0.320347
0.320347
0.320363
0.320374
0.32038
0.320387
0.320394
0.32041
0.320421
0.320421
0.320433
0.320447
0.32045
0.320454
0.320474
0.32048
0.320487
0.320496
0.320498
0.3205
0.320507
0.320523
0.320524
0.320547
0.32056
0.320566
0.320574
0.32058
0.320586
0.320594
0.32061
0.320621
0.320634
0.320658
0.32066
0.32067
0.320674
0.320677
0.320683
0.320688
0.32069
0.320693
0.320704
0.320704
0.320704
0.320705
0.320716
0.320743
0.320744
0.320747
0.320757
0.320763
0.320777
0.32079
0.320794
0.320804
0.32081
0.320818
0.320837
0.32084
0.32084
0.320843
0.320854
0.320857
0.320865
0.320871
0.320874
0.320876
0.320903
0.320904
0.320914
0.320917
0.320928
0.320937
0.320937
0.32094
0.320941
0.320944
0.320947
0.32095
0.320974
0.320986
0.321017
0.321026
0.321033
0.321036
0.321044
0.321067
0.32107
0.321073
0.321084
0.321103
0.321114
0.321123
0.321124
0.32113
0.32113
0.321131
0.321131
0.32114
0.321151
0.321151
0.32116
0.321165
0.32117
0.32117
0.321174
0.321181
0.321194
0.321204
0.321213
0.321218
0.321224
0.321237
0.32124
0.321244
0.321244
0.321246
0.321256
0.321257
0.321257
0.321277
0.321306
0.321307
0.321314
0.32132
0.321324
0.321356
0.321377
0.32138
0.321407
0.32141
0.321416
0.321423
0.32143
0.321434
0.321461
0.321464
0.321474
0.32148
0.32149
0.321491
0.321496
0.3215
0.321507
0.321507
0.32151
0.321513
0.321516
0.321521
0.321533
0.321541
0.321568
0.32157
0.321577
0.32158
0.321583
0.321593
0.321607
0.32161
0.32162
0.321627
0.321653
0.321657
0.32167
0.321678
0.3217
0.3217
0.321703
0.321713
0.321714
0.321717
0.32172
0.321727
0.321728
0.321736
0.32176
0.321763
0.32177
0.321777
0.321777
0.321777
0.321787
0.321797
0.321801
0.321804
0.32181
0.32181
0.321831
0.32185
0.321864
0.321866
0.321867
0.32187
0.32187
0.321881
0.321887
0.321896
0.321897
0.3219
0.321904
0.321911
0.321915
0.321923
0.321923
0.321927
0.321927
0.321931
0.321937
0.321937
0.321941
0.321943
0.32196
0.321961
0.32197
0.32199
0.322
0.322
0.322006
0.322024
0.322025
0.322056
0.322061
0.322084
0.32209
0.322093
0.322107
0.32214
0.322143
0.322151
0.322154
0.322164
0.322167
0.322188
0.322193
0.322197
0.3222
0.322204
0.322236
0.32224
0.322257
0.322261
0.322273
0.322276
0.322287
0.32229
0.322296
0.322321
0.322324
0.322326
0.322327
0.322334
0.322337
0.32234
0.322347
0.322354
0.322363
0.322367
0.322373
0.322374
0.322387
0.322404
0.322423
0.32245
0.32245
0.322454
0.322466
0.32247
0.322474
0.322477
0.322484
0.322496
0.322497
0.322511
0.32252
0.322556
0.322557
0.322561
0.322567
0.32257
0.322581
0.322583
0.322597
0.3226
0.32261
0.322613
0.322617
0.322618
0.322627
0.322631
0.322635
0.322637
0.322654
0.32266
0.322664
0.322664
0.32269
0.322693
0.322703
0.322703
0.322703
0.32271
0.322711
0.322717
0.322724
0.32273
0.32274
0.322748
0.32275
0.322757
0.322773
0.322787
0.32279
0.322807
0.32281
0.322813
0.322817
0.32283
0.32286
0.322863
0.322873
0.322877
0.32288
0.322904
0.32291
0.322918
0.32292
0.322927
0.322933
0.32295
0.322956
0.322964
0.32297
0.322977
0.322984
0.322991
0.322993
0.322994
0.322994
0.322994
0.323004
0.323007
0.32301
0.323017
0.32302
0.323026
0.323027
0.323047
0.32305
0.323051
0.323057
0.32306
0.32306
0.323071
0.32308
0.323081
0.323103
0.323111
0.32313
0.323134
0.323136
0.323143
0.323144
0.323155
0.323224
0.323226
0.323227
0.323227
0.323231
0.32325
0.323254
0.323271
0.323308
0.323314
0.323327
0.323333
0.323336
0.323337
0.323348
0.323354
0.323381
0.32339
0.323394
0.32341
0.323414
0.323417
0.323423
0.323423
0.323428
0.323434
0.32345
0.323453
0.323454
0.323466
0.32348
0.323481
0.323503
0.323521
0.323527
0.32354
0.323551
0.323557
0.323557
0.323561
0.323564
0.32357
0.32359
0.323593
0.323607
0.323607
0.323611
0.323613
0.32362
0.32362
0.323643
0.323651
0.323654
0.323667
0.32368
0.323703
0.323704
0.323711
0.323713
0.323714
0.32372
0.323728
0.323741
0.323744
0.323745
0.32376
0.323761
0.323761
0.32377
0.323783
0.323801
0.323811
0.32382
0.323823
0.32383
0.323833
0.323847
0.323847
0.323861
0.323873
0.323884
0.323884
0.323884
0.323904
0.323904
0.323914
0.323918
0.32393
0.323933
0.323946
0.323953
0.323957
0.323967
0.323968
0.323976
0.32398
0.323986
0.32399
0.323997
0.324003
0.324003
0.324007
0.324007
0.324007
0.324027
0.324033
0.324034
0.324041
0.32405
0.324054
0.324074
0.32408
0.324084
0.324094
0.32411
0.324121
0.324123
0.324127
0.32413
0.32413
0.324133
0.324134
0.324138
0.324147
0.32415
0.324166
0.324174
0.32418
0.324184
0.324194
0.324196
0.3242
0.324201
0.324213
0.324216
0.32422
0.324253
0.324264
0.324264
0.32427
0.324271
0.324278
0.324314
0.324321
0.324345
0.324353
0.324354
0.324354
0.324358
0.324371
0.324407
0.324407
0.324408
0.324408
0.32442
0.324424
0.32444
0.324444
0.324446
0.324461
0.324465
0.32447
0.324474
0.324475
0.324478
0.324484
0.324491
0.324501
0.324503
0.324506
0.324507
0.324527
0.324528
0.32453
0.32454
0.32454
0.324543
0.324547
0.32459
0.324594
0.3246
0.324617
0.324638
0.324651
0.32466
0.324663
0.324668
0.324678
0.324684
0.324684
0.32469
0.324693
0.324731
0.324736
0.324743
0.324747
0.32476
0.32476
0.324763
0.324763
0.32477
0.324777
0.32478
0.324794
0.3248
0.324814
0.324816
0.324824
0.324833
0.324871
0.324873
0.32488
0.324887
0.32489
0.324894
0.324898
0.32491
0.32494
0.324944
0.324957
0.324968
0.324978
0.324984
0.324993
0.325001
0.325001
0.325004
0.325007
0.325027
0.325028
0.325043
0.325053
0.325054
0.325057
0.32506
0.32507
0.325074
0.325083
0.325084
0.32509
0.325093
0.325094
0.3251
0.325101
0.325104
0.32511
0.325121
0.325134
0.32514
0.325146
0.325147
0.325147
0.32515
0.32516
0.325194
0.3252
0.3252
0.325204
0.325218
0.325225
0.325231
0.325234
0.325237
0.325243
0.325257
0.32526
0.325264
0.32529
0.3253
0.325303
0.32531
0.325314
0.32535
0.325364
0.325374
0.325384
0.325386
0.325417
0.325423
0.325443
0.325448
0.325451
0.325453
0.325463
0.325478
0.325494
0.325501
0.325504
0.32551
0.325513
0.32552
0.32552
0.325527
0.32553
0.325537
0.325544
0.325544
0.32555
0.32557
0.325577
0.32558
0.325584
0.32559
0.325593
0.3256
0.3256
0.325636
0.325637
0.32565
0.325656
0.325657
0.32566
0.325666
0.325666
0.325684
0.325713
0.325717
0.32573
0.325743
0.32576
0.32576
0.32576
0.325761
0.325774
0.325783
0.325788
0.32579
0.325791
0.325797
0.325811
0.325818
0.325833
0.325835
0.325844
0.325847
0.32586
0.32587
0.325874
0.32588
0.32589
0.32589
0.325891
0.325898
0.325903
0.325907
0.325911
0.32593
0.325947
0.325957
0.325963
0.325964
0.325974
0.32599
0.32599
0.325994
0.326004
0.326031
0.326037
0.326047
0.326064
0.326081
0.326093
0.326094
0.326094
0.326097
0.3261
0.32612
0.326124
0.32616
0.326167
0.326173
0.326174
0.326178
0.32619
0.3262
0.326201
0.326207
0.326207
0.326214
0.32622
0.32622
0.326223
0.326233
0.32624
0.326243
0.326257
0.326261
0.326261
0.326271
0.32628
0.326293
0.326294
0.326301
0.326337
0.326341
0.326347
0.326357
0.326363
0.326364
0.326371
0.32639
0.32639
0.326394
0.326397
0.32642
0.326434
0.32645
0.326457
0.326477
0.3265
0.326513
0.326517
0.326531
0.326556
0.326557
0.32656
0.326566
0.32657
0.326573
0.326581
0.326587
0.326594
0.326614
0.326616
0.326624
0.326627
0.326643
0.326644
0.326653
0.326657
0.326658
0.32666
0.326661
0.326694
0.326694
0.326696
0.326697
0.326727
0.326734
0.32674
0.326741
0.326747
0.32675
0.32675
0.326761
0.32679
0.3268
0.3268
0.32681
0.326823
0.326824
0.326826
0.326826
0.32684
0.32684
0.326857
0.326866
0.32687
0.326873
0.326886
0.326888
0.326904
0.326916
0.326953
0.326956
0.326971
0.326978
0.326987
0.327003
0.327007
0.327028
0.32703
0.327031
0.327057
0.327066
0.32708
0.327091
0.327097
0.3271
0.3271
0.327114
0.32712
0.32712
0.327127
0.327131
0.32715
0.32715
0.327157
0.327177
0.327194
0.327217
0.32722
0.327223
0.327223
0.327233
0.327237
0.327246
0.327257
0.327265
0.327288
0.32729
0.327314
0.32732
0.327327
0.327331
0.327343
0.327347
0.327357
0.327364
0.327364
0.327364
0.327366
0.327373
0.327383
0.327386
0.32739
0.327394
0.3274
0.3274
0.32741
0.327414
0.327417
0.327427
0.327427
0.32743
0.327486
0.327491
0.327507
0.327514
0.327523
0.32753
0.327587
0.327607
0.327611
0.327613
0.327613
0.327614
0.327614
0.327614
0.327616
0.327637
0.32764
0.327643
0.327644
0.327647
0.32765
0.327657
0.327657
0.32767
0.327673
0.327677
0.327677
0.327744
0.327754
0.327755
0.327757
0.327757
0.32778
0.327794
0.327807
0.327807
0.32781
0.327824
0.327844
0.327844
0.327845
0.327847
0.327853
0.327863
0.327876
0.327897
0.327913
0.327913
0.327945
0.327954
0.32796
0.327964
0.327967
0.327971
0.327971
0.327984
0.327987
0.327994
0.327996
0.328001
0.328012
0.32802
0.328036
0.328043
0.328047
0.328068
0.32807
0.328073
0.32808
0.328097
0.328103
0.328114
0.32812
0.32814
0.328157
0.328164
0.328177
0.328178
0.328194
0.328198
0.328203
0.328204
0.328217
0.328227
0.32824
0.32825
0.328253
0.32827
0.328293
0.328297
0.328297
0.328317
0.328318
0.328338
0.32834
0.32837
0.328374
0.328377
0.32838
0.328383
0.328383
0.328383
0.32839
0.328396
0.3284
0.328401
0.328403
0.328404
0.328404
0.328431
0.328433
0.32844
0.328441
0.328447
0.328458
0.328463
0.328474
0.328507
0.328518
0.328526
0.328535
0.32854
0.32855
0.328553
0.32856
0.32857
0.328573
0.32859
0.32862
0.328627
0.32863
0.328647
0.328653
0.328658
0.32866
0.328674
0.32868
0.328687
0.328694
0.328707
0.328714
0.328721
0.328727
0.328734
0.328734
0.328737
0.32874
0.328744
0.328751
0.328757
0.328773
0.328806
0.328821
0.32883
0.328837
0.328847
0.328847
0.328847
0.328854
0.328857
0.328865
0.32887
0.32888
0.328881
0.328884
0.328887
0.328894
0.328894
0.328921
0.328931
0.328944
0.328953
0.32896
0.328963
0.328978
0.328997
0.329004
0.329021
0.329027
0.329027
0.32904
0.329061
0.329061
0.32907
0.329074
0.329077
0.329084
0.329087
0.329105
0.329113
0.329114
0.329127
0.329128
0.32914
0.32915
0.32916
0.329161
0.329164
0.329174
0.329181
0.329194
0.329204
0.329213
0.329241
0.329247
0.329247
0.32925
0.329267
0.32927
0.32927
0.329287
0.3293
0.3293
0.329307
0.32931
0.329311
0.329337
0.329338
0.329344
0.329347
0.329351
0.329354
0.329354
0.329396
0.329403
0.329406
0.32942
0.329423
0.329424
0.329426
0.329441
0.32945
0.32945
0.329463
0.329483
0.329504
0.32951
0.329517
0.329528
0.329537
0.329543
0.329545
0.32956
0.329563
0.329567
0.329574
0.329581
0.329584
0.329587
0.329587
0.329594
0.329603
0.329607
0.329614
0.329617
0.32962
0.329628
0.329671
0.329671
0.329677
0.32968
0.329684
0.329687
0.329694
0.3297
0.329723
0.329724
0.329727
0.32973
0.32973
0.329731
0.329733
0.329753
0.329784
0.329788
0.32981
0.329816
0.329821
0.329838
0.329847
0.329847
0.329854
0.329883
0.32989
0.32989
0.329896
0.329898
0.329907
0.329913
0.329954
0.329967
0.329973
0.329977
0.32998
0.32999
0.329991
0.329993
0.329998
0.330003
0.330004
0.330008
0.330017
0.33002
0.33003
0.33003
0.33004
0.330064
0.330067
0.330077
0.330081
0.330084
0.330103
0.330103
0.330111
0.330114
0.330123
0.330124
0.330127
0.330136
0.330147
0.330187
0.330191
0.330207
0.330214
0.330226
0.330227
0.330233
0.33024
0.330244
0.330244
0.330273
0.330274
0.33028
0.330283
0.330287
0.330291
0.330311
0.33032
0.330367
0.33037
0.330377
0.33038
0.330396
0.330397
0.3304
0.330413
0.33042
0.33042
0.330424
0.330425
0.330431
0.330433
0.330441
0.33048
0.330487
0.33049
0.330495
0.330533
0.330543
0.330551
0.33056
0.330581
0.330597
0.330617
0.330634
0.330641
0.330641
0.330644
0.33065
0.33065
0.330664
0.330664
0.330677
0.330677
0.330714
0.330717
0.330743
0.330747
0.330751
0.33076
0.33077
0.330787
0.330787
0.33081
0.330813
0.330813
0.330817
0.330833
0.330834
0.330863
0.330866
0.330877
0.330883
0.330941
0.330943
0.330957
0.330974
0.330974
0.330976
0.330987
0.331
0.331007
0.331008
0.331018
0.331034
0.331037
0.331044
0.33105
0.331054
0.331058
0.331063
0.331067
0.331067
0.331073
0.331078
0.331081
0.331091
0.331096
0.331106
0.331107
0.331113
0.331114
0.331124
0.331124
0.33113
0.33113
0.331144
0.331156
0.331167
0.331173
0.331174
0.331177
0.331188
0.331195
0.3312
0.331204
0.33122
0.33124
0.331247
0.33126
0.331294
0.3313
0.33131
0.331314
0.331317
0.33132
0.33133
0.331336
0.331337
0.33134
0.331344
0.331344
0.331355
0.331363
0.331377
0.331377
0.331388
0.331397
0.33141
0.331456
0.331468
0.331494
0.3315
0.3315
0.33151
0.331514
0.331524
0.33154
0.331541
0.331547
0.33156
0.331567
0.33157
0.331571
0.331581
0.331587
0.33159
0.331597
0.331611
0.33162
0.331625
0.331634
0.331653
0.331655
0.33166
0.33166
0.33166
0.331667
0.331674
0.331687
0.331696
0.33171
0.331711
0.331714
0.331721
0.331744
0.331757
0.331776
0.33178
0.331786
0.331801
0.331803
0.331807
0.331821
0.33183
0.331831
0.331836
0.331867
0.331874
0.33188
0.331883
0.33191
0.331927
0.33193
0.331933
0.331934
0.331944
0.331954
0.331957
0.331964
0.331973
0.331973
0.331984
0.331984
0.332
0.332003
0.332014
0.332033
0.332034
0.332036
0.332041
0.332041
0.33205
0.332054
0.332054
0.332057
0.33206
0.332071
0.332073
0.332074
0.332074
0.332097
0.332098
0.332107
0.332117
0.332124
0.332154
0.332167
0.332174
0.332174
0.332184
0.3322
0.332207
0.332213
0.332223
0.332227
0.332227
0.332254
0.332274
0.33228
0.332288
0.332291
0.332293
0.332297
0.3323
0.3323
0.332304
0.332306
0.332307
0.33231
0.33233
0.332334
0.332337
0.332347
0.332354
0.332361
0.332367
0.332368
0.33237
0.332376
0.33238
0.332394
0.332404
0.332411
0.332417
0.332447
0.332456
0.332458
0.33246
0.33248
0.332487
0.332487
0.332497
0.332507
0.332514
0.332517
0.332518
0.33253
0.332533
0.332536
0.332544
0.33255
0.33256
0.332568
0.332571
0.332571
0.33258
0.33259
0.332597
0.332603
0.332613
0.332614
0.332616
0.33262
0.332621
0.332623
0.332624
0.332624
0.332628
0.33263
0.332634
0.33264
0.332668
0.332684
0.332687
0.33271
0.33271
0.332727
0.332731
0.332747
0.332753
0.332764
0.332774
0.332788
0.33279
0.332793
0.332796
0.332804
0.332811
0.332843
0.332843
0.332851
0.332857
0.33286
0.332863
0.332868
0.332873
0.332873
0.332894
0.332897
0.332907
0.332911
0.33293
0.332933
0.33294
0.332948
0.332957
0.332961
0.332978
0.33298
0.332986
0.332994
0.332997
0.333
0.333007
0.333023
0.33303
0.33303
0.333044
0.333053
0.333053
0.333054
0.333077
0.33308
0.333081
0.33309
0.333096
0.333101
0.333108
0.333127
0.33314
0.33314
0.333164
0.333168
0.333174
0.333176
0.333177
0.333194
0.333194
0.333233
0.333243
0.33325
0.33325
0.333256
0.333283
0.333303
0.33331
0.333318
0.333324
0.333324
0.333336
0.333343
0.333347
0.333361
0.333361
0.333364
0.333369
0.33337
0.333381
0.333383
0.333387
0.33339
0.333417
0.33345
0.33345
0.33346
0.333463
0.333464
0.333464
0.333467
0.333474
0.333477
0.333493
0.333497
0.33351
0.33351
0.333518
0.333521
0.33353
0.333534
0.333534
0.333535
0.333538
0.333563
0.333563
0.333573
0.333573
0.333576
0.333598
0.3336
0.333601
0.333613
0.333613
0.333624
0.333627
0.33363
0.33363
0.333647
0.33365
0.333651
0.333653
0.333657
0.333661
0.33367
0.333671
0.333673
0.333684
0.333687
0.33369
0.333693
0.333697
0.333706
0.333714
0.333724
0.33373
0.33373
0.333754
0.333758
0.333761
0.333774
0.33378
0.333781
0.333787
0.333798
0.3338
0.3338
0.3338
0.333821
0.333827
0.333865
0.33387
0.333898
0.333921
0.33393
0.333936
0.333937
0.333941
0.333943
0.333947
0.333947
0.333947
0.333948
0.333957
0.333961
0.333967
0.33399
0.334
0.334007
0.334014
0.334034
0.334043
0.334048
0.334057
0.334071
0.334091
0.334094
0.334103
0.334114
0.334117
0.334126
0.334127
0.334147
0.334153
0.334181
0.334183
0.334186
0.334193
0.334227
0.334228
0.334231
0.334237
0.33424
0.334243
0.334254
0.334261
0.334264
0.334281
0.334284
0.334287
0.334293
0.334294
0.334303
0.334307
0.33431
0.33431
0.334321
0.334324
0.334327
0.334338
0.334371
0.334381
0.334384
0.33439
0.334394
0.334404
0.33442
0.33442
0.33443
0.334436
0.334443
0.334451
0.334453
0.334467
0.334476
0.334493
0.3345
0.33452
0.334523
0.334543
0.334563
0.334564
0.334564
0.334573
0.33463
0.33465
0.334654
0.33466
0.334664
0.334667
0.33469
0.334694
0.334697
0.3347
0.334701
0.334703
0.334707
0.334713
0.334724
0.334753
0.334756
0.334764
0.334787
0.334797
0.334814
0.334817
0.334823
0.334826
0.334827
0.334827
0.334856
0.334863
0.334867
0.334877
0.334883
0.334917
0.334924
0.334926
0.334927
0.33493
0.334941
0.334944
0.334954
0.33498
0.33499
0.334993
0.334997
0.33503
0.335033
0.335034
0.33506
0.33507
0.335071
0.335073
0.335077
0.335077
0.335086
0.335094
0.335097
0.335104
0.33511
0.335114
0.335124
0.335143
0.335154
0.335157
0.335167
0.335177
0.33518
0.335183
0.33519
0.335204
0.335218
0.335237
0.33524
0.33524
0.33524
0.335246
0.335247
0.335254
0.335257
0.335257
0.33527
0.335278
0.335307
0.335326
0.335363
0.335377
0.335384
0.335397
0.335407
0.335423
0.33543
0.335433
0.335433
0.335436
0.335444
0.335448
0.33545
0.33546
0.335461
0.33547
0.33547
0.33548
0.33548
0.335484
0.335486
0.33549
0.335498
0.3355
0.3355
0.3355
0.335504
0.335507
0.335524
0.335544
0.335548
0.335557
0.335558
0.33556
0.335574
0.335581
0.335583
0.335586
0.335601
0.335614
0.335614
0.335633
0.335633
0.335634
0.335644
0.335647
0.33565
0.33566
0.335661
0.335676
0.335677
0.335678
0.33569
0.335691
0.335694
0.335703
0.335714
0.335716
0.335757
0.33576
0.335787
0.335804
0.335807
0.335813
0.335813
0.335823
0.335837
0.335838
0.33584
0.33584
0.335857
0.335857
0.33588
0.33588
0.335881
0.335883
0.335883
0.335897
0.335897
0.3359
0.335901
0.335904
0.335917
0.335921
0.335927
0.33593
0.335936
0.335937
0.335941
0.335941
0.335953
0.335958
0.335964
0.33597
0.335971
0.335975
0.335977
0.335987
0.336007
0.336017
0.33602
0.336023
0.336025
0.336034
0.33605
0.336056
0.33606
0.336067
0.336068
0.33607
0.336077
0.336077
0.33608
0.336108
0.336111
0.336114
0.336116
0.336117
0.33612
0.336124
0.336127
0.336128
0.336134
0.336151
0.336154
0.336157
0.336164
0.336164
0.336187
0.336193
0.336214
0.33622
0.336224
0.336227
0.33626
0.336275
0.336277
0.336284
0.336303
0.336304
0.336307
0.336331
0.336336
0.336337
0.336344
0.336344
0.336348
0.336354
0.336357
0.33636
0.336364
0.336388
0.336391
0.336394
0.336396
0.3364
0.33641
0.336411
0.33642
0.336426
0.336437
0.336438
0.336441
0.336441
0.336443
0.336443
0.336454
0.336458
0.336464
0.33647
0.33647
0.33648
0.33648
0.33648
0.33648
0.336497
0.336497
0.336508
0.33651
0.33653
0.336536
0.33654
0.336553
0.336554
0.336564
0.336567
0.336567
0.33657
0.336573
0.336587
0.33659
0.336607
0.336614
0.336623
0.336623
0.336647
0.336654
0.336658
0.336663
0.336667
0.33667
0.336674
0.336684
0.336704
0.336723
0.336728
0.336736
0.33674
0.336743
0.336743
0.336746
0.336757
0.336767
0.336773
0.33678
0.336787
0.336793
0.336797
0.336804
0.33682
0.336824
0.336833
0.336833
0.336844
0.33685
0.336854
0.336854
0.336855
0.336874
0.336884
0.336886
0.336917
0.336921
0.336921
0.33693
0.336931
0.336931
0.33695
0.336951
0.336951
0.336954
0.336956
0.33698
0.33698
0.337001
0.337003
0.337008
0.337013
0.337024
0.337034
0.337052
0.337057
0.337071
0.337081
0.337081
0.337087
0.337093
0.33711
0.337117
0.33712
0.337126
0.33713
0.337133
0.337133
0.337134
0.337135
0.337143
0.337144
0.33719
0.337193
0.337213
0.337214
0.33722
0.337224
0.337235
0.337241
0.337244
0.337247
0.337256
0.337277
0.337285
0.337293
0.337303
0.33731
0.337333
0.337334
0.337334
0.337334
0.337337
0.337337
0.337343
0.337357
0.337363
0.33739
0.33743
0.33744
0.337454
0.337458
0.337461
0.337467
0.337474
0.33748
0.33748
0.337484
0.3375
0.337501
0.337504
0.33751
0.33752
0.337546
0.337547
0.337551
0.33757
0.33757
0.33757
0.33759
0.337593
0.337593
0.337603
0.337604
0.337624
0.337624
0.337631
0.337633
0.337644
0.337647
0.337663
0.337667
0.337671
0.337687
0.337687
0.337691
0.337704
0.337706
0.337721
0.337727
0.337731
0.337747
0.337751
0.337757
0.337785
0.337797
0.3378
0.337827
0.337857
0.33788
0.337883
0.337887
0.337897
0.337905
0.33791
0.337927
0.337934
0.337938
0.337943
0.337963
0.337967
0.337976
0.337987
0.337993
0.337997
0.337997
0.33801
0.33801
0.338013
0.338017
0.33803
0.338034
0.338036
0.338037
0.338047
0.33805
0.33805
0.338054
0.338073
0.338084
0.338088
0.338117
0.338121
0.338133
0.338137
0.338147
0.338167
0.338167
0.338174
0.33818
0.338184
0.338184
0.338201
0.338203
0.338205
0.338227
0.338233
0.338247
0.338256
0.338263
0.338267
0.338278
0.338284
0.338284
0.338287
0.33829
0.338317
0.338326
0.33835
0.338351
0.338386
0.338386
0.338397
0.338406
0.338408
0.338423
0.338434
0.338453
0.338453
0.338477
0.338481
0.338483
0.338493
0.338504
0.33851
0.338511
0.338513
0.33854
0.338548
0.33855
0.338554
0.338555
0.338557
0.338565
0.338567
0.33857
0.338576
0.338577
0.338577
0.338578
0.338583
0.338583
0.33859
0.33859
0.338617
0.338636
0.338637
0.33865
0.338651
0.338667
0.338673
0.338674
0.338687
0.33869
0.338711
0.338713
0.338724
0.338733
0.338733
0.338734
0.338737
0.338737
0.338738
0.33874
0.338747
0.338753
0.338768
0.338768
0.338776
0.338777
0.33878
0.338797
0.338803
0.338804
0.33882
0.338827
0.338838
0.338843
0.338847
0.33885
0.338858
0.338864
0.33887
0.338877
0.338883
0.338884
0.338884
0.33889
0.338896
0.3389
0.338923
0.33894
0.338941
0.338943
0.338947
0.33895
0.338964
0.33897
0.338974
0.338976
0.338983
0.338984
0.338986
0.33899
0.338994
0.339003
0.339007
0.339013
0.339014
0.33902
0.339026
0.339028
0.339033
0.33904
0.339043
0.339043
0.339051
0.339061
0.339066
0.33907
0.339076
0.33908
0.339084
0.339084
0.339087
0.339106
0.33911
0.339114
0.339117
0.33912
0.339131
0.339137
0.339137
0.33915
0.339161
0.339167
0.339171
0.339176
0.33918
0.339187
0.33919
0.3392
0.3392
0.339204
0.339211
0.339217
0.339227
0.33923
0.339263
0.339267
0.339267
0.339273
0.339274
0.339287
0.339287
0.339293
0.339294
0.3393
0.3393
0.339318
0.339321
0.339326
0.33933
0.339333
0.339334
0.339337
0.33934
0.339343
0.339351
0.339351
0.339356
0.339357
0.339383
0.339394
0.3394
0.339403
0.339404
0.339416
0.339425
0.339447
0.339451
0.339453
0.339457
0.33948
0.339488
0.33949
0.33949
0.339497
0.339504
0.339507
0.339514
0.339517
0.33952
0.33952
0.339524
0.339533
0.339534
0.33954
0.339553
0.339554
0.339557
0.339567
0.339574
0.339584
0.339584
0.339587
0.339591
0.339597
0.3396
0.3396
0.339607
0.33962
0.339623
0.339623
0.339633
0.339643
0.339643
0.339647
0.33965
0.339657
0.339657
0.339686
0.339707
0.33971
0.339717
0.339721
0.33973
0.339736
0.339736
0.33974
0.33974
0.33975
0.339754
0.339758
0.339772
0.339777
0.339783
0.339797
0.339807
0.339814
0.339814
0.33983
0.339831
0.339837
0.339837
0.339843
0.339844
0.339851
0.339857
0.33986
0.339868
0.339874
0.339874
0.33988
0.339888
0.339891
0.3399
0.339907
0.339909
0.33991
0.339911
0.339926
0.339926
0.339934
0.339958
0.33996
0.339967
0.339967
0.339977
0.339983
0.339993
0.34
0.340004
0.34001
0.340017
0.340024
0.340027
0.34005
0.340067
0.340083
0.34009
0.340097
0.340103
0.340134
0.34015
0.340157
0.34016
0.34017
0.340176
0.340177
0.34018
0.340186
0.340204
0.340207
0.34023
0.340236
0.340238
0.340251
0.340251
0.340267
0.340271
0.34028
0.340283
0.340287
0.3403
0.340307
0.34032
0.340321
0.34033
0.340331
0.34036
0.340367
0.34037
0.340384
0.340391
0.340404
0.340413
0.340413
0.340417
0.340441
0.340444
0.340447
0.340447
0.340454
0.340456
0.340466
0.34048
0.340483
0.340493
0.340497
0.340507
0.34052
0.34052
0.340523
0.34053
0.340531
0.340536
0.340537
0.340554
0.340557
0.340563
0.340577
0.340581
0.340593
0.340594
0.340603
0.340606
0.34063
0.340651
0.340657
0.340663
0.340664
0.340667
0.3407
0.3407
0.340707
0.34072
0.34073
0.34074
0.340743
0.340747
0.340757
0.340758
0.340763
0.340763
0.340774
0.340784
0.340794
0.340804
0.340807
0.34081
0.34081
0.340817
0.340817
0.340823
0.340831
0.340833
0.340837
0.340844
0.340846
0.340853
0.340857
0.340864
0.340864
0.340873
0.340901
0.340901
0.34091
0.340911
0.340913
0.340913
0.340913
0.340924
0.340926
0.340931
0.340934
0.34094
0.340944
0.340947
0.34095
0.34096
0.34096
0.340967
0.340981
0.340994
0.341
0.341003
0.341004
0.341007
0.341007
0.341018
0.341027
0.341054
0.341058
0.341064
0.34107
0.341077
0.341077
0.341084
0.341088
0.34111
0.341124
0.341137
0.341137
0.341144
0.341158
0.341168
0.341171
0.341176
0.341181
0.341194
0.341197
0.3412
0.341223
0.341233
0.341234
0.341238
0.341247
0.34125
0.34125
0.341268
0.34127
0.341291
0.341294
0.341303
0.341307
0.341307
0.341315
0.341317
0.34134
0.341343
0.341347
0.341348
0.341373
0.34138
0.34139
0.341396
0.341397
0.34141
0.341427
0.341429
0.341434
0.34144
0.34145
0.341474
0.341478
0.341494
0.3415
0.341504
0.34151
0.341511
0.341515
0.341517
0.34152
0.341531
0.341531
0.341537
0.341547
0.34155
0.341554
0.341557
0.341593
0.341601
0.341624
0.341626
0.341634
0.341635
0.341635
0.34164
0.34165
0.341681
0.341706
0.34172
0.341724
0.341733
0.34174
0.341744
0.341753
0.34177
0.341781
0.341787
0.341798
0.34181
0.34181
0.341823
0.341824
0.341834
0.341836
0.341837
0.341847
0.341851
0.341854
0.341863
0.341868
0.34187
0.34187
0.341883
0.341887
0.341887
0.341893
0.34192
0.341944
0.341973
0.341976
0.341981
0.341996
0.342003
0.342004
0.34201
0.342017
0.34204
0.342058
0.342106
0.342107
0.34213
0.342134
0.342137
0.342163
0.342164
0.342171
0.342174
0.34218
0.342185
0.34219
0.342197
0.342201
0.342204
0.342228
0.342236
0.342254
0.342267
0.342287
0.342297
0.342297
0.342301
0.342311
0.342314
0.342334
0.34234
0.34234
0.342343
0.342357
0.342368
0.342394
0.342407
0.34241
0.342414
0.34242
0.342437
0.34244
0.342441
0.342443
0.34245
0.34246
0.34246
0.342466
0.342468
0.342473
0.342476
0.342486
0.342487
0.34249
0.342491
0.3425
0.342521
0.342533
0.342541
0.342544
0.342547
0.342551
0.342557
0.342565
0.34257
0.342587
0.3426
0.342606
0.342617
0.342663
0.342674
0.34268
0.34268
0.34269
0.342694
0.342727
0.342728
0.342734
0.342741
0.342766
0.342767
0.342767
0.34277
0.34277
0.342794
0.3428
0.342804
0.342807
0.342826
0.34283
0.342834
0.342835
0.342844
0.342853
0.342864
0.342888
0.342891
0.3429
0.34293
0.34293
0.342941
0.342944
0.342946
0.342974
0.342985
0.342991
0.34302
0.343027
0.34304
0.343056
0.34306
0.343073
0.343081
0.343096
0.343108
0.34311
0.343131
0.343153
0.343203
0.343204
0.343204
0.343211
0.343221
0.343227
0.343238
0.343243
0.343244
0.343267
0.343267
0.34329
0.34329
0.343294
0.343297
0.343317
0.343324
0.343326
0.343327
0.343336
0.343348
0.343353
0.343371
0.343376
0.343378
0.343387
0.343394
0.343401
0.343417
0.343425
0.343427
0.343434
0.343438
0.34344
0.343447
0.343448
0.343461
0.34348
0.343483
0.343494
0.34351
0.343514
0.34352
0.343528
0.343537
0.343537
0.343537
0.343554
0.343563
0.343598
0.343604
0.34362
0.34362
0.343621
0.343623
0.343626
0.343627
0.34363
0.343641
0.343681
0.343693
0.3437
0.343707
0.343723
0.343733
0.343743
0.343743
0.343754
0.343758
0.343763
0.343767
0.34378
0.343787
0.343797
0.3438
0.343801
0.343806
0.343807
0.34381
0.343824
0.343841
0.343844
0.343847
0.34385
0.343853
0.343864
0.343877
0.343898
0.34391
0.343914
0.343927
0.343943
0.343963
0.343984
0.343984
0.343987
0.34399
0.343993
0.344014
0.344023
0.344029
0.344037
0.344044
0.344047
0.344077
0.344104
0.344107
0.344111
0.344153
0.34416
0.344163
0.34418
0.344191
0.344198
0.344205
0.344207
0.344217
0.344224
0.344238
0.34424
0.344251
0.344253
0.344278
0.344281
0.344284
0.344291
0.344294
0.344303
0.344323
0.344325
0.344334
0.344338
0.344344
0.344347
0.344353
0.344356
0.34437
0.344373
0.344376
0.344377
0.344381
0.344387
0.34439
0.3444
0.344403
0.344404
0.344407
0.344407
0.344417
0.344428
0.344435
0.344458
0.344476
0.344481
0.344497
0.344497
0.3445
0.344504
0.344524
0.344533
0.344537
0.344557
0.344565
0.34458
0.344583
0.344584
0.344606
0.34461
0.344614
0.344623
0.344634
0.344663
0.344664
0.344678
0.344687
0.344697
0.34472
0.344721
0.344743
0.344744
0.344753
0.344757
0.344757
0.34476
0.34478
0.344788
0.344797
0.34481
0.344814
0.344821
0.344833
0.344846
0.344864
0.344867
0.34487
0.344917
0.344921
0.344924
0.344927
0.344947
0.344954
0.344957
0.344964
0.345008
0.34501
0.345024
0.345037
0.34505
0.345053
0.345057
0.34506
0.34506
0.345097
0.345105
0.345124
0.34513
0.345133
0.345144
0.345177
0.345193
0.345193
0.345195
0.345216
0.345217
0.34524
0.345243
0.345243
0.345244
0.345248
0.345251
0.345257
0.345275
0.345281
0.345287
0.3453
0.345307
0.34534
0.34535
0.345366
0.345367
0.345371
0.345374
0.345376
0.345377
0.34538
0.345384
0.345388
0.345393
0.345393
0.345404
0.345404
0.34544
0.345448
0.34546
0.345474
0.345524
0.345524
0.345531
0.345584
0.345594
0.345606
0.345613
0.345626
0.345627
0.345636
0.345636
0.345648
0.34565
0.34565
0.345654
0.34567
0.345674
0.345681
0.345683
0.345687
0.34569
0.345731
0.345747
0.34575
0.345783
0.345787
0.345793
0.345811
0.345857
0.34586
0.345867
0.345877
0.345883
0.34589
0.345901
0.345924
0.345927
0.345943
0.345946
0.345954
0.345968
0.34597
0.345973
0.345984
0.345997
0.346011
0.346011
0.34602
0.34603
0.346038
0.346077
0.346107
0.346111
0.346116
0.34613
0.346131
0.34615
0.346153
0.346187
0.34619
0.346197
0.346201
0.346204
0.346213
0.34622
0.34623
0.346237
0.346257
0.346287
0.346297
0.346307
0.34632
0.346343
0.346363
0.346377
0.346377
0.34639
0.34642
0.34644
0.346447
0.346451
0.346474
0.346514
0.346525
0.346527
0.346543
0.346578
0.346585
0.346604
0.346617
0.346617
0.34662
0.346648
0.34665
0.346653
0.346675
0.346677
0.346684
0.346685
0.34669
0.346694
0.346711
0.346714
0.346726
0.346727
0.34673
0.346733
0.346741
0.346744
0.346757
0.346767
0.346771
0.346785
0.346803
0.346804
0.346813
0.346814
0.346817
0.346817
0.346818
0.34684
0.346848
0.346854
0.346863
0.346894
0.346894
0.3469
0.346904
0.346907
0.346913
0.346934
0.346938
0.346954
0.34697
0.346973
0.34699
0.347
0.347007
0.347016
0.347017
0.347024
0.34706
0.347084
0.347093
0.347103
0.34712
0.34715
0.347151
0.347163
0.347173
0.347174
0.347174
0.34718
0.34718
0.347183
0.347184
0.347197
0.347254
0.347267
0.347267
0.347271
0.347327
0.347363
0.3474
0.34741
0.347428
0.347435
0.347436
0.347471
0.347487
0.347488
0.347497
0.347524
0.347524
0.347547
0.347551
0.347554
0.347558
0.34756
0.34757
0.34759
0.347595
0.347597
0.3476
0.34762
0.34762
0.347633
0.34765
0.347654
0.347657
0.347657
0.347657
0.347658
0.347671
0.347674
0.347677
0.34768
0.34768
0.347695
0.347735
0.34775
0.347754
0.34776
0.34776
0.347767
0.347767
0.347774
0.347778
0.347781
0.347788
0.347788
0.347801
0.347803
0.347806
0.347821
0.347833
0.347866
0.347877
0.347886
0.347924
0.34793
0.34794
0.34796
0.347971
0.347972
0.34798
0.348031
0.348033
0.34804
0.348043
0.348051
0.34806
0.34806
0.34807
0.348071
0.348097
0.348117
0.348143
0.348145
0.348151
0.348151
0.348157
0.34817
0.348173
0.348177
0.348193
0.348194
0.348198
0.348224
0.348233
0.348235
0.348241
0.348268
0.348277
0.348287
0.348287
0.34829
0.348304
0.34831
0.34831
0.348345
0.348356
0.34836
0.348364
0.34838
0.348387
0.348387
0.348401
0.348401
0.348423
0.348427
0.348447
0.348461
0.348463
0.348463
0.348464
0.348473
0.34848
0.348483
0.34849
0.3485
0.348513
0.348537
0.34854
0.348584
0.348591
0.348634
0.348645
0.348647
0.348657
0.348662
0.348667
0.348667
0.348674
0.348676
0.348677
0.34868
0.34869
0.348696
0.348703
0.348751
0.34876
0.348767
0.348773
0.348777
0.348783
0.348786
0.348791
0.348794
0.348817
0.348841
0.348854
0.348873
0.348877
0.348891
0.348897
0.348901
0.348903
0.34891
0.348917
0.348933
0.348936
0.348953
0.348964
0.34897
0.34897
0.348973
0.348984
0.348986
0.348997
0.349007
0.349017
0.349017
0.349027
0.349036
0.349051
0.34906
0.349063
0.349064
0.349074
0.349107
0.349108
0.349127
0.349131
0.349141
0.34918
0.34921
0.349233
0.349234
0.34924
0.349253
0.349267
0.349268
0.349276
0.349277
0.349334
0.349343
0.34936
0.349394
0.34941
0.349427
0.349431
0.349437
0.349447
0.34945
0.349454
0.349467
0.349477
0.349484
0.349494
0.349494
0.349503
0.349504
0.349525
0.349533
0.349541
0.349546
0.34955
0.349554
0.349568
0.349583
0.349587
0.349588
0.349593
0.349593
0.3496
0.349603
0.349605
0.349623
0.349628
0.349647
0.349678
0.349694
0.3497
0.349711
0.349778
0.349796
0.349817
0.349817
0.34982
0.349824
0.349827
0.349837
0.34984
0.34986
0.349867
0.349867
0.349883
0.349888
0.349894
0.3499
0.349904
0.349913
0.349913
0.349913
0.34992
0.34992
0.34994
0.34995
0.349964
0.34997
0.349976
0.349977
0.349986
0.350024
0.350034
0.350041
0.350044
0.350087
0.350098
0.350117
0.350133
0.350134
0.35015
0.35016
0.35016
0.35017
0.350218
0.350221
0.350267
0.35028
0.350284
0.35029
0.35032
0.35035
0.35036
0.350367
0.350387
0.350413
0.350444
0.350448
0.350451
0.35048
0.35049
0.350494
0.350514
0.350524
0.350524
0.350556
0.350567
0.350567
0.35057
0.350573
0.350577
0.350594
0.35062
0.350625
0.350637
0.35066
0.35066
0.350676
0.350677
0.350687
0.350697
0.350707
0.350723
0.350757
0.35076
0.35078
0.35078
0.350793
0.350794
0.350798
0.35081
0.350814
0.350821
0.350823
0.350844
0.350854
0.350857
0.350863
0.35087
0.350877
0.350893
0.350896
0.350907
0.35092
0.350934
0.350947
0.350951
0.350956
0.35096
0.350987
0.350993
0.35101
0.351017
0.351041
0.35107
0.351071
0.35108
0.351087
0.351103
0.351104
0.351106
0.351114
0.351117
0.351134
0.351134
0.35114
0.351143
0.351153
0.35116
0.351187
0.351197
0.351217
0.351217
0.351234
0.351244
0.351248
0.351279
0.351284
0.35129
0.351296
0.35131
0.35132
0.351324
0.35135
0.351353
0.35139
0.35143
0.351453
0.351463
0.351467
0.35148
0.351511
0.35152
0.351538
0.351538
0.351547
0.351554
0.351558
0.351573
0.351584
0.35159
0.351603
0.351604
0.351607
0.351607
0.351643
0.351644
0.351647
0.351657
0.35167
0.351674
0.351697
0.351698
0.3517
0.351704
0.351721
0.35173
0.351734
0.35174
0.351743
0.351747
0.351771
0.351777
0.351781
0.351783
0.351784
0.351784
0.351791
0.351794
0.351814
0.351826
0.351853
0.35186
0.351868
0.35189
0.351907
0.351927
0.35194
0.351966
0.351967
0.35197
0.351991
0.351993
0.352004
0.352007
0.352033
0.352033
0.35204
0.35206
0.352071
0.35208
0.352088
0.352113
0.35212
0.352121
0.352134
0.352137
0.352197
0.352227
0.352237
0.35226
0.352267
0.352284
0.352318
0.352324
0.352324
0.352343
0.352367
0.352374
0.352384
0.352387
0.352387
0.352397
0.352401
0.352411
0.352424
0.352427
0.352428
0.352447
0.352463
0.352467
0.352473
0.35249
0.352496
0.352497
0.352498
0.352504
0.352514
0.352515
0.352535
0.352537
0.352547
0.35258
0.35259
0.352604
0.35263
0.352633
0.352681
0.352693
0.352736
0.352743
0.352746
0.352771
0.35279
0.352794
0.352818
0.35282
0.352825
0.35284
0.352851
0.35289
0.352894
0.352914
0.35292
0.352928
0.35293
0.352947
0.352954
0.352964
0.35297
0.35297
0.352971
0.35299
0.352991
0.35301
0.353011
0.353013
0.35302
0.353027
0.353031
0.353055
0.353057
0.35306
0.353067
0.353071
0.35309
0.3531
0.3531
0.353134
0.353137
0.353137
0.353144
0.353145
0.353147
0.353154
0.35316
0.353171
0.353186
0.35319
0.353191
0.35324
0.35324
0.3533
0.353311
0.353327
0.35334
0.35334
0.353347
0.353351
0.353353
0.353374
0.35338
0.35339
0.3534
0.3534
0.353404
0.35341
0.353411
0.35343
0.353445
0.353461
0.353461
0.353464
0.353485
0.353488
0.353497
0.35352
0.353531
0.353537
0.353623
0.353663
0.353664
0.353707
0.353721
0.353728
0.35375
0.353755
0.353767
0.353768
0.353773
0.353778
0.35378
0.35378
0.35378
0.353793
0.353793
0.353794
0.353804
0.35381
0.35384
0.353848
0.35385
0.353854
0.353871
0.353881
0.353887
0.353905
0.35391
0.353917
0.35394
0.353954
0.353964
0.353971
0.353974
0.35399
0.35401
0.354034
0.354044
0.354074
0.354091
0.354143
0.354144
0.35416
0.354164
0.354175
0.35418
0.354188
0.354197
0.3542
0.354236
0.35425
0.354256
0.354264
0.354294
0.354294
0.35432
0.354327
0.354333
0.354341
0.354357
0.354364
0.354367
0.3544
0.354404
0.354405
0.35441
0.354414
0.35442
0.35443
0.354434
0.354437
0.354443
0.35445
0.354464
0.35448
0.354513
0.354514
0.354523
0.35453
0.35455
0.35455
0.354554
0.354554
0.354584
0.354588
0.354597
0.354597
0.354606
0.354607
0.354607
0.354607
0.35463
0.354631
0.35468
0.354694
0.354695
0.354757
0.35476
0.354777
0.354806
0.35482
0.3549
0.35491
0.35491
0.35491
0.354924
0.354944
0.354956
0.35497
0.355
0.355053
0.355068
0.355068
0.35509
0.355097
0.35513
0.35513
0.355151
0.355171
0.355177
0.355201
0.355224
0.355226
0.355234
0.35526
0.35527
0.355273
0.355301
0.355337
0.35534
0.35535
0.355387
0.355394
0.355398
0.355421
0.355457
0.355468
0.355475
0.355483
0.35549
0.3555
0.3555
0.355501
0.35552
0.35554
0.35554
0.35554
0.355544
0.355544
0.355551
0.355554
0.35556
0.355561
0.355563
0.355566
0.355581
0.35561
0.35561
0.355637
0.355683
0.355694
0.355697
0.355705
0.355721
0.355726
0.355744
0.35575
0.355758
0.355767
0.35583
0.355847
0.35588
0.355901
0.35593
0.35597
0.355991
0.355997
0.35601
0.356018
0.356018
0.356037
0.35605
0.356057
0.356064
0.356074
0.356076
0.35608
0.356081
0.356094
0.35611
0.356117
0.35612
0.35613
0.356144
0.356144
0.35615
0.356161
0.356211
0.356217
0.356217
0.35622
0.35624
0.356293
0.356318
0.356326
0.356337
0.356337
0.356357
0.356364
0.356367
0.356377
0.356433
0.356444
0.356471
0.356495
0.356523
0.356578
0.356584
0.35661
0.35662
0.35665
0.356657
0.356674
0.35669
0.3567
0.356701
0.356717
0.356721
0.35673
0.356745
0.35675
0.356764
0.356787
0.35679
0.356813
0.356844
0.356881
0.356894
0.3569
0.356906
0.356907
0.356927
0.35693
0.356933
0.356934
0.356937
0.356961
0.356974
0.356986
0.356998
0.35701
0.35701
0.35701
0.357027
0.357033
0.357057
0.35707
0.35707
0.35707
0.357074
0.35708
0.357088
0.357097
0.357098
0.357101
0.357117
0.357131
0.357173
0.357181
0.357208
0.357211
0.357234
0.357266
0.357268
0.357297
0.3573
0.3573
0.357301
0.357333
0.35734
0.357353
0.357357
0.357361
0.357363
0.357365
0.357384
0.357391
0.357391
0.35744
0.357441
0.357453
0.357461
0.357467
0.357473
0.357513
0.357513
0.357517
0.357527
0.357527
0.357531
0.357531
0.35754
0.357551
0.35756
0.357577
0.35758
0.357583
0.3576
0.35761
0.35765
0.357654
0.357664
0.35767
0.35768
0.357687
0.357691
0.357698
0.357704
0.357727
0.357731
0.357747
0.357757
0.357757
0.35777
0.357777
0.357783
0.357807
0.35781
0.357813
0.357814
0.357823
0.357824
0.357834
0.35784
0.357847
0.357854
0.35788
0.35793
0.35793
0.357937
0.35794
0.357957
0.358004
0.358027
0.358041
0.358064
0.358087
0.35809
0.358094
0.358097
0.358118
0.358126
0.358133
0.358163
0.358176
0.358183
0.358185
0.358187
0.358195
0.358204
0.358207
0.358208
0.358211
0.358217
0.358217
0.358217
0.358226
0.358243
0.358271
0.358303
0.358306
0.358313
0.358337
0.358347
0.358353
0.358377
0.3584
0.358433
0.358433
0.358436
0.358437
0.358466
0.358466
0.358474
0.358477
0.358484
0.358504
0.358523
0.358524
0.358536
0.358537
0.358564
0.358633
0.358667
0.35867
0.358683
0.358687
0.358698
0.3587
0.358723
0.358731
0.358744
0.358746
0.358757
0.35876
0.358784
0.358793
0.358807
0.358824
0.35883
0.35885
0.358851
0.358883
0.358887
0.358894
0.358897
0.358917
0.35892
0.358923
0.35893
0.358941
0.358954
0.358963
0.358963
0.358964
0.35898
0.359007
0.359013
0.35902
0.359027
0.359074
0.359077
0.359083
0.359084
0.359091
0.359107
0.359117
0.359117
0.359138
0.359154
0.359155
0.359168
0.35918
0.359203
0.359233
0.359243
0.359251
0.359254
0.359264
0.359264
0.35927
0.359273
0.359277
0.359284
0.359291
0.359304
0.359307
0.359307
0.359313
0.359316
0.359321
0.359361
0.359393
0.35941
0.359421
0.35944
0.359498
0.359501
0.359503
0.359507
0.359513
0.35955
0.35955
0.35955
0.359553
0.359574
0.359595
0.359617
0.359636
0.359648
0.359658
0.359667
0.359673
0.35968
0.359714
0.359734
0.359736
0.359754
0.359757
0.359847
0.359873
0.35988
0.359904
0.359957
0.359966
0.35997
0.359978
0.359993
0.359997
0.359997
0.360017
0.36002
0.360034
0.36004
0.360066
0.360077
0.360084
0.360085
0.360087
0.36015
0.360167
0.36019
0.360204
0.360211
0.360213
0.360237
0.360237
0.360304
0.360307
0.360326
0.360347
0.360366
0.360393
0.360404
0.36042
0.360433
0.360453
0.360466
0.360507
0.360521
0.360547
0.360556
0.360561
0.360567
0.360578
0.360595
0.360597
0.360613
0.360624
0.36063
0.360646
0.360653
0.36067
0.360684
0.36073
0.360737
0.360745
0.36079
0.3608
0.360807
0.36081
0.360825
0.360853
0.360854
0.360867
0.360877
0.360883
0.360898
0.360901
0.360906
0.360911
0.360937
0.360961
0.36099
0.361017
0.36102
0.361021
0.361023
0.361024
0.361027
0.361027
0.361036
0.361041
0.361063
0.361067
0.361078
0.361137
0.36114
0.361157
0.361167
0.36118
0.361196
0.361197
0.36122
0.361237
0.36124
0.361254
0.36126
0.361284
0.361306
0.361326
0.361327
0.36136
0.36138
0.361395
0.361457
0.361474
0.361474
0.3615
0.361501
0.36151
0.36152
0.361528
0.361557
0.36156
0.36159
0.361684
0.361691
0.361716
0.361723
0.361733
0.361737
0.36174
0.36175
0.361751
0.361784
0.361787
0.36179
0.361823
0.361823
0.361824
0.361833
0.361847
0.361854
0.361874
0.361884
0.361891
0.3619
0.361904
0.361941
0.361941
0.361954
0.361986
0.361991
0.36201
0.362067
0.36208
0.362107
0.362133
0.362133
0.362171
0.362174
0.362178
0.362183
0.362184
0.362193
0.362206
0.362213
0.362214
0.362215
0.362253
0.36226
0.362264
0.362266
0.36227
0.362274
0.362284
0.36229
0.362291
0.362308
0.362318
0.362324
0.362327
0.362373
0.362373
0.362377
0.362393
0.362408
0.362413
0.362414
0.362416
0.362425
0.36243
0.362437
0.362473
0.362474
0.362487
0.36249
0.362494
0.362506
0.362523
0.362567
0.362574
0.362617
0.362621
0.36263
0.36264
0.362668
0.362674
0.362684
0.362697
0.362698
0.36271
0.362711
0.36273
0.36276
0.362763
0.362763
0.362794
0.362818
0.362824
0.362825
0.362834
0.36285
0.36285
0.362917
0.362921
0.362943
0.36296
0.362964
0.362974
0.363067
0.363077
0.363111
0.363137
0.363144
0.363147
0.363153
0.363161
0.363177
0.363184
0.36319
0.363223
0.363237
0.363264
0.363273
0.363281
0.363304
0.363308
0.363331
0.363347
0.363357
0.363361
0.363394
0.363397
0.363414
0.363423
0.36343
0.363466
0.363468
0.363477
0.363497
0.363504
0.363507
0.363547
0.363566
0.363577
0.363585
0.363604
0.36361
0.363616
0.363618
0.363623
0.36365
0.363654
0.363656
0.36366
0.363677
0.363701
0.363717
0.36372
0.36372
0.363728
0.363744
0.363751
0.363773
0.363803
0.363804
0.363807
0.36383
0.36383
0.363836
0.363856
0.363863
0.363863
0.363864
0.36387
0.36388
0.363883
0.363897
0.363897
0.3639
0.363917
0.36392
0.36392
0.363928
0.363951
0.363967
0.363974
0.363991
0.36402
0.364021
0.364023
0.364024
0.364027
0.36405
0.36407
0.364087
0.364097
0.36411
0.36412
0.364154
0.364161
0.364173
0.364174
0.364197
0.36421
0.364211
0.364237
0.364257
0.364257
0.364261
0.364274
0.364287
0.364294
0.364297
0.364297
0.36431
0.36433
0.364334
0.364344
0.364361
0.364373
0.364376
0.364403
0.364417
0.364431
0.364433
0.364433
0.36444
0.364458
0.36447
0.364475
0.36449
0.364501
0.364501
0.364534
0.364547
0.364561
0.364564
0.364617
0.364651
0.364653
0.36467
0.364697
0.364697
0.364701
0.364703
0.364707
0.364717
0.36472
0.364731
0.36474
0.364747
0.364753
0.364761
0.364763
0.364778
0.36481
0.364824
0.364827
0.36483
0.364833
0.36484
0.364846
0.364861
0.364862
0.364868
0.364884
0.364891
0.364935
0.36499
0.365
0.365028
0.36504
0.36504
0.365057
0.365063
0.365067
0.365071
0.365074
0.365078
0.365087
0.365113
0.365131
0.365163
0.365174
0.365191
0.365213
0.365216
0.36522
0.365244
0.365267
0.36527
0.365291
0.3653
0.36532
0.365328
0.365333
0.36534
0.365341
0.36536
0.365371
0.36541
0.365424
0.365434
0.365437
0.365473
0.365481
0.36549
0.365491
0.365493
0.3655
0.365524
0.365554
0.365571
0.365587
0.365598
0.36562
0.365644
0.365657
0.365661
0.36567
0.36567
0.365674
0.36568
0.36571
0.365728
0.365731
0.365731
0.365733
0.365747
0.365753
0.365753
0.365753
0.365803
0.36581
0.365813
0.365821
0.36587
0.365884
0.365891
0.365901
0.365941
0.36597
0.365977
0.365997
0.366038
0.366054
0.366065
0.366071
0.366074
0.36612
0.366124
0.366128
0.366131
0.366141
0.366157
0.36617
0.366174
0.366177
0.366194
0.366221
0.366243
0.366244
0.36627
0.366277
0.366291
0.366297
0.366297
0.366324
0.366338
0.36635
0.366365
0.366376
0.366401
0.366407
0.366415
0.366435
0.36644
0.366461
0.366484
0.3665
0.36657
0.36659
0.366601
0.366607
0.366613
0.366644
0.366653
0.366664
0.366674
0.366688
0.36673
0.366731
0.366774
0.366807
0.36681
0.36684
0.366848
0.366854
0.366871
0.366877
0.36688
0.3669
0.366904
0.366917
0.36694
0.366984
0.366998
0.36701
0.367021
0.367024
0.36704
0.367053
0.36706
0.367074
0.367077
0.3671
0.3671
0.367103
0.367107
0.367127
0.36714
0.367154
0.367154
0.367197
0.367207
0.367254
0.36726
0.367263
0.367289
0.3673
0.36732
0.367354
0.367357
0.36737
0.367394
0.3674
0.367407
0.367411
0.367414
0.367434
0.367434
0.367434
0.367457
0.36746
0.367477
0.367501
0.367503
0.367513
0.36754
0.367544
0.367545
0.367574
0.367587
0.36764
0.367663
0.367664
0.367667
0.367687
0.367703
0.367715
0.367716
0.367734
0.367785
0.367798
0.367813
0.36782
0.36785
0.367856
0.36787
0.367884
0.367894
0.367908
0.367924
0.36794
0.367963
0.367967
0.368037
0.368091
0.368101
0.36811
0.36811
0.368116
0.368128
0.368135
0.368194
0.3682
0.368224
0.368254
0.368264
0.368287
0.368331
0.368333
0.368343
0.368344
0.36835
0.368398
0.368433
0.368447
0.36845
0.368457
0.368478
0.368553
0.368554
0.368604
0.368627
0.368634
0.368637
0.368673
0.368747
0.368751
0.368764
0.368767
0.368777
0.368794
0.368794
0.368801
0.36883
0.36883
0.368844
0.368876
0.368884
0.368884
0.368886
0.368891
0.36895
0.368961
0.36899
0.36899
0.368993
0.368997
0.369013
0.369017
0.369057
0.369063
0.369068
0.369087
0.369107
0.369117
0.369117
0.36913
0.369131
0.36914
0.36919
0.369191
0.369245
0.36925
0.369277
0.36931
0.36932
0.369321
0.369323
0.369327
0.369353
0.369356
0.369393
0.369403
0.369403
0.369404
0.369405
0.369407
0.36941
0.369416
0.36944
0.369463
0.369473
0.369477
0.36948
0.369481
0.36949
0.369507
0.36953
0.369591
0.369596
0.369601
0.369611
0.369631
0.369644
0.36965
0.369671
0.369696
0.3697
0.369718
0.36972
0.369727
0.369736
0.369753
0.36976
0.369778
0.36979
0.369791
0.369797
0.369818
0.36982
0.369863
0.36989
0.3699
0.3699
0.369931
0.369934
0.36994
0.36997
0.36999
0.370014
0.370017
0.370021
0.370041
0.370066
0.370094
0.370097
0.370097
0.370108
0.370127
0.370134
0.370167
0.370171
0.370197
0.370226
0.370227
0.370247
0.370284
0.37029
0.370301
0.370305
0.370314
0.370323
0.370324
0.370364
0.370376
0.37039
0.370416
0.37042
0.370421
0.37043
0.370443
0.37046
0.370464
0.37047
0.370484
0.370494
0.370507
0.370511
0.370518
0.370535
0.37054
0.37054
0.370567
0.370616
0.37062
0.370624
0.370637
0.37065
0.370663
0.37067
0.370674
0.37072
0.37074
0.370757
0.37077
0.370816
0.370847
0.37086
0.370878
0.37088
0.370885
0.370887
0.370907
0.37091
0.370918
0.370921
0.370947
0.37096
0.370967
0.371014
0.371037
0.37104
0.371044
0.371056
0.37106
0.371068
0.37107
0.371086
0.37109
0.371104
0.371137
0.37114
0.371207
0.371207
0.371224
0.371244
0.37131
0.371313
0.371314
0.371325
0.371327
0.37133
0.371334
0.371343
0.371353
0.371364
0.371365
0.37137
0.371381
0.371391
0.371404
0.371444
0.371454
0.371473
0.371497
0.371511
0.371535
0.371548
0.371568
0.37157
0.3716
0.371613
0.371618
0.371633
0.371643
0.371671
0.371711
0.371747
0.37176
0.371773
0.371787
0.37179
0.37182
0.371876
0.371878
0.371887
0.371918
0.371941
0.371964
0.37201
0.372021
0.372023
0.372056
0.37209
0.372101
0.372103
0.372124
0.372134
0.372154
0.372173
0.372186
0.372198
0.37223
0.37228
0.372374
0.372408
0.372421
0.372454
0.372457
0.37247
0.37249
0.372571
0.372574
0.372583
0.37259
0.372593
0.372608
0.37262
0.372637
0.372714
0.372771
0.372784
0.37279
0.37279
0.372797
0.372827
0.372916
0.372924
0.373003
0.373071
0.373136
0.373168
0.373194
0.373196
0.373216
0.373244
0.373254
0.373273
0.373294
0.37335
0.373351
0.37336
0.373373
0.373411
0.373461
0.373484
0.373491
0.373507
0.373513
0.373538
0.37354
0.373541
0.373543
0.373565
0.373573
0.37359
0.373661
0.373664
0.37367
0.373673
0.373751
0.373793
0.373815
0.373817
0.37383
0.373847
0.373853
0.373876
0.373906
0.37391
0.373937
0.37401
0.374018
0.374058
0.374083
0.374088
0.37411
0.37412
0.374164
0.37421
0.374217
0.374223
0.374266
0.374287
0.3743
0.37431
0.374337
0.374346
0.374356
0.374363
0.37439
0.374393
0.374394
0.374401
0.374447
0.374461
0.374483
0.374573
0.37458
0.374584
0.374683
0.37475
0.37482
0.37486
0.374863
0.37492
0.374964
0.374994
0.375024
0.375027
0.375051
0.375065
0.375085
0.3751
0.375141
0.37515
0.375224
0.375237
0.37524
0.375268
0.37528
0.375303
0.375331
0.375357
0.375361
0.37537
0.3754
0.375404
0.375408
0.37547
0.375474
0.3755
0.3755
0.375511
0.375534
0.375543
0.375567
0.375581
0.375586
0.375674
0.375691
0.375724
0.375757
0.3758
0.37583
0.375866
0.375883
0.375913
0.375968
0.37605
0.376058
0.376067
0.37612
0.376164
0.376187
0.376286
0.376344
0.376407
0.376563
0.376564
0.376605
0.376627
0.376664
0.376747
0.376767
0.376767
0.376873
0.376876
0.37689
0.376894
0.3769
0.376904
0.376937
0.376958
0.376971
0.37701
0.377027
0.377046
0.377054
0.377093
0.377134
0.377177
0.377186
0.377218
0.377226
0.37723
0.377267
0.377327
0.377334
0.377367
0.377447
0.377494
0.377507
0.377514
0.37756
0.377584
0.377597
0.377637
0.377644
0.377675
0.377694
0.377744
0.377754
0.377821
0.37792
0.377984
0.378
0.378063
0.378074
0.37817
0.378217
0.378274
0.378276
0.3783
0.378343
0.378367
0.378374
0.378381
0.378414
0.378431
0.378447
0.378477
0.378507
0.378511
0.37852
0.378567
0.378613
0.378614
0.378667
0.378671
0.378761
0.378846
0.378864
0.378937
0.37896
0.37897
0.379007
0.379056
0.37909
0.379096
0.379164
0.379177
0.37923
0.379301
0.379308
0.379344
0.379354
0.379377
0.379383
0.37939
0.379404
0.379476
0.379493
0.379507
0.379517
0.379534
0.379723
0.379726
0.379796
0.379887
0.379981
0.379997
0.379997
0.380033
0.38008
0.38014
0.380164
0.380187
0.380358
0.380364
0.380364
0.3804
0.380424
0.38043
0.380466
0.380543
0.380561
0.380564
0.380607
0.380616
0.380644
0.38066
0.380681
0.38071
0.380803
0.380843
0.380887
0.380894
0.380907
0.380934
0.380983
0.381055
0.381097
0.381108
0.381206
0.381224
0.381237
0.381296
0.381324
0.38137
0.38137
0.381404
0.381437
0.381484
0.38162
0.38169
0.381744
0.381744
0.381787
0.381794
0.381817
0.381871
0.381964
0.382001
0.38206
0.382061
0.382124
0.382134
0.382171
0.382174
0.382187
0.382203
0.382207
0.382238
0.38237
0.382374
0.382417
0.382461
0.382464
0.382543
0.38258
0.382608
0.382621
0.382721
0.382724
0.38274
0.382777
0.382777
0.38283
0.382876
0.382924
0.382931
0.382973
0.382996
0.383001
0.383047
0.38305
0.383074
0.383107
0.383111
0.383123
0.383244
0.383331
0.383458
0.38347
0.383487
0.383513
0.383544
0.383594
0.383661
0.383668
0.383701
0.383777
0.383793
0.383828
0.383863
0.383887
0.383926
0.383961
0.38401
0.384026
0.384034
0.3841
0.38419
0.38422
0.384227
0.3843
0.384437
0.384451
0.384464
0.38449
0.384523
0.384637
0.384688
0.384731
0.384751
0.384757
0.384767
0.384861
0.38488
0.384916
0.384934
0.384937
0.384951
0.385083
0.385131
0.385177
0.38522
0.385254
0.385254
0.385297
0.3853
0.385334
0.38538
0.385574
0.385591
0.385634
0.385678
0.385731
0.385804
0.385837
0.385941
0.385957
0.38597
0.386094
0.3861
0.386234
0.386243
0.386284
0.386297
0.386307
0.386351
0.386357
0.386381
0.386421
0.386547
0.386656
0.386666
0.386667
0.386717
0.386737
0.386781
0.386957
0.386994
0.387004
0.387024
0.387067
0.387091
0.387114
0.387233
0.387309
0.387343
0.387356
0.387427
0.38747
0.387481
0.38764
0.387654
0.387694
0.38771
0.387823
0.387916
0.387947
0.38811
0.38812
0.38817
0.38823
0.38823
0.388274
0.388457
0.388464
0.388473
0.388524
0.388563
0.38868
0.38876
0.388873
0.388897
0.388938
0.389007
0.389064
0.389087
0.38911
0.389153
0.389241
0.38927
0.389274
0.389277
0.389441
0.38956
0.389617
0.389663
0.389687
0.389717
0.389767
0.389795
0.389811
0.389921
0.390057
0.390137
0.390183
0.390201
0.390254
0.39026
0.390263
0.390344
0.390434
0.390454
0.390474
0.390487
0.39059
0.390637
0.390673
0.390723
0.390797
0.390827
0.390864
0.390887
0.39094
0.39097
0.391011
0.391054
0.391107
0.391177
0.391184
0.391184
0.391231
0.391244
0.39132
0.39138
0.391411
0.391487
0.391514
0.39155
0.391564
0.39159
0.39161
0.391614
0.391636
0.391654
0.391717
0.39178
0.391821
0.39183
0.391861
0.391904
0.391918
0.39194
0.391974
0.391976
0.39201
0.392114
0.392171
0.392194
0.392284
0.392314
0.392328
0.392437
0.39256
0.392646
0.392664
0.39268
0.392711
0.39283
0.392843
0.392878
0.393003
0.393104
0.393127
0.39313
0.393174
0.393224
0.393247
0.393251
0.393427
0.393473
0.393494
0.393504
0.39352
0.393684
0.393721
0.393793
0.393801
0.393841
0.393964
0.394007
0.394143
0.394224
0.394327
0.394327
0.394328
0.39438
0.39441
0.394444
0.394465
0.394477
0.394485
0.394513
0.394537
0.394606
0.39463
0.394707
0.394723
0.39476
0.394848
0.394851
0.394884
0.39496
0.394987
0.395014
0.395021
0.395051
0.39521
0.39521
0.395218
0.395234
0.395301
0.39531
0.395346
0.395387
0.395404
0.395408
0.39547
0.395481
0.395553
0.395583
0.395637
0.39566
0.395661
0.395664
0.395711
0.395723
0.39586
0.395946
0.395951
0.395976
0.396024
0.396127
0.39613
0.396153
0.39623
0.396327
0.396407
0.39642
0.396421
0.396477
0.396521
0.39653
0.396544
0.396668
0.396713
0.396803
0.396823
0.396823
0.39684
0.396846
0.39703
0.397071
0.397176
0.397194
0.397227
0.397253
0.397477
0.39749
0.397493
0.39756
0.397583
0.397603
0.397626
0.397633
0.397653
0.397667
0.397721
0.39775
0.397767
0.3978
0.397847
0.397851
0.397873
0.397894
0.397987
0.398113
0.398161
0.398167
0.398237
0.398288
0.398311
0.398653
0.398688
0.398707
0.398717
0.39872
0.398736
0.39875
0.398761
0.398833
0.398841
0.398847
0.398865
0.398878
0.398977
0.399014
0.399044
0.399231
0.399274
0.399307
0.399385
0.399423
0.399437
0.399576
0.399577
0.399617
0.399633
0.39965
0.399664
0.399711
0.399807
0.399913
0.399941
0.399944
0.400081
0.4001
0.400134
0.400183
0.400256
0.400264
0.400324
0.400373
0.400414
0.400441
0.400444
0.400453
0.40047
0.400474
0.400557
0.400601
0.4007
0.400707
0.400734
0.400763
0.40077
0.400824
0.400843
0.40086
0.40092
0.400945
0.40099
0.401046
0.401057
0.401201
0.401203
0.401264
0.401294
0.401298
0.401321
0.401395
0.401404
0.401464
0.401487
0.401507
0.401521
0.401541
0.401553
0.401556
0.401583
0.401584
0.401616
0.401644
0.401664
0.40168
0.401701
0.401803
0.401821
0.401851
0.401894
0.402004
0.402057
0.402077
0.402183
0.402237
0.402264
0.402304
0.402397
0.402407
0.40241
0.402418
0.40244
0.402443
0.402454
0.402504
0.402634
0.402717
0.402721
0.402747
0.402748
0.402961
0.403001
0.403028
0.403033
0.403118
0.403163
0.403243
0.40325
0.403291
0.403337
0.40336
0.403364
0.403407
0.403471
0.403476
0.403524
0.403611
0.40364
0.403673
0.40378
0.403817
0.40382
0.403827
0.403857
0.40386
0.403877
0.403937
0.403973
0.403991
0.404003
0.404111
0.404123
0.404134
0.404218
0.404221
0.404231
0.404235
0.404247
0.40429
0.404354
0.404356
0.404371
0.404383
0.404397
0.4044
0.404423
0.40445
0.404594
0.404644
0.40466
0.404747
0.404848
0.404871
0.40488
0.404881
0.404933
0.404943
0.404987
0.40503
0.40508
0.405157
0.405181
0.405191
0.405211
0.40523
0.405366
0.405534
0.40554
0.40557
0.405794
0.40592
0.40601
0.406114
0.406124
0.406127
0.406184
0.406188
0.406404
0.406465
0.4065
0.406544
0.40659
0.406617
0.406671
0.406703
0.406713
0.406751
0.406773
0.406807
0.406823
0.406904
0.40695
0.407011
0.407053
0.407114
0.40727
0.407383
0.40742
0.407468
0.407471
0.40748
0.40751
0.40759
0.407684
0.407767
0.407786
0.407801
0.407807
0.407927
0.407947
0.407983
0.408067
0.408131
0.408133
0.40816
0.408284
0.408401
0.408441
0.408451
0.408544
0.408587
0.408613
0.408645
0.408714
0.408721
0.40874
0.408777
0.408777
0.408828
0.40895
0.409023
0.409024
0.40903
0.40905
0.409107
0.409127
0.409143
0.409257
0.409281
0.409283
0.4093
0.40945
0.40949
0.409507
0.409538
0.409643
0.409757
0.409931
0.409953
0.409963
0.409974
0.410033
0.410041
0.41005
0.410131
0.410154
0.410183
0.410244
0.410298
0.41038
0.410465
0.410614
0.410837
0.410894
0.410944
0.410946
0.410987
0.41109
0.411104
0.411123
0.411174
0.41121
0.411224
0.411248
0.41126
0.411321
0.411431
0.41167
0.411807
0.411934
0.412043
0.412086
0.412094
0.412123
0.41218
0.412263
0.412407
0.412434
0.412447
0.412454
0.412677
0.412806
0.41281
0.412917
0.413108
0.41311
0.413124
0.41316
0.413194
0.41321
0.41325
0.413445
0.413638
0.413683
0.413733
0.413784
0.41385
0.413867
0.414138
0.414153
0.414157
0.414197
0.41421
0.414218
0.41429
0.414303
0.41432
0.414334
0.414367
0.4144
0.41449
0.414613
0.414815
0.414887
0.41505
0.415064
0.415107
0.415123
0.41518
0.415198
0.415213
0.415243
0.41525
0.415254
0.415274
0.415441
0.415523
0.415523
0.415554
0.415591
0.415637
0.41564
0.415644
0.41569
0.415708
0.41574
0.415741
0.41585
0.415861
0.415944
0.41597
0.416114
0.416147
0.41617
0.416203
0.416253
0.416351
0.416354
0.41644
0.416444
0.416454
0.416486
0.416511
0.416517
0.416711
0.416778
0.416814
0.41695
0.417004
0.417036
0.417044
0.417057
0.41708
0.417254
0.4174
0.417411
0.417446
0.417451
0.41755
0.417574
0.417597
0.417877
0.417947
0.417977
0.418037
0.418057
0.418081
0.418163
0.41817
0.418233
0.418267
0.41828
0.418327
0.418331
0.418348
0.418374
0.41838
0.418391
0.41841
0.418431
0.418436
0.418507
0.41854
0.418557
0.418707
0.418711
0.418728
0.41873
0.418797
0.418817
0.418848
0.41886
0.418903
0.41895
0.418997
0.419014
0.41902
0.419108
0.419111
0.419164
0.4192
0.419237
0.419337
0.419394
0.419474
0.419478
0.41963
0.419751
0.41976
0.419821
0.419874
0.420283
0.420283
0.420287
0.42032
0.42035
0.420381
0.420404
0.4205
0.420537
0.42065
0.420793
0.420813
0.420833
0.420884
0.420927
0.420943
0.420997
0.421081
0.421177
0.421183
0.421297
0.421328
0.421336
0.42136
0.42138
0.421388
0.42141
0.421417
0.421437
0.421527
0.421528
0.42164
0.421651
0.421777
0.421787
0.421787
0.421893
0.42191
0.421994
0.422067
0.422308
0.422325
0.422354
0.422363
0.42242
0.422426
0.422427
0.422617
0.422714
0.422714
0.422904
0.422947
0.422987
0.42306
0.423141
0.423243
0.423314
0.423498
0.423544
0.423561
0.42379
0.423903
0.42425
0.424437
0.424486
0.424617
0.424628
0.424807
0.424881
0.424907
0.424931
0.424941
0.42509
0.425166
0.425168
0.42524
0.426036
0.426173
0.426216
0.426407
0.426616
0.42663
0.426691
0.427197
0.427234
0.427244
0.427281
0.427311
0.427354
0.427523
0.427531
0.4277
0.427741
0.427915
0.42794
0.427977
0.427998
0.42812
0.428151
0.428254
0.42847
0.428674
0.42893
0.429004
0.429056
0.429064
0.429187
0.429273
0.429276
0.429351
0.429457
0.429473
0.429624
0.429641
0.429714
0.429824
0.429917
0.429956
0.429964
0.43002
0.430103
0.430144
0.430154
0.43016
0.43026
0.43027
0.430757
0.43099
0.431477
0.4315
0.431681
0.431794
0.43207
0.432127
0.432403
0.432807
0.432838
0.432923
0.433057
0.433407
0.433468
0.433587
0.433604
0.433873
0.434004
0.43405
0.434073
0.434291
0.43435
0.434561
0.435267
0.435297
0.43536
0.435401
0.435507
0.435603
0.435757
0.4358
0.43599
0.436031
0.436158
0.436283
0.436367
0.436371
0.436427
0.436507
0.436697
0.436774
0.437521
0.437586
0.43762
0.43767
0.43788
0.437957
0.438047
0.438521
0.438694
0.438947
0.439065
0.439131
0.43938
0.439407
0.439587
0.440538
0.440634
0.441034
0.441728
0.441733
0.441998
0.442357
0.4425
0.443137
0.44315
0.443411
0.443533
0.443777
0.44419
0.44442
0.444567
0.444995
0.445033
0.44514
0.445411
0.445413
0.445517
0.446007
0.446177
0.446375
0.446786
0.447
0.447357
0.447604
0.447923
0.447971
0.448357
0.448364
0.448806
0.449678
0.44985
0.450757
0.451576
0.45175
0.451808
0.45212
0.45213
0.453311
0.453827
0.453987
0.454864
0.456201
0.456657
0.457717
0.457977
0.458478
0.458964
0.459452
0.459607
0.460517
0.462094
0.464567
0.464997
0.465884
0.466298
0.46649
0.466547
0.46684
0.46774
0.469548
0.46995
0.476104
0.477067
0.477833
0.488307
0.497131
0.500687
0.501797
0.50707
0.507405
0.507776
0.511271
0.51857
0.518987
0.519737
0.529924
0.536983
0.543228
0.54526
0.549937
0.551135
0.560361
0.572914
0.574264
0.576308
0.576433
0.578484
0.58354
0.585698
0.590405
0.599813
0.602704
0.603767
0.604061
0.610224
0.613217
0.615018
0.616215
0.621815
0.634047
0.640104
0.646877
0.648457
0.651674
0.672547
0.673554
0.681426
0.691041
0.692711
0.695073
0.699774
0.699858
0.705521
0.707611
0.708584
0.709524
0.719851
0.747014
0.748203
0.759431
0.769916
0.78705
0.790947
0.792802
0.79449
0.799367
0.801117
0.802591
0.804661
0.804744
0.809267
0.815131
0.816097
0.82759
0.828504
0.82873
0.86903
0.873743
0.888814
0.912997
0.927277
0.941631
0.999481
1.055471
1.079704
1.095184
1.159114
1.287202
1.296228
