0.721154
0.726417
0.732084
0.735334
0.737597
0.73761
0.741374
0.746817
0.74983
0.750097
0.751445
0.752237
0.754098
0.754734
0.755257
0.756187
0.756441
0.756844
0.758334
0.759671
0.759955
0.761193
0.761244
0.761967
0.762156
0.762188
0.762744
0.762838
0.763255
0.763301
0.763661
0.764291
0.764451
0.765561
0.765711
0.765938
0.766477
0.767277
0.768088
0.76843
0.769255
0.769454
0.769901
0.770447
0.770737
0.771738
0.771817
0.772504
0.772884
0.773131
0.774192
0.774417
0.774427
0.774793
0.774824
0.775461
0.775538
0.775904
0.776226
0.776294
0.776463
0.777161
0.777531
0.777651
0.778097
0.778354
0.778585
0.778621
0.77877
0.778931
0.779097
0.779664
0.779795
0.779907
0.780468
0.780646
0.780654
0.780989
0.781101
0.781107
0.781214
0.781271
0.781291
0.781498
0.781611
0.781618
0.781861
0.781887
0.781944
0.782181
0.782237
0.78241
0.782717
0.782731
0.782756
0.782795
0.782801
0.782831
0.782925
0.783188
0.783191
0.783458
0.783708
0.783851
0.783881
0.783911
0.784054
0.784318
0.784331
0.78437
0.784548
0.784611
0.78463
0.784768
0.785229
0.785477
0.785514
0.785577
0.785755
0.785793
0.785824
0.785924
0.785978
0.786087
0.786253
0.786433
0.786472
0.786624
0.786738
0.786797
0.786931
0.787053
0.78776
0.787834
0.787887
0.788101
0.788134
0.788261
0.788474
0.788621
0.788671
0.788724
0.788754
0.788774
0.788845
0.788858
0.788934
0.789111
0.789177
0.7892
0.789257
0.789423
0.789427
0.7895
0.789901
0.789974
0.79002
0.790157
0.790164
0.790198
0.790301
0.790521
0.791055
0.791192
0.791317
0.791528
0.791601
0.791758
0.791824
0.791871
0.791947
0.792375
0.792384
0.79245
0.792503
0.792508
0.792591
0.792694
0.792971
0.793237
0.793374
0.793473
0.793501
0.793541
0.793658
0.793688
0.793741
0.793887
0.793914
0.793944
0.793947
0.793951
0.794021
0.79405
0.794074
0.794111
0.794351
0.794484
0.794611
0.794637
0.794758
0.794855
0.794884
0.79494
0.795067
0.79511
0.795161
0.795183
0.795268
0.795354
0.795358
0.795384
0.795404
0.795494
0.795497
0.795521
0.795594
0.795644
0.795772
0.795864
0.795883
0.796115
0.796227
0.796235
0.796271
0.796428
0.796461
0.796558
0.796658
0.796691
0.796707
0.796811
0.79685
0.79688
0.796981
0.797007
0.797017
0.797191
0.797231
0.79739
0.797408
0.797414
0.797435
0.797443
0.797465
0.797518
0.79752
0.797534
0.797637
0.797717
0.797811
0.797814
0.797981
0.798051
0.79816
0.798161
0.798267
0.798281
0.798453
0.798454
0.798458
0.798551
0.798598
0.798651
0.7987
0.798721
0.798723
0.798757
0.798804
0.798807
0.798991
0.799007
0.799104
0.799123
0.799131
0.799151
0.799224
0.799234
0.799264
0.799304
0.799504
0.799544
0.799754
0.799951
0.800005
0.800105
0.800118
0.800134
0.800144
0.800313
0.800405
0.800588
0.800661
0.800704
0.800781
0.801081
0.801168
0.801253
0.801358
0.801385
0.801518
0.8016
0.801605
0.801647
0.801704
0.801814
0.801821
0.801934
0.801964
0.80212
0.802124
0.802175
0.80225
0.802275
0.802318
0.802364
0.802414
0.802427
0.802497
0.80257
0.802611
0.802611
0.802661
0.802998
0.803051
0.803104
0.803255
0.803284
0.803308
0.803367
0.803511
0.803528
0.803537
0.803561
0.803718
0.803753
0.803777
0.803925
0.804007
0.804117
0.804127
0.804158
0.804167
0.8043
0.804424
0.804451
0.804464
0.804523
0.804544
0.804591
0.804791
0.804814
0.8049
0.804924
0.805034
0.805121
0.805164
0.805247
0.805261
0.805295
0.805381
0.805441
0.805531
0.805547
0.805551
0.805601
0.805641
0.805721
0.805811
0.805845
0.805884
0.805908
0.805911
0.805954
0.806038
0.806091
0.806111
0.806226
0.806241
0.806247
0.80629
0.806371
0.806374
0.806381
0.806395
0.806481
0.806648
0.806664
0.806701
0.806771
0.806824
0.806871
0.806887
0.80694
0.806941
0.806954
0.80696
0.806978
0.807004
0.807008
0.807041
0.807101
0.807233
0.807234
0.807244
0.807247
0.807261
0.80727
0.807351
0.807454
0.807631
0.807735
0.807974
0.808061
0.808098
0.808118
0.808121
0.808141
0.808184
0.808227
0.808241
0.808264
0.808271
0.808404
0.80841
0.808413
0.808415
0.80853
0.808544
0.808545
0.808597
0.808624
0.808655
0.808674
0.808694
0.808725
0.808754
0.808762
0.808781
0.808787
0.808817
0.808824
0.808844
0.808907
0.808948
0.809004
0.809051
0.809151
0.809171
0.809211
0.809237
0.809244
0.809255
0.809311
0.809371
0.809374
0.809388
0.809411
0.809424
0.809547
0.809551
0.809588
0.809594
0.809634
0.809685
0.809695
0.80973
0.809737
0.809764
0.809777
0.809791
0.809831
0.809847
0.809847
0.809984
0.810014
0.810217
0.810251
0.810285
0.810298
0.810308
0.810327
0.810353
0.810555
0.810645
0.810677
0.810694
0.8107
0.810748
0.81081
0.810814
0.810907
0.810908
0.810927
0.810967
0.811024
0.811037
0.811088
0.811094
0.811097
0.811161
0.811241
0.811263
0.811264
0.811357
0.811371
0.811408
0.811481
0.811487
0.811528
0.811553
0.811677
0.811691
0.811704
0.811721
0.811754
0.811811
0.811898
0.811911
0.811927
0.812005
0.812037
0.812118
0.812128
0.812137
0.812151
0.812244
0.812247
0.812353
0.812371
0.812377
0.812391
0.812408
0.81244
0.812447
0.812507
0.812527
0.812531
0.81256
0.812575
0.812604
0.812612
0.812621
0.812661
0.812667
0.812714
0.812853
0.812981
0.813017
0.813051
0.813104
0.813124
0.813141
0.813177
0.813191
0.813241
0.813291
0.813367
0.813368
0.813474
0.813475
0.813481
0.813567
0.813598
0.813617
0.813698
0.813727
0.813784
0.813821
0.813838
0.813901
0.813904
0.813921
0.813958
0.813968
0.814007
0.814044
0.814078
0.814098
0.814104
0.814108
0.814121
0.814157
0.814164
0.814187
0.814197
0.814207
0.814227
0.814248
0.814261
0.814284
0.814321
0.814424
0.814431
0.814447
0.814457
0.814457
0.814498
0.814528
0.814531
0.814534
0.814544
0.814557
0.814601
0.814601
0.814637
0.814718
0.814764
0.814878
0.814914
0.814934
0.814953
0.814969
0.814971
0.814991
0.815018
0.815127
0.815166
0.815193
0.815271
0.81528
0.815288
0.815297
0.815304
0.815325
0.815333
0.815356
0.815381
0.815384
0.815388
0.815424
0.815451
0.815461
0.815464
0.81555
0.815565
0.815567
0.815585
0.815595
0.815601
0.815637
0.81567
0.815777
0.815784
0.815831
0.815847
0.815908
0.816133
0.816137
0.816144
0.81616
0.816178
0.816194
0.816268
0.816271
0.816315
0.816337
0.816344
0.81635
0.816415
0.816504
0.816529
0.816578
0.816637
0.816727
0.816734
0.816815
0.816828
0.8169
0.816901
0.816934
0.816997
0.817028
0.817071
0.817081
0.817104
0.817128
0.817173
0.817185
0.817231
0.817244
0.81729
0.817297
0.817311
0.817386
0.817414
0.817414
0.817444
0.817477
0.817517
0.817538
0.817541
0.817545
0.817564
0.81757
0.817603
0.817625
0.817657
0.817674
0.817734
0.817744
0.817781
0.817786
0.817794
0.817824
0.817865
0.817888
0.817891
0.817971
0.818067
0.818101
0.818161
0.818171
0.818171
0.818181
0.818188
0.818236
0.818304
0.818311
0.818314
0.818361
0.818461
0.818517
0.818533
0.818685
0.818757
0.818765
0.818785
0.818837
0.818861
0.818862
0.818867
0.818907
0.818914
0.818985
0.819031
0.819048
0.819067
0.819098
0.819125
0.819191
0.819201
0.819227
0.819244
0.819327
0.819378
0.819391
0.819407
0.819448
0.819481
0.81949
0.81957
0.819597
0.819628
0.819638
0.819695
0.819726
0.819728
0.819751
0.819805
0.819811
0.819844
0.819873
0.819875
0.819898
0.819901
0.819924
0.819948
0.820011
0.820017
0.820054
0.820074
0.820131
0.820144
0.820168
0.820254
0.820277
0.820308
0.820313
0.820464
0.820487
0.820503
0.820537
0.820581
0.820638
0.820721
0.820727
0.820751
0.82076
0.820805
0.820806
0.820817
0.820821
0.820854
0.820854
0.820897
0.820901
0.820914
0.820968
0.821001
0.821008
0.821021
0.821033
0.821077
0.821094
0.821104
0.821131
0.821158
0.821184
0.821184
0.821198
0.821247
0.821304
0.82133
0.821338
0.821398
0.821401
0.821421
0.821508
0.821564
0.821577
0.821585
0.821644
0.821647
0.821854
0.82187
0.82188
0.821888
0.8219
0.821958
0.821984
0.821993
0.822018
0.822031
0.822034
0.822041
0.822051
0.82213
0.822141
0.822158
0.822197
0.822241
0.822248
0.822261
0.822274
0.822327
0.822377
0.822441
0.822445
0.822513
0.822524
0.822565
0.822575
0.822618
0.822651
0.822655
0.822704
0.822718
0.82272
0.822787
0.822811
0.822814
0.822908
0.822928
0.823011
0.823031
0.823068
0.823085
0.823095
0.823104
0.823114
0.823121
0.823131
0.823164
0.823171
0.823244
0.823261
0.823268
0.823328
0.823381
0.823396
0.823417
0.823424
0.823468
0.823468
0.823484
0.823487
0.823514
0.823517
0.82352
0.82359
0.823614
0.823703
0.823768
0.823814
0.823827
0.823881
0.823905
0.823981
0.824024
0.824034
0.824067
0.824231
0.824238
0.824284
0.824285
0.824318
0.824347
0.824351
0.824381
0.824407
0.824457
0.824458
0.824478
0.824488
0.82453
0.824548
0.824551
0.824558
0.824564
0.82457
0.82462
0.824624
0.824688
0.824694
0.824728
0.824781
0.824784
0.824841
0.824847
0.824881
0.824941
0.824954
0.824973
0.825014
0.825059
0.825091
0.825127
0.825152
0.825178
0.825203
0.825207
0.825228
0.825254
0.825261
0.825267
0.825284
0.825314
0.825447
0.82546
0.825488
0.825575
0.825627
0.825684
0.825704
0.825721
0.825734
0.825764
0.825781
0.825811
0.825864
0.825864
0.825907
0.825967
0.825981
0.826037
0.826104
0.826214
0.826263
0.826267
0.826294
0.826315
0.826318
0.826414
0.826434
0.826444
0.8265
0.826561
0.826617
0.826664
0.826727
0.826751
0.826771
0.826794
0.826794
0.826797
0.826824
0.826844
0.826854
0.826874
0.8269
0.826904
0.826937
0.826938
0.826944
0.826945
0.826971
0.827011
0.827011
0.827015
0.827018
0.827044
0.827061
0.827068
0.827107
0.827151
0.827171
0.827274
0.827287
0.827329
0.827413
0.82742
0.827471
0.827478
0.827536
0.827624
0.827651
0.827668
0.827674
0.827688
0.827688
0.827705
0.827748
0.827764
0.827777
0.827781
0.827804
0.827821
0.827824
0.827964
0.827971
0.82798
0.827988
0.827994
0.828007
0.828111
0.828197
0.828231
0.828274
0.828293
0.828314
0.828331
0.828372
0.828377
0.828401
0.828407
0.828437
0.828461
0.828461
0.828469
0.828476
0.828501
0.828541
0.828574
0.828587
0.828591
0.828594
0.828597
0.828601
0.828664
0.828671
0.828747
0.828827
0.828854
0.828854
0.828868
0.828881
0.828947
0.828967
0.828983
0.829
0.829018
0.829018
0.82907
0.82911
0.829174
0.829188
0.829233
0.829264
0.829271
0.829397
0.829411
0.829509
0.829521
0.829524
0.829548
0.829631
0.829658
0.829678
0.829697
0.829747
0.829751
0.829751
0.829758
0.829761
0.829798
0.829841
0.829894
0.829927
0.829957
0.829967
0.829971
0.829991
0.830011
0.830021
0.830027
0.830034
0.830041
0.830098
0.830101
0.830144
0.830187
0.830238
0.83024
0.830251
0.830261
0.830411
0.83046
0.830467
0.830489
0.830504
0.830571
0.830591
0.83065
0.830677
0.830698
0.8307
0.830751
0.830764
0.830787
0.830811
0.830821
0.830825
0.830858
0.830864
0.830868
0.830874
0.830887
0.830898
0.830921
0.830965
0.830971
0.831018
0.831088
0.83109
0.831117
0.831155
0.831204
0.831211
0.831211
0.831244
0.831287
0.831381
0.831455
0.831471
0.831474
0.831477
0.831485
0.83152
0.831531
0.831623
0.831655
0.831684
0.831777
0.831781
0.831804
0.831821
0.831877
0.831877
0.831894
0.831917
0.831955
0.831957
0.831991
0.831997
0.832028
0.832037
0.832047
0.832061
0.832074
0.832091
0.832114
0.832131
0.832134
0.83218
0.832211
0.832248
0.832357
0.832377
0.832411
0.832445
0.832451
0.832453
0.832574
0.832637
0.832677
0.832691
0.832701
0.832707
0.832748
0.832787
0.832797
0.832805
0.832857
0.832861
0.832864
0.832881
0.832891
0.832903
0.832908
0.833008
0.833037
0.833048
0.833075
0.833091
0.833101
0.833104
0.833138
0.833144
0.833188
0.833218
0.833261
0.833263
0.833275
0.833287
0.833297
0.833298
0.833317
0.833344
0.83344
0.833461
0.833478
0.833481
0.833484
0.833484
0.833491
0.833517
0.833531
0.833544
0.833557
0.833577
0.833584
0.833584
0.833613
0.833648
0.83369
0.833697
0.833711
0.833728
0.833734
0.833745
0.833747
0.833761
0.833761
0.833791
0.833804
0.833813
0.833835
0.833837
0.833871
0.833877
0.833934
0.833934
0.833951
0.834115
0.834185
0.834194
0.83426
0.834284
0.834288
0.834295
0.834297
0.834324
0.834327
0.834413
0.834417
0.834421
0.834488
0.834505
0.834517
0.834564
0.834564
0.834618
0.834677
0.834708
0.834718
0.834724
0.834747
0.834774
0.834823
0.834841
0.83485
0.834853
0.834867
0.834881
0.834894
0.834917
0.834918
0.834941
0.834954
0.83496
0.834971
0.834985
0.834993
0.835007
0.835068
0.835078
0.835088
0.835111
0.835141
0.83515
0.835178
0.835208
0.835245
0.835247
0.835254
0.835264
0.835288
0.835305
0.835307
0.835313
0.835374
0.835417
0.835554
0.83556
0.835561
0.835584
0.835588
0.835611
0.835643
0.835677
0.835695
0.835704
0.835727
0.835728
0.835846
0.835885
0.835951
0.836021
0.836085
0.836094
0.836117
0.836134
0.836187
0.836287
0.836288
0.8363
0.836303
0.836341
0.836344
0.836381
0.836411
0.836418
0.83645
0.836457
0.836458
0.836484
0.836504
0.83652
0.836521
0.83653
0.836571
0.836584
0.836588
0.836588
0.836664
0.836667
0.836687
0.836691
0.836715
0.836718
0.836746
0.836747
0.836754
0.836811
0.83684
0.836881
0.836891
0.836907
0.836908
0.837014
0.837021
0.837021
0.83703
0.837057
0.837063
0.837075
0.837099
0.837101
0.837111
0.837114
0.837131
0.837134
0.83719
0.83723
0.837234
0.837241
0.837254
0.837271
0.837277
0.837301
0.837348
0.8374
0.837458
0.837484
0.837491
0.837504
0.837628
0.837677
0.837693
0.8377
0.837715
0.837721
0.837724
0.837738
0.837831
0.837831
0.837851
0.837851
0.837867
0.83787
0.8379
0.837901
0.837941
0.838
0.838001
0.838007
0.838021
0.838034
0.838044
0.838058
0.838104
0.838141
0.838171
0.838187
0.838271
0.838281
0.838294
0.838297
0.838297
0.838301
0.838304
0.838308
0.838317
0.838318
0.838331
0.838334
0.838337
0.838344
0.838393
0.838401
0.838424
0.838468
0.838495
0.838497
0.838498
0.838557
0.838591
0.838604
0.838644
0.838677
0.838733
0.838734
0.838741
0.838743
0.838747
0.838771
0.838785
0.83881
0.838814
0.838841
0.838851
0.838861
0.838874
0.838881
0.838897
0.838944
0.838968
0.838997
0.838999
0.839131
0.839131
0.839137
0.839143
0.839148
0.839181
0.839188
0.839189
0.839194
0.839197
0.839225
0.839231
0.839236
0.839248
0.839257
0.839328
0.839348
0.839385
0.839399
0.839405
0.839411
0.839424
0.839461
0.839468
0.839551
0.839588
0.839594
0.839613
0.839651
0.839681
0.839701
0.839708
0.839758
0.839764
0.839774
0.839778
0.839781
0.83979
0.839795
0.839821
0.839824
0.83985
0.839864
0.839867
0.839888
0.839951
0.839998
0.839999
0.840001
0.840018
0.840021
0.840061
0.840067
0.840077
0.840104
0.840107
0.84011
0.840201
0.840298
0.84032
0.840337
0.840401
0.840404
0.840507
0.840548
0.840558
0.840584
0.840593
0.840603
0.840614
0.840617
0.840637
0.840658
0.840707
0.840747
0.840777
0.84078
0.840803
0.840831
0.84084
0.840851
0.840854
0.840891
0.840911
0.840911
0.840957
0.840957
0.840961
0.841035
0.841101
0.841193
0.841201
0.841264
0.841271
0.841291
0.841363
0.841367
0.841367
0.841394
0.841423
0.841458
0.841481
0.841487
0.84152
0.841521
0.841525
0.841614
0.841618
0.841631
0.841634
0.841678
0.841684
0.841731
0.84182
0.841821
0.841841
0.841891
0.841907
0.841911
0.84193
0.841933
0.841934
0.841941
0.841964
0.841968
0.842027
0.842028
0.842054
0.842078
0.842091
0.842101
0.842111
0.842118
0.842181
0.842264
0.842291
0.842328
0.842328
0.842334
0.842354
0.84237
0.842398
0.842407
0.842408
0.842421
0.842471
0.842544
0.842597
0.842644
0.842668
0.842708
0.842714
0.842791
0.84282
0.842823
0.842844
0.842868
0.842874
0.842878
0.842888
0.842908
0.842914
0.842927
0.842941
0.842947
0.842961
0.843005
0.843065
0.843111
0.843131
0.843141
0.843144
0.84321
0.843247
0.843248
0.843254
0.843257
0.843277
0.843298
0.843351
0.843357
0.843367
0.843368
0.843394
0.843398
0.843424
0.843434
0.843481
0.843518
0.843545
0.843553
0.843558
0.843583
0.843644
0.84365
0.843691
0.843757
0.843767
0.843785
0.843837
0.843843
0.843847
0.843854
0.843871
0.843881
0.843917
0.843927
0.843947
0.843948
0.843961
0.843998
0.844001
0.844001
0.844015
0.844034
0.84404
0.844041
0.844044
0.844045
0.844071
0.844078
0.844084
0.844084
0.84409
0.844131
0.844155
0.844161
0.844161
0.84421
0.844215
0.844224
0.844273
0.844351
0.844367
0.844381
0.844384
0.844414
0.844431
0.844588
0.844604
0.844684
0.844741
0.844751
0.844765
0.844821
0.8449
0.84491
0.844911
0.844918
0.844934
0.844968
0.844983
0.845004
0.845048
0.845161
0.845187
0.84519
0.845215
0.845244
0.84525
0.845288
0.845291
0.845315
0.845335
0.845368
0.845374
0.845398
0.845407
0.845417
0.845418
0.845421
0.845437
0.845461
0.84547
0.845501
0.845535
0.845584
0.845607
0.845628
0.845641
0.845644
0.845657
0.84566
0.845704
0.845777
0.845791
0.845814
0.845831
0.845844
0.84586
0.845861
0.845864
0.845865
0.845877
0.84588
0.845954
0.845964
0.845997
0.846057
0.846097
0.846117
0.846124
0.846151
0.846171
0.846178
0.846187
0.846194
0.846198
0.846221
0.846233
0.846248
0.846251
0.846257
0.846292
0.846307
0.846308
0.846358
0.846374
0.846395
0.846418
0.846424
0.846438
0.846473
0.846473
0.846498
0.846508
0.846584
0.846605
0.846651
0.846658
0.846664
0.846684
0.846694
0.846701
0.846735
0.846748
0.846794
0.846807
0.846828
0.846835
0.846838
0.846907
0.846915
0.84695
0.847005
0.847011
0.847051
0.847074
0.847076
0.847077
0.847098
0.847123
0.847131
0.847144
0.847164
0.847184
0.847201
0.847208
0.847244
0.847251
0.847255
0.847258
0.847268
0.847294
0.8473
0.847351
0.847378
0.847425
0.847491
0.847491
0.847495
0.847537
0.847557
0.847584
0.847585
0.847591
0.84761
0.847617
0.847647
0.847647
0.84765
0.847657
0.847667
0.847674
0.847691
0.847708
0.847708
0.847748
0.847751
0.847781
0.84779
0.847794
0.847841
0.847858
0.847867
0.847878
0.847908
0.847914
0.847921
0.847931
0.847934
0.847984
0.847991
0.847998
0.848018
0.848028
0.848035
0.848044
0.848061
0.848064
0.848111
0.848124
0.848157
0.848164
0.848261
0.848307
0.848311
0.848314
0.848327
0.848364
0.848375
0.848391
0.848394
0.848404
0.84841
0.848434
0.848447
0.848474
0.848477
0.848501
0.848507
0.848561
0.848584
0.848585
0.848631
0.848634
0.848657
0.848671
0.848674
0.848687
0.848731
0.848738
0.848757
0.848765
0.848778
0.848778
0.84881
0.848878
0.848901
0.848931
0.848944
0.848947
0.848971
0.849015
0.849051
0.849107
0.849111
0.849128
0.849151
0.849154
0.849175
0.849197
0.849231
0.849231
0.84924
0.849245
0.849258
0.849268
0.849271
0.849283
0.849314
0.849318
0.84933
0.849407
0.849427
0.849428
0.849434
0.849505
0.849511
0.849531
0.849544
0.849601
0.849611
0.849634
0.849651
0.849654
0.849687
0.849707
0.84971
0.84972
0.84972
0.849734
0.849754
0.84977
0.849815
0.849831
0.849834
0.849844
0.849851
0.849855
0.849871
0.849994
0.85
0.850057
0.850068
0.850094
0.850128
0.850141
0.850148
0.850158
0.850161
0.850171
0.850175
0.850214
0.85022
0.850251
0.850281
0.850284
0.850297
0.85031
0.850311
0.850331
0.850378
0.850391
0.850427
0.850434
0.850438
0.850444
0.850457
0.850484
0.850527
0.850534
0.850538
0.850564
0.850564
0.850585
0.850601
0.850617
0.850621
0.850631
0.850638
0.85065
0.850654
0.850661
0.850668
0.850681
0.850701
0.850721
0.850747
0.850748
0.850751
0.850778
0.850778
0.850784
0.850788
0.850834
0.850844
0.850845
0.850847
0.85089
0.850908
0.850911
0.850914
0.850921
0.850946
0.850948
0.850987
0.851001
0.851001
0.851021
0.851051
0.851078
0.851148
0.851194
0.851234
0.851257
0.851268
0.851287
0.851298
0.851308
0.851315
0.851334
0.851345
0.851351
0.851414
0.851448
0.851458
0.851461
0.851484
0.851518
0.851571
0.851584
0.851596
0.851614
0.851627
0.851631
0.85165
0.851671
0.851708
0.851715
0.851721
0.851731
0.851757
0.85179
0.851794
0.851807
0.851837
0.851847
0.851861
0.851867
0.851888
0.851935
0.851951
0.852008
0.852028
0.85203
0.852034
0.852058
0.852064
0.8521
0.852114
0.852144
0.852145
0.852154
0.852174
0.852185
0.852209
0.852235
0.852257
0.852271
0.852295
0.852301
0.852361
0.852401
0.852463
0.85248
0.852524
0.852527
0.852534
0.852578
0.85258
0.852581
0.852588
0.852591
0.852634
0.852641
0.85266
0.852697
0.852701
0.852717
0.852717
0.852721
0.852744
0.852747
0.852751
0.852777
0.852814
0.852841
0.852868
0.852968
0.852974
0.853067
0.853075
0.853077
0.853091
0.853108
0.853111
0.853111
0.853114
0.853115
0.853121
0.853121
0.853133
0.853141
0.853147
0.853164
0.853187
0.853211
0.853218
0.853221
0.853237
0.85324
0.853254
0.853293
0.853311
0.853311
0.853314
0.853318
0.853328
0.85334
0.853344
0.853347
0.853405
0.853441
0.853454
0.853464
0.853484
0.853504
0.853534
0.853538
0.853554
0.85358
0.85358
0.853591
0.853594
0.853611
0.853641
0.853645
0.853664
0.853668
0.853688
0.853724
0.853747
0.853754
0.853818
0.853831
0.853864
0.853895
0.853961
0.853964
0.853987
0.853994
0.853994
0.854004
0.854008
0.854014
0.854044
0.854044
0.854048
0.854057
0.854087
0.854088
0.854121
0.854125
0.854184
0.854198
0.854263
0.854344
0.854348
0.854421
0.854438
0.854445
0.854448
0.854458
0.854467
0.854468
0.854468
0.854497
0.854504
0.854521
0.854521
0.854534
0.854564
0.854585
0.854587
0.85459
0.854607
0.854677
0.854691
0.854697
0.854711
0.854718
0.854734
0.854747
0.854757
0.854784
0.854798
0.854813
0.854828
0.854841
0.854844
0.854871
0.85489
0.854901
0.854938
0.854944
0.854954
0.855038
0.855044
0.855061
0.855094
0.855134
0.855138
0.85514
0.855141
0.855148
0.855164
0.855165
0.855173
0.855178
0.855214
0.855298
0.855301
0.855304
0.855411
0.855431
0.855441
0.855441
0.855451
0.855451
0.855488
0.855494
0.855494
0.85552
0.855521
0.855524
0.85553
0.855565
0.85557
0.855571
0.855581
0.855584
0.855597
0.855611
0.855618
0.855628
0.855638
0.855654
0.855658
0.855661
0.855661
0.855665
0.855671
0.855674
0.855695
0.855698
0.855728
0.855748
0.855844
0.855861
0.855897
0.855914
0.855994
0.856024
0.856044
0.856048
0.856091
0.856108
0.856127
0.856141
0.856277
0.856284
0.856321
0.856344
0.856365
0.856371
0.856379
0.856384
0.856414
0.856418
0.856451
0.856475
0.856484
0.856525
0.856534
0.856538
0.85655
0.856565
0.856598
0.856624
0.856631
0.856641
0.856648
0.85665
0.856665
0.856701
0.856704
0.856707
0.856714
0.856724
0.856734
0.856738
0.85675
0.856751
0.856758
0.856771
0.856814
0.856821
0.856844
0.856863
0.856875
0.856878
0.856887
0.856924
0.856924
0.856939
0.856955
0.856958
0.856967
0.856991
0.856997
0.857008
0.857018
0.857024
0.857031
0.857031
0.857061
0.85708
0.857144
0.857164
0.857165
0.857168
0.857208
0.85723
0.857235
0.857244
0.857265
0.857287
0.857331
0.857341
0.857374
0.857374
0.857394
0.857404
0.857417
0.85742
0.857427
0.857427
0.857437
0.857441
0.857454
0.857454
0.857458
0.857508
0.857531
0.857545
0.857558
0.857563
0.857567
0.857578
0.85758
0.857584
0.857594
0.857624
0.85763
0.857638
0.857647
0.857657
0.857665
0.857708
0.857717
0.857747
0.857834
0.857847
0.857851
0.857857
0.857871
0.857884
0.857908
0.857915
0.857924
0.857931
0.857951
0.857961
0.857961
0.857968
0.857985
0.857997
0.857998
0.858001
0.858061
0.858071
0.858084
0.858093
0.858107
0.858161
0.858201
0.858221
0.858301
0.858304
0.85832
0.858324
0.858331
0.85836
0.858381
0.858403
0.858434
0.858484
0.858504
0.858505
0.858534
0.858538
0.85857
0.858571
0.85859
0.858598
0.8586
0.858619
0.858625
0.858661
0.858661
0.858678
0.858703
0.858707
0.858708
0.858713
0.858717
0.858737
0.858741
0.85875
0.858777
0.858788
0.858801
0.858821
0.858834
0.858835
0.858841
0.858861
0.858894
0.858911
0.858918
0.858924
0.858934
0.858961
0.858961
0.858987
0.858987
0.858987
0.859001
0.859094
0.859101
0.859104
0.859115
0.859143
0.859164
0.859178
0.859198
0.859201
0.859201
0.859201
0.859284
0.859298
0.859318
0.859338
0.859387
0.859414
0.859438
0.859444
0.859468
0.859491
0.859498
0.859534
0.859557
0.859621
0.85963
0.859635
0.859654
0.859665
0.859677
0.859711
0.859721
0.859728
0.859757
0.859774
0.859787
0.859811
0.859845
0.859854
0.859858
0.859867
0.85987
0.859897
0.859904
0.859904
0.859918
0.859924
0.859954
0.859974
0.85998
0.860014
0.86006
0.860095
0.860097
0.860141
0.860151
0.860178
0.860181
0.860194
0.860227
0.860261
0.860274
0.860274
0.860284
0.86029
0.860291
0.860315
0.86034
0.860361
0.860398
0.860415
0.86042
0.860424
0.860434
0.860448
0.860465
0.860478
0.860511
0.860551
0.860557
0.860571
0.860618
0.860704
0.860718
0.860754
0.860768
0.860787
0.860788
0.860791
0.860791
0.86081
0.860814
0.860824
0.860835
0.860837
0.860844
0.860887
0.860908
0.860914
0.860947
0.860964
0.861027
0.861027
0.861057
0.861061
0.861061
0.861071
0.861077
0.861092
0.861093
0.861094
0.861097
0.861104
0.861147
0.861148
0.861174
0.861177
0.861211
0.861221
0.861234
0.861342
0.8614
0.8614
0.861401
0.861404
0.861417
0.861441
0.861444
0.861447
0.861451
0.861454
0.86146
0.861518
0.861528
0.861551
0.861554
0.861561
0.861561
0.861564
0.861608
0.861637
0.861638
0.861651
0.861671
0.861674
0.861685
0.861697
0.861714
0.861721
0.861751
0.861787
0.861827
0.861831
0.861838
0.861847
0.86185
0.861851
0.861854
0.861914
0.861934
0.861955
0.861967
0.861991
0.861994
0.862027
0.862051
0.862053
0.862053
0.862064
0.862094
0.862094
0.862111
0.862168
0.862188
0.862204
0.862206
0.862234
0.862241
0.862243
0.862254
0.86227
0.862281
0.86229
0.862291
0.862325
0.862328
0.862357
0.862371
0.862381
0.862384
0.862414
0.862431
0.862441
0.862444
0.86249
0.862524
0.86257
0.862571
0.862585
0.862588
0.862594
0.862607
0.862637
0.862638
0.862668
0.862678
0.862741
0.862751
0.862758
0.862814
0.862814
0.862838
0.862844
0.862878
0.862944
0.862968
0.862977
0.862985
0.863005
0.863007
0.863048
0.863048
0.863051
0.863054
0.863081
0.863087
0.863094
0.863124
0.863144
0.863158
0.863174
0.86318
0.863181
0.863197
0.863205
0.863207
0.863218
0.863234
0.863248
0.863281
0.86332
0.863344
0.863348
0.863367
0.863391
0.863405
0.863407
0.863414
0.86342
0.863421
0.863423
0.863424
0.863428
0.863454
0.863461
0.863465
0.863504
0.863527
0.863544
0.863544
0.863573
0.863578
0.863583
0.863588
0.863594
0.863597
0.863601
0.863604
0.863607
0.863654
0.863661
0.863675
0.863677
0.863677
0.863685
0.863701
0.863728
0.863734
0.863767
0.863777
0.863777
0.863781
0.863784
0.863817
0.863817
0.863824
0.863831
0.863853
0.86386
0.863894
0.863911
0.863925
0.863938
0.86394
0.863948
0.863984
0.863994
0.863997
0.863997
0.864018
0.864021
0.864044
0.864054
0.86406
0.864095
0.864141
0.864141
0.86415
0.864151
0.864227
0.864234
0.864239
0.864258
0.864261
0.864265
0.86427
0.864301
0.864307
0.864331
0.864344
0.864354
0.864364
0.864365
0.864374
0.864377
0.864378
0.864441
0.864444
0.864474
0.864484
0.864491
0.8645
0.864514
0.864514
0.864531
0.864551
0.86456
0.864565
0.864584
0.864654
0.864674
0.864674
0.864694
0.864701
0.864721
0.864728
0.864731
0.864738
0.864757
0.864766
0.864771
0.864771
0.864798
0.864807
0.864817
0.864834
0.864871
0.864878
0.864937
0.864961
0.864961
0.864967
0.865035
0.865061
0.865071
0.865078
0.865084
0.865114
0.865144
0.865161
0.865181
0.865181
0.865188
0.865201
0.865207
0.865207
0.865221
0.865227
0.865244
0.865317
0.865344
0.865364
0.865371
0.865377
0.865401
0.865427
0.865514
0.865531
0.865534
0.86558
0.865627
0.865644
0.865645
0.865667
0.865671
0.865674
0.865677
0.865681
0.865694
0.865698
0.865707
0.865711
0.865718
0.865751
0.865768
0.865768
0.86577
0.865781
0.865787
0.865794
0.865795
0.865854
0.865855
0.865857
0.865865
0.865871
0.865924
0.865984
0.865987
0.865997
0.866004
0.866005
0.866013
0.866045
0.866065
0.866115
0.866117
0.86613
0.86615
0.866165
0.866174
0.866175
0.866211
0.866221
0.866234
0.86624
0.866241
0.866263
0.866281
0.866284
0.866288
0.866311
0.866313
0.866385
0.866425
0.866428
0.866437
0.866477
0.866497
0.866524
0.866537
0.866544
0.86656
0.866574
0.866588
0.866601
0.866617
0.86662
0.86663
0.866631
0.866654
0.866661
0.866675
0.866686
0.866688
0.866717
0.866721
0.866758
0.866764
0.8668
0.866801
0.866837
0.866844
0.866845
0.866847
0.866861
0.866894
0.866911
0.866944
0.866975
0.86698
0.867021
0.867087
0.867091
0.867134
0.867187
0.867193
0.867224
0.867287
0.867287
0.867288
0.867371
0.867394
0.867397
0.867424
0.867441
0.867465
0.867469
0.867474
0.867511
0.867514
0.867544
0.867548
0.867551
0.867551
0.867571
0.867571
0.867635
0.867657
0.867664
0.867664
0.867698
0.867708
0.867715
0.867721
0.867738
0.867748
0.867748
0.86776
0.867771
0.867774
0.867784
0.867794
0.867801
0.867814
0.867818
0.867841
0.867858
0.867868
0.867871
0.867891
0.867918
0.867927
0.867934
0.867948
0.867981
0.867998
0.868017
0.868038
0.868038
0.868057
0.868068
0.868084
0.868104
0.868108
0.868141
0.868167
0.868177
0.868205
0.868214
0.868241
0.868244
0.868244
0.868288
0.86829
0.868301
0.868314
0.868315
0.868317
0.868317
0.868327
0.868343
0.868351
0.868354
0.868358
0.868367
0.868371
0.868397
0.868408
0.868461
0.868481
0.868501
0.868517
0.868523
0.868527
0.868547
0.868554
0.86856
0.86858
0.868581
0.868601
0.868604
0.868624
0.868694
0.868711
0.868738
0.868777
0.868821
0.86883
0.868838
0.868838
0.868867
0.868874
0.868884
0.868894
0.868911
0.868917
0.868933
0.868933
0.868948
0.868951
0.869015
0.869021
0.869054
0.869067
0.869068
0.869081
0.869084
0.869094
0.869094
0.869141
0.869197
0.869204
0.869211
0.869228
0.869228
0.869254
0.869264
0.869265
0.869298
0.869307
0.869323
0.869335
0.86938
0.869414
0.869427
0.869428
0.869437
0.869438
0.869494
0.869551
0.869558
0.86956
0.869568
0.869597
0.869604
0.869671
0.869674
0.869707
0.86971
0.869711
0.869724
0.869728
0.869731
0.869757
0.869766
0.869794
0.869901
0.869905
0.869917
0.869924
0.869938
0.869954
0.869998
0.87
0.87002
0.870027
0.870035
0.87005
0.870061
0.870101
0.870174
0.870183
0.87019
0.8702
0.870211
0.870227
0.870261
0.870261
0.870274
0.870281
0.870295
0.870297
0.870301
0.870311
0.870317
0.870321
0.870351
0.870354
0.870381
0.870388
0.870388
0.870408
0.870411
0.870431
0.870441
0.870481
0.870487
0.870504
0.870541
0.870542
0.870544
0.870547
0.870564
0.870565
0.870575
0.870607
0.870624
0.870625
0.870634
0.870651
0.870658
0.870661
0.870664
0.870684
0.870705
0.870718
0.870734
0.870747
0.870835
0.870837
0.870851
0.870853
0.870854
0.870861
0.870864
0.870887
0.870913
0.870924
0.870938
0.870941
0.870947
0.870981
0.871014
0.871014
0.871018
0.871047
0.871071
0.871075
0.87108
0.871091
0.871101
0.871111
0.871117
0.871145
0.871171
0.871211
0.871221
0.87123
0.871251
0.871274
0.871281
0.871281
0.871303
0.87132
0.871351
0.87136
0.871371
0.871377
0.871394
0.871407
0.871418
0.871431
0.871461
0.871461
0.871463
0.871471
0.871477
0.871484
0.871495
0.871505
0.871614
0.871644
0.87168
0.871704
0.871721
0.871741
0.871768
0.871787
0.871801
0.871801
0.871803
0.871811
0.871818
0.871827
0.871867
0.87188
0.871887
0.871907
0.871914
0.871937
0.871947
0.871981
0.872004
0.872024
0.872027
0.872031
0.872035
0.872074
0.87209
0.872101
0.872108
0.872131
0.872187
0.872195
0.8722
0.872201
0.872214
0.872214
0.872221
0.872231
0.872244
0.87227
0.872277
0.872283
0.872294
0.872311
0.872327
0.872337
0.872387
0.872425
0.872443
0.872447
0.872451
0.872451
0.872467
0.872501
0.872504
0.872517
0.872524
0.872527
0.872531
0.872547
0.872551
0.872577
0.87258
0.872621
0.872655
0.872658
0.872658
0.872661
0.872667
0.872681
0.872711
0.872731
0.872734
0.872741
0.872844
0.872844
0.872851
0.872857
0.872861
0.872864
0.872871
0.872891
0.872961
0.872964
0.873007
0.873014
0.873015
0.873038
0.873054
0.873055
0.873071
0.873101
0.873104
0.873114
0.873124
0.873127
0.873134
0.873204
0.873221
0.873264
0.873271
0.873274
0.873281
0.873291
0.873291
0.873317
0.873327
0.873328
0.873334
0.873347
0.87335
0.873367
0.873375
0.873451
0.873468
0.873471
0.873484
0.873491
0.873531
0.873554
0.873558
0.873558
0.873601
0.873647
0.873648
0.873654
0.873654
0.873678
0.873681
0.873721
0.873724
0.873734
0.873743
0.873746
0.873775
0.873784
0.873804
0.873804
0.873821
0.873877
0.873914
0.873924
0.873928
0.874011
0.874031
0.874047
0.874056
0.874084
0.874091
0.874134
0.874145
0.874167
0.874174
0.874181
0.874184
0.874194
0.874197
0.874215
0.874228
0.874238
0.874241
0.874257
0.874303
0.874304
0.874311
0.874331
0.874334
0.874357
0.874394
0.874397
0.874398
0.874418
0.874427
0.874431
0.874448
0.874455
0.874461
0.874475
0.874491
0.874497
0.874538
0.874544
0.874545
0.874551
0.874558
0.874581
0.874601
0.874607
0.874611
0.874631
0.874643
0.874651
0.874684
0.874707
0.874708
0.87471
0.874721
0.874728
0.874764
0.874781
0.874807
0.874857
0.874864
0.874888
0.874891
0.874937
0.874964
0.874972
0.874988
0.875038
0.875061
0.875144
0.875157
0.875157
0.875167
0.875174
0.875177
0.875201
0.875231
0.875234
0.875237
0.875244
0.875248
0.875267
0.875318
0.875324
0.875331
0.875337
0.875337
0.875341
0.875344
0.875361
0.875398
0.875401
0.875404
0.875407
0.875417
0.875434
0.875438
0.875441
0.875441
0.875463
0.875468
0.875497
0.875524
0.875537
0.875538
0.875551
0.875565
0.875571
0.875584
0.875634
0.875648
0.875654
0.875694
0.87571
0.875715
0.875768
0.875787
0.875835
0.87587
0.875881
0.875897
0.875907
0.875911
0.875931
0.875935
0.875938
0.87595
0.875971
0.875975
0.875981
0.875984
0.875991
0.876011
0.876025
0.876034
0.876037
0.876044
0.876058
0.876081
0.876084
0.876098
0.876107
0.876117
0.876123
0.876124
0.876124
0.876131
0.876134
0.87614
0.876145
0.876177
0.876204
0.876205
0.876238
0.876258
0.876281
0.876291
0.876294
0.876304
0.876371
0.876377
0.876401
0.87641
0.876418
0.876444
0.876464
0.876468
0.876471
0.876478
0.876487
0.876504
0.876518
0.876535
0.876555
0.87656
0.876611
0.876614
0.876621
0.876628
0.87663
0.876631
0.876671
0.876688
0.876694
0.876701
0.876718
0.876741
0.876754
0.876757
0.87676
0.876778
0.876821
0.876824
0.876825
0.876864
0.876897
0.876918
0.876927
0.876937
0.876961
0.876968
0.87697
0.877005
0.877011
0.877011
0.877014
0.877077
0.877128
0.877167
0.877168
0.877181
0.877188
0.877244
0.877271
0.877297
0.877311
0.877314
0.877345
0.877367
0.87738
0.877407
0.877408
0.877408
0.877411
0.877424
0.877426
0.877431
0.877451
0.87748
0.877481
0.877491
0.877514
0.877557
0.877571
0.877597
0.877631
0.877657
0.877667
0.877674
0.877681
0.877715
0.877721
0.877731
0.877747
0.877748
0.877758
0.877771
0.877774
0.877777
0.877821
0.877834
0.877858
0.877874
0.877905
0.877911
0.877911
0.877931
0.877941
0.877984
0.877995
0.877995
0.878031
0.878077
0.878098
0.878111
0.878118
0.878132
0.878141
0.878174
0.878184
0.878254
0.878306
0.878311
0.878397
0.878398
0.878398
0.878422
0.878434
0.878447
0.87846
0.878481
0.878487
0.878541
0.878545
0.878547
0.878565
0.878601
0.878611
0.878621
0.878645
0.878656
0.878664
0.878664
0.878675
0.878694
0.878705
0.878711
0.878717
0.87873
0.878738
0.878744
0.878804
0.878828
0.878858
0.878898
0.878904
0.878927
0.878937
0.878938
0.878964
0.878991
0.879061
0.879084
0.87916
0.879168
0.879171
0.879174
0.879181
0.879181
0.879188
0.879191
0.879201
0.879225
0.879261
0.879264
0.879267
0.879267
0.879306
0.879357
0.879391
0.879405
0.879414
0.879438
0.879455
0.879478
0.879481
0.879511
0.87953
0.879534
0.879535
0.879585
0.879588
0.879588
0.879601
0.879651
0.879651
0.879655
0.879661
0.879678
0.879711
0.879761
0.879761
0.879806
0.879831
0.879854
0.879855
0.879871
0.879875
0.879881
0.879904
0.879911
0.87994
0.879978
0.879987
0.88001
0.880035
0.880036
0.880051
0.880067
0.880078
0.880098
0.88013
0.880134
0.880137
0.880141
0.880197
0.88021
0.880218
0.880228
0.880231
0.880251
0.880267
0.8803
0.880301
0.880308
0.880314
0.880321
0.880331
0.880338
0.880338
0.880341
0.880354
0.880358
0.880411
0.880417
0.880421
0.880424
0.880435
0.880437
0.880457
0.880468
0.880479
0.880487
0.88052
0.880575
0.880584
0.880588
0.88059
0.880648
0.880648
0.880657
0.880734
0.880734
0.880751
0.880756
0.880761
0.880761
0.880783
0.880808
0.880818
0.880861
0.880863
0.880884
0.880911
0.880924
0.880941
0.880974
0.880984
0.880985
0.881007
0.881007
0.881011
0.881025
0.881026
0.881031
0.881035
0.881041
0.881048
0.881051
0.881068
0.881081
0.88112
0.881125
0.881137
0.88115
0.881208
0.881234
0.881248
0.881254
0.881268
0.881314
0.881327
0.881331
0.881331
0.881348
0.881351
0.881354
0.881367
0.88138
0.881448
0.881448
0.881451
0.881481
0.8815
0.881501
0.88151
0.881521
0.881531
0.881534
0.881534
0.881548
0.881551
0.881564
0.881564
0.881598
0.881601
0.881617
0.881624
0.881638
0.881651
0.881653
0.881654
0.881688
0.8817
0.881717
0.881718
0.881738
0.881741
0.881748
0.881754
0.881758
0.881763
0.881774
0.881784
0.881804
0.88181
0.881821
0.881831
0.881841
0.881884
0.881885
0.881904
0.881924
0.881958
0.881983
0.881987
0.881998
0.88201
0.882044
0.882054
0.882057
0.882064
0.882064
0.882075
0.882127
0.882138
0.882144
0.882144
0.882148
0.882151
0.882167
0.882177
0.882181
0.882201
0.882207
0.882218
0.882237
0.882251
0.882254
0.882275
0.882281
0.882294
0.882295
0.882304
0.882311
0.882318
0.882328
0.882364
0.882378
0.882408
0.882441
0.882457
0.882471
0.8825
0.882514
0.882521
0.882521
0.882528
0.882538
0.882554
0.88256
0.882564
0.882567
0.882578
0.882608
0.882627
0.882631
0.882638
0.882651
0.88266
0.882661
0.882667
0.882684
0.882698
0.882707
0.882708
0.882714
0.882731
0.882761
0.882801
0.882851
0.882851
0.882924
0.88293
0.882934
0.882947
0.882957
0.882958
0.882984
0.88299
0.882998
0.883024
0.88303
0.883034
0.883101
0.883101
0.883107
0.883131
0.883147
0.883154
0.883171
0.883181
0.883184
0.883184
0.883191
0.883201
0.883207
0.883224
0.883254
0.883274
0.883328
0.883335
0.883338
0.883357
0.883358
0.883375
0.883388
0.883408
0.883424
0.883431
0.883471
0.883475
0.883477
0.883498
0.883501
0.883518
0.883521
0.883564
0.883571
0.883571
0.883584
0.883594
0.883597
0.883598
0.883608
0.883614
0.883624
0.883641
0.883654
0.883661
0.883668
0.883668
0.883673
0.883681
0.883684
0.883685
0.883688
0.883691
0.883694
0.883697
0.883714
0.883718
0.883724
0.883781
0.88379
0.883827
0.883841
0.88385
0.883851
0.883908
0.883911
0.883961
0.883984
0.883991
0.883994
0.884001
0.884038
0.884047
0.884071
0.884074
0.884081
0.884094
0.884111
0.884131
0.884134
0.884177
0.88418
0.884181
0.884205
0.884214
0.884243
0.884244
0.884271
0.884281
0.884288
0.884295
0.884325
0.884331
0.884361
0.884381
0.884391
0.884441
0.884451
0.884461
0.884477
0.884478
0.884543
0.884546
0.884548
0.884551
0.884554
0.884601
0.884618
0.884625
0.884658
0.884681
0.884721
0.884767
0.884781
0.884783
0.884803
0.884817
0.884877
0.884887
0.884894
0.884948
0.884954
0.884961
0.884977
0.884981
0.885028
0.885031
0.885057
0.885064
0.885067
0.88507
0.885074
0.885108
0.885127
0.885131
0.885147
0.885228
0.885261
0.885317
0.885327
0.885344
0.885348
0.885357
0.885374
0.885405
0.88542
0.885425
0.885441
0.885445
0.885455
0.885468
0.885498
0.885508
0.885521
0.885534
0.885541
0.885545
0.885551
0.885574
0.88559
0.885595
0.885604
0.885615
0.885615
0.885644
0.885648
0.885654
0.885681
0.885741
0.88575
0.885771
0.885774
0.885781
0.885821
0.885827
0.885864
0.885864
0.8859
0.885907
0.885937
0.885947
0.885951
0.885957
0.885978
0.885984
0.885984
0.885994
0.886001
0.886021
0.886028
0.886037
0.886058
0.886101
0.886131
0.886134
0.886171
0.886225
0.886231
0.886234
0.886238
0.886257
0.886308
0.886321
0.886331
0.886341
0.886349
0.88635
0.886384
0.886385
0.886391
0.886408
0.886417
0.886428
0.88643
0.886431
0.886441
0.886453
0.88648
0.886481
0.886494
0.886514
0.886525
0.886531
0.886531
0.886567
0.886574
0.886611
0.886614
0.886617
0.886651
0.886684
0.886701
0.886704
0.886708
0.886721
0.886725
0.886733
0.886734
0.886738
0.886747
0.88677
0.886775
0.886797
0.886804
0.886814
0.886871
0.886874
0.886894
0.886917
0.886921
0.886944
0.88696
0.886984
0.886994
0.886998
0.887004
0.887055
0.887077
0.887078
0.887088
0.887097
0.887105
0.887118
0.887124
0.887147
0.887167
0.887174
0.887194
0.887214
0.887214
0.887224
0.887235
0.887238
0.887251
0.887261
0.887291
0.887321
0.887324
0.887371
0.887371
0.887371
0.887381
0.887397
0.887405
0.887427
0.887431
0.887438
0.887478
0.887497
0.887504
0.887504
0.887505
0.887527
0.887537
0.887538
0.887544
0.887564
0.887567
0.887595
0.887635
0.887693
0.88775
0.887761
0.887764
0.887788
0.887797
0.887884
0.887928
0.887938
0.887961
0.887964
0.887977
0.888011
0.888024
0.888058
0.888074
0.888078
0.888121
0.888128
0.888128
0.888141
0.888141
0.888183
0.888214
0.888234
0.888258
0.888287
0.888291
0.888331
0.888334
0.888371
0.888378
0.888387
0.888391
0.88841
0.888411
0.888411
0.888451
0.888461
0.888484
0.888508
0.888521
0.888537
0.888554
0.888554
0.888611
0.888621
0.888631
0.888641
0.888654
0.88866
0.88867
0.888694
0.888697
0.888697
0.888704
0.888774
0.888775
0.888824
0.888825
0.888828
0.888847
0.888853
0.888858
0.888874
0.888884
0.888894
0.888948
0.88897
0.889007
0.889011
0.889024
0.889024
0.889027
0.889034
0.889054
0.889057
0.889058
0.889061
0.889071
0.889084
0.88911
0.889151
0.889154
0.889155
0.889178
0.889198
0.889208
0.889218
0.889224
0.889244
0.889261
0.889291
0.889294
0.889294
0.889301
0.889307
0.889354
0.889381
0.889398
0.889424
0.889445
0.889451
0.889477
0.889483
0.889484
0.889494
0.889494
0.889507
0.88951
0.889517
0.889537
0.889547
0.889568
0.889598
0.889607
0.889608
0.889615
0.889621
0.889635
0.889658
0.889671
0.889728
0.889754
0.889771
0.889808
0.889815
0.889885
0.889887
0.889901
0.889904
0.889911
0.889924
0.889941
0.889947
0.889954
0.889961
0.889967
0.889968
0.889984
0.889987
0.890004
0.890028
0.890038
0.890038
0.890058
0.890071
0.890121
0.890154
0.890157
0.890164
0.890178
0.890178
0.890188
0.890228
0.890234
0.890237
0.890244
0.890257
0.890271
0.890284
0.890294
0.890294
0.890298
0.89031
0.890311
0.890328
0.890331
0.890337
0.890338
0.890338
0.890347
0.890374
0.890405
0.890448
0.890461
0.890461
0.890465
0.890474
0.890487
0.890494
0.890507
0.89051
0.890531
0.890558
0.890568
0.890575
0.890595
0.890658
0.890661
0.890688
0.890703
0.890704
0.890704
0.890748
0.890751
0.890771
0.890778
0.890784
0.890788
0.89079
0.890845
0.890861
0.890868
0.890871
0.890884
0.890894
0.8909
0.890904
0.890907
0.890945
0.890955
0.890967
0.890967
0.890987
0.891051
0.891061
0.891107
0.891111
0.891118
0.891167
0.891307
0.891324
0.89135
0.891351
0.891394
0.891438
0.891441
0.891461
0.891473
0.891495
0.891508
0.891528
0.891544
0.891551
0.891567
0.891584
0.891584
0.891585
0.891607
0.89161
0.891625
0.891638
0.891656
0.891685
0.891698
0.891701
0.891727
0.891745
0.891767
0.891791
0.891797
0.891805
0.891821
0.891823
0.891827
0.891841
0.891877
0.891891
0.891905
0.891927
0.891935
0.891964
0.891984
0.891984
0.891997
0.891998
0.892007
0.892033
0.892033
0.892051
0.892061
0.892064
0.892071
0.892074
0.892077
0.89208
0.892084
0.892085
0.892111
0.892121
0.892137
0.892144
0.892178
0.892193
0.892201
0.892235
0.892245
0.892268
0.892294
0.89232
0.892321
0.892328
0.892345
0.892347
0.892365
0.892381
0.892384
0.892391
0.892396
0.892418
0.892418
0.892427
0.89245
0.892457
0.892467
0.892468
0.892484
0.892507
0.892511
0.892521
0.892538
0.892561
0.892567
0.892604
0.892628
0.892654
0.892674
0.892698
0.892718
0.892724
0.892747
0.892748
0.89275
0.892761
0.892767
0.892778
0.892835
0.892845
0.89285
0.892861
0.892874
0.89289
0.892901
0.892904
0.892917
0.892921
0.892951
0.892953
0.892961
0.892961
0.892973
0.892974
0.892974
0.892997
0.893024
0.893034
0.893078
0.893091
0.893141
0.893144
0.893174
0.893244
0.893288
0.893304
0.893321
0.893337
0.893337
0.893347
0.893351
0.893371
0.893385
0.893421
0.893427
0.893444
0.893466
0.89349
0.893494
0.893497
0.893511
0.893511
0.893538
0.893544
0.893568
0.893584
0.893584
0.893614
0.893635
0.89365
0.893654
0.893661
0.893698
0.893721
0.893731
0.893731
0.893747
0.893757
0.893778
0.893804
0.89382
0.893911
0.893921
0.893978
0.893981
0.893984
0.893984
0.893998
0.894018
0.894021
0.894057
0.894074
0.894118
0.89414
0.894143
0.894148
0.894161
0.894184
0.894201
0.894208
0.894228
0.894254
0.894268
0.894274
0.894291
0.894351
0.894367
0.894371
0.894378
0.894381
0.894408
0.894431
0.894433
0.894434
0.894444
0.894457
0.894474
0.894505
0.894517
0.894551
0.894561
0.894561
0.894567
0.894568
0.894571
0.894601
0.894624
0.89463
0.894647
0.894667
0.89469
0.894697
0.894698
0.894701
0.894727
0.894742
0.894751
0.894768
0.894785
0.894794
0.894807
0.894821
0.894825
0.894844
0.894847
0.894867
0.894911
0.894921
0.894921
0.894948
0.894954
0.895011
0.895027
0.895048
0.895054
0.895058
0.895067
0.895111
0.895128
0.895157
0.895165
0.895181
0.895217
0.895244
0.895245
0.895254
0.895261
0.895274
0.89529
0.895291
0.895298
0.895318
0.895327
0.895354
0.895364
0.895367
0.895391
0.895425
0.895448
0.895455
0.895458
0.895531
0.895551
0.895561
0.895578
0.895601
0.895601
0.895636
0.895644
0.895671
0.895691
0.895691
0.895701
0.895704
0.895717
0.895751
0.895764
0.895791
0.895845
0.895847
0.895861
0.895884
0.895911
0.895911
0.895917
0.895921
0.895941
0.895958
0.895988
0.896031
0.896048
0.896055
0.896067
0.896078
0.896097
0.896117
0.89612
0.896134
0.896138
0.896147
0.896194
0.896204
0.896211
0.896211
0.896211
0.896217
0.896244
0.896248
0.896251
0.896288
0.896321
0.896341
0.896381
0.896388
0.896417
0.896417
0.896434
0.896444
0.896448
0.896474
0.896508
0.896527
0.896545
0.896551
0.896557
0.896591
0.896601
0.896624
0.896635
0.896658
0.896667
0.896691
0.896701
0.896721
0.896744
0.896748
0.896754
0.896798
0.896808
0.896811
0.896821
0.896824
0.896831
0.896844
0.896885
0.896888
0.896921
0.896924
0.896944
0.89697
0.896975
0.896984
0.897038
0.897054
0.897057
0.897074
0.897088
0.897111
0.897114
0.897121
0.897125
0.897131
0.897138
0.897158
0.897208
0.897231
0.897251
0.897255
0.897271
0.897274
0.897294
0.897314
0.897357
0.897371
0.897421
0.897431
0.897434
0.897481
0.897487
0.897507
0.897521
0.897524
0.897528
0.897558
0.897567
0.897583
0.897601
0.897605
0.897607
0.897617
0.897637
0.897639
0.897641
0.897657
0.897698
0.897728
0.897731
0.897744
0.897748
0.897771
0.897781
0.897781
0.897788
0.897811
0.897814
0.897815
0.897857
0.89786
0.897874
0.897898
0.897901
0.897921
0.897928
0.897938
0.897975
0.897994
0.897997
0.898004
0.898004
0.898008
0.898031
0.898038
0.898054
0.898131
0.898178
0.898188
0.898198
0.898218
0.898234
0.898234
0.898247
0.898251
0.898261
0.898281
0.898288
0.898293
0.898307
0.898308
0.898337
0.898361
0.898371
0.898431
0.898477
0.898514
0.898534
0.898534
0.898561
0.898567
0.898571
0.898574
0.898581
0.89859
0.898627
0.898628
0.898644
0.898651
0.898651
0.898681
0.898688
0.898691
0.898724
0.898814
0.898817
0.898858
0.898871
0.898893
0.898901
0.898907
0.898907
0.898911
0.898928
0.898957
0.89899
0.898991
0.898991
0.899044
0.899051
0.899061
0.899084
0.899084
0.89913
0.899131
0.899154
0.899171
0.899178
0.899194
0.89922
0.899227
0.89923
0.899237
0.899247
0.899297
0.899305
0.899317
0.899324
0.899331
0.899334
0.899344
0.899345
0.89937
0.899378
0.899394
0.899394
0.899418
0.899421
0.899424
0.899445
0.899494
0.899497
0.899521
0.899528
0.899617
0.89963
0.899644
0.899651
0.899717
0.899737
0.899744
0.899747
0.899788
0.899801
0.899807
0.899861
0.899874
0.899894
0.899894
0.899904
0.899914
0.899951
0.899961
0.899964
0.900017
0.900027
0.900061
0.900071
0.90008
0.900084
0.900084
0.900104
0.900108
0.900121
0.900154
0.900158
0.900178
0.900184
0.900188
0.900208
0.900218
0.900221
0.900241
0.900241
0.900248
0.900255
0.900261
0.900291
0.900304
0.900308
0.900314
0.900348
0.900367
0.900368
0.900368
0.900378
0.900428
0.900431
0.900458
0.900467
0.900497
0.900511
0.900511
0.900541
0.900551
0.90057
0.900578
0.900601
0.900624
0.90063
0.900656
0.900671
0.900714
0.900724
0.900751
0.900761
0.900824
0.900841
0.900857
0.900894
0.900911
0.900928
0.900937
0.900968
0.900971
0.901028
0.901054
0.901057
0.901088
0.901131
0.901144
0.901168
0.901171
0.901181
0.901211
0.901211
0.901238
0.901258
0.901307
0.901361
0.901417
0.901431
0.901441
0.901475
0.901528
0.901538
0.901538
0.901538
0.901551
0.901557
0.901558
0.901561
0.901611
0.901631
0.901634
0.901638
0.901664
0.901671
0.901675
0.901701
0.901704
0.901727
0.901731
0.901735
0.901751
0.901754
0.901781
0.901786
0.901794
0.901828
0.901837
0.901845
0.901858
0.901937
0.901943
0.901951
0.901967
0.901975
0.901977
0.901978
0.90199
0.902018
0.902018
0.902038
0.902081
0.902088
0.902127
0.902144
0.902144
0.902148
0.902161
0.902174
0.902174
0.902231
0.90224
0.902247
0.902251
0.902278
0.902284
0.902301
0.902334
0.902381
0.902381
0.902387
0.902397
0.902414
0.902418
0.902421
0.902424
0.902451
0.902464
0.9025
0.902527
0.902534
0.902557
0.90257
0.902658
0.902684
0.902698
0.902701
0.902701
0.902704
0.902711
0.902728
0.902735
0.902754
0.902761
0.902764
0.902773
0.902808
0.902818
0.902821
0.902851
0.902865
0.902897
0.902904
0.902905
0.902921
0.902928
0.902935
0.902951
0.902954
0.902964
0.902968
0.90297
0.902981
0.902987
0.903004
0.903017
0.903028
0.903034
0.903064
0.903091
0.903127
0.903141
0.903191
0.903191
0.903254
0.903254
0.903258
0.903264
0.903291
0.903304
0.903338
0.903378
0.903387
0.903408
0.903408
0.903425
0.903473
0.903487
0.903494
0.903534
0.903541
0.903545
0.903585
0.903587
0.903588
0.90365
0.903654
0.903691
0.903691
0.903694
0.903733
0.903808
0.903814
0.903834
0.903846
0.903857
0.903875
0.903891
0.903894
0.903897
0.903897
0.903911
0.903914
0.903918
0.903918
0.903994
0.903995
0.904007
0.904007
0.904051
0.904051
0.904067
0.904071
0.904074
0.904114
0.904121
0.904144
0.904145
0.904148
0.904194
0.904218
0.904224
0.904228
0.904251
0.904251
0.904267
0.904281
0.904281
0.904284
0.904331
0.904344
0.904351
0.904361
0.904391
0.90441
0.904411
0.904415
0.904427
0.904431
0.904461
0.904471
0.90448
0.904537
0.904557
0.904577
0.904678
0.904721
0.904738
0.904757
0.904758
0.904764
0.904784
0.90484
0.904841
0.904847
0.904878
0.904894
0.904941
0.904967
0.904974
0.904978
0.904987
0.904987
0.904988
0.904997
0.905005
0.905014
0.90502
0.905088
0.905107
0.905117
0.905137
0.905161
0.905161
0.905167
0.905173
0.905174
0.90518
0.905208
0.905254
0.905257
0.905271
0.905274
0.905283
0.905288
0.905327
0.905331
0.905361
0.905371
0.905374
0.905398
0.905411
0.905421
0.905448
0.905481
0.905484
0.90549
0.905491
0.905504
0.905554
0.905558
0.905601
0.905608
0.905614
0.905617
0.905621
0.905624
0.905624
0.905645
0.90568
0.905698
0.905701
0.905724
0.905738
0.905758
0.905764
0.905838
0.905868
0.905874
0.905897
0.905901
0.905931
0.905971
0.905975
0.905983
0.90601
0.906014
0.906025
0.906059
0.906065
0.906098
0.906118
0.906127
0.906141
0.906147
0.906147
0.906181
0.906184
0.90623
0.90623
0.906274
0.906284
0.906328
0.906364
0.906387
0.906397
0.906438
0.906457
0.906468
0.906511
0.906521
0.906521
0.906547
0.906547
0.906548
0.906561
0.906564
0.906565
0.906571
0.906581
0.906581
0.906587
0.90663
0.906641
0.906658
0.906664
0.906665
0.906713
0.906714
0.906724
0.906725
0.906727
0.906741
0.906751
0.906771
0.906774
0.906834
0.906881
0.906891
0.9069
0.906907
0.906907
0.906944
0.906978
0.907018
0.907037
0.907041
0.907058
0.907097
0.907101
0.907104
0.907137
0.907147
0.907147
0.907154
0.907157
0.907158
0.90716
0.907177
0.907178
0.907214
0.907218
0.907235
0.907337
0.907341
0.907354
0.907391
0.907454
0.907505
0.907511
0.907517
0.907538
0.907551
0.907551
0.907558
0.907571
0.907581
0.907588
0.907591
0.907598
0.907611
0.907631
0.907657
0.907674
0.907684
0.907697
0.907723
0.907737
0.90774
0.907744
0.907747
0.907777
0.907818
0.907828
0.907891
0.907894
0.907895
0.907904
0.907924
0.907947
0.907951
0.907965
0.907975
0.907997
0.908003
0.908004
0.908024
0.908047
0.908064
0.908071
0.908095
0.908111
0.908128
0.908165
0.908168
0.90818
0.908188
0.908225
0.908228
0.908241
0.908244
0.908284
0.908288
0.908298
0.908311
0.908318
0.908354
0.908397
0.908398
0.908417
0.908418
0.908441
0.908451
0.908457
0.908464
0.908465
0.908481
0.908501
0.908501
0.908531
0.908531
0.908564
0.908608
0.908624
0.908628
0.908637
0.908641
0.908641
0.908681
0.90871
0.908748
0.908814
0.908821
0.908825
0.908831
0.908841
0.908865
0.908901
0.908931
0.908971
0.908981
0.908994
0.909017
0.909031
0.909057
0.909081
0.909081
0.909134
0.909144
0.90916
0.909171
0.909171
0.909175
0.909238
0.909251
0.909295
0.909301
0.909311
0.909321
0.909347
0.909351
0.909378
0.909378
0.909427
0.909438
0.909451
0.909457
0.909467
0.90948
0.909488
0.909491
0.909561
0.909574
0.909577
0.909584
0.909591
0.909591
0.909594
0.909654
0.909664
0.909697
0.909721
0.909724
0.909729
0.909738
0.909741
0.909777
0.909787
0.909791
0.909837
0.90986
0.909878
0.90988
0.909891
0.909897
0.909924
0.909944
0.909981
0.909983
0.910031
0.910041
0.910053
0.910138
0.910165
0.910168
0.910191
0.910215
0.910234
0.910236
0.910254
0.910261
0.910277
0.910281
0.910305
0.910327
0.910353
0.910395
0.910415
0.910421
0.910434
0.910464
0.910491
0.910514
0.910524
0.910531
0.910541
0.910564
0.910574
0.910597
0.910607
0.910607
0.910624
0.910641
0.910641
0.910648
0.91067
0.910744
0.910748
0.910755
0.910774
0.910827
0.910834
0.910835
0.910837
0.910838
0.910844
0.910864
0.910891
0.910933
0.910951
0.910955
0.91099
0.911034
0.91105
0.911051
0.9111
0.911138
0.911141
0.911154
0.911178
0.911201
0.911238
0.91124
0.911247
0.911248
0.911258
0.91126
0.911268
0.911278
0.91131
0.911318
0.911324
0.911348
0.911371
0.911375
0.91138
0.911404
0.91141
0.911421
0.911421
0.911424
0.911444
0.911468
0.911491
0.911494
0.911511
0.911514
0.911545
0.911571
0.911588
0.911608
0.911621
0.911673
0.911677
0.911684
0.911711
0.911714
0.911721
0.91173
0.911761
0.911781
0.911794
0.911801
0.911847
0.911864
0.911911
0.911947
0.911954
0.912017
0.912034
0.912038
0.912041
0.912048
0.912051
0.912091
0.912131
0.912134
0.912158
0.912171
0.912171
0.912174
0.912174
0.912175
0.912231
0.912251
0.912268
0.912275
0.912284
0.912284
0.912285
0.912304
0.912321
0.912341
0.912367
0.912397
0.912403
0.912424
0.912447
0.912458
0.912464
0.912467
0.912487
0.912511
0.912531
0.912531
0.912534
0.912558
0.912571
0.912577
0.912638
0.912641
0.912661
0.912674
0.912707
0.912721
0.912727
0.912734
0.912834
0.912848
0.912851
0.912874
0.912877
0.912921
0.912924
0.912961
0.912971
0.912991
0.912995
0.913028
0.913031
0.913053
0.913071
0.913121
0.913145
0.913151
0.913157
0.913171
0.91318
0.913201
0.913245
0.913248
0.913268
0.913271
0.913277
0.913285
0.913294
0.913298
0.913308
0.913364
0.913364
0.91338
0.913385
0.913431
0.913445
0.913461
0.913464
0.913485
0.913494
0.913501
0.913541
0.91357
0.913584
0.913588
0.913598
0.913611
0.913611
0.913644
0.913651
0.913654
0.913661
0.913678
0.913694
0.913698
0.913771
0.913774
0.913801
0.913801
0.913824
0.913835
0.913847
0.913876
0.913897
0.913901
0.913911
0.913918
0.913954
0.913971
0.913978
0.914001
0.914005
0.914047
0.914055
0.914064
0.914064
0.914071
0.914088
0.914101
0.914181
0.914184
0.914215
0.914218
0.914225
0.914228
0.914251
0.914308
0.914311
0.914358
0.914374
0.914381
0.914384
0.914388
0.91439
0.914414
0.914421
0.914424
0.914454
0.914454
0.914457
0.914468
0.914488
0.914491
0.914494
0.914511
0.914547
0.914547
0.914551
0.914598
0.914599
0.91463
0.914641
0.914694
0.914694
0.914738
0.914738
0.914747
0.914771
0.914791
0.914798
0.914811
0.914834
0.914841
0.914908
0.914925
0.914931
0.914967
0.914998
0.915017
0.915038
0.915038
0.915038
0.91507
0.915078
0.915081
0.915091
0.915111
0.915145
0.915158
0.915171
0.915191
0.915261
0.915278
0.915284
0.915304
0.915314
0.915321
0.91536
0.915368
0.915371
0.915374
0.915378
0.915411
0.915424
0.915458
0.915494
0.915501
0.915534
0.91555
0.915551
0.915569
0.91559
0.915594
0.915611
0.915657
0.915661
0.915674
0.915677
0.915681
0.915697
0.915731
0.915731
0.915754
0.915761
0.915777
0.915805
0.915838
0.915891
0.915911
0.916008
0.916009
0.916037
0.916041
0.916067
0.916098
0.916101
0.916147
0.916174
0.916188
0.916207
0.916211
0.916238
0.916255
0.916257
0.916265
0.916278
0.916284
0.916304
0.916304
0.916305
0.916317
0.916344
0.916357
0.916361
0.916391
0.916408
0.916417
0.916437
0.916464
0.916468
0.916485
0.916494
0.91655
0.916591
0.916594
0.916628
0.916648
0.916651
0.916698
0.916714
0.916724
0.916725
0.916744
0.916761
0.916774
0.916784
0.916794
0.916831
0.916848
0.916857
0.916887
0.916895
0.916934
0.916971
0.916981
0.916988
0.91699
0.917035
0.917068
0.917073
0.917084
0.917101
0.917114
0.917114
0.917114
0.917115
0.917117
0.91712
0.917121
0.917148
0.917148
0.917167
0.91722
0.917284
0.917314
0.917324
0.91733
0.917331
0.917341
0.917341
0.91735
0.917365
0.917367
0.917387
0.917434
0.917454
0.917471
0.917477
0.917481
0.917505
0.917515
0.917561
0.917575
0.917587
0.917601
0.917608
0.917637
0.91766
0.917664
0.917684
0.917687
0.917701
0.917711
0.917744
0.917801
0.917824
0.917834
0.917847
0.917868
0.917901
0.917924
0.917924
0.917971
0.917971
0.917993
0.918024
0.918044
0.918051
0.918054
0.918091
0.918104
0.918135
0.918145
0.918184
0.918198
0.918241
0.918281
0.918294
0.918308
0.918308
0.918314
0.918318
0.918344
0.918351
0.918371
0.918374
0.918391
0.918397
0.918443
0.918464
0.918484
0.918495
0.918501
0.918504
0.918508
0.91851
0.918567
0.918638
0.918651
0.918651
0.918657
0.918664
0.918687
0.918688
0.918704
0.918718
0.918747
0.918778
0.918784
0.918797
0.918801
0.918815
0.918821
0.918891
0.918901
0.918921
0.918938
0.918954
0.91898
0.918985
0.918988
0.919014
0.919015
0.919021
0.919027
0.919038
0.919064
0.919101
0.919121
0.919137
0.919138
0.919171
0.919181
0.919207
0.919231
0.919265
0.919271
0.919278
0.919298
0.91932
0.919337
0.919347
0.919361
0.919378
0.919384
0.919388
0.919398
0.919415
0.919444
0.919451
0.919458
0.919468
0.919474
0.919504
0.919534
0.919571
0.919591
0.919601
0.919627
0.919671
0.919687
0.919694
0.919751
0.919757
0.919811
0.919814
0.919824
0.919825
0.919828
0.919871
0.919907
0.919938
0.919987
0.920018
0.920044
0.920045
0.920047
0.920061
0.920077
0.920175
0.920187
0.920198
0.920201
0.920214
0.920215
0.920237
0.920258
0.920294
0.920305
0.920317
0.920334
0.920371
0.920404
0.920444
0.920458
0.92047
0.920501
0.920511
0.920511
0.920514
0.920534
0.920544
0.920558
0.920578
0.92065
0.920658
0.920733
0.920764
0.920784
0.920811
0.920827
0.920838
0.920861
0.920884
0.920897
0.920901
0.920933
0.920941
0.920945
0.920951
0.920968
0.921001
0.921014
0.921039
0.921044
0.921063
0.921064
0.921071
0.921107
0.921111
0.921111
0.921141
0.921147
0.921151
0.921174
0.921178
0.921225
0.921225
0.921248
0.921261
0.921268
0.921277
0.921281
0.921291
0.92135
0.921351
0.921355
0.921371
0.921397
0.9214
0.921401
0.921404
0.921424
0.921427
0.921444
0.921474
0.921478
0.921514
0.921561
0.921561
0.921591
0.921597
0.921598
0.921617
0.921617
0.921637
0.921655
0.921681
0.921707
0.921714
0.921737
0.921774
0.921781
0.921794
0.921808
0.921824
0.921831
0.921841
0.921841
0.92186
0.921923
0.921947
0.921971
0.922011
0.922064
0.922075
0.92208
0.922094
0.922101
0.92211
0.922123
0.922124
0.922131
0.922201
0.922231
0.922241
0.922251
0.922258
0.922265
0.922265
0.922308
0.922315
0.922351
0.922358
0.92237
0.922381
0.92239
0.922394
0.922411
0.922438
0.922448
0.922484
0.922487
0.922508
0.92251
0.922514
0.922535
0.922554
0.922567
0.922587
0.922618
0.922624
0.922671
0.922681
0.922685
0.922698
0.922707
0.922731
0.92277
0.922778
0.922825
0.922825
0.922877
0.922877
0.92289
0.922891
0.922917
0.922918
0.922928
0.922954
0.922971
0.922975
0.923021
0.923074
0.923104
0.923104
0.923111
0.923115
0.923128
0.92313
0.923143
0.923151
0.923197
0.923214
0.923245
0.923251
0.923268
0.923271
0.923281
0.923411
0.923427
0.923434
0.923437
0.923448
0.923451
0.923461
0.923471
0.923474
0.923488
0.92352
0.923537
0.923548
0.923554
0.923554
0.923591
0.923631
0.923654
0.923658
0.923707
0.92372
0.923728
0.923733
0.923784
0.923818
0.923831
0.923844
0.923864
0.923887
0.923903
0.923911
0.923937
0.92395
0.923957
0.923961
0.923981
0.923985
0.923991
0.924011
0.924014
0.924018
0.924031
0.924041
0.924041
0.924047
0.924047
0.924091
0.924108
0.924137
0.924147
0.924195
0.924221
0.924231
0.924244
0.924251
0.924264
0.924288
0.924298
0.924337
0.924381
0.924391
0.924417
0.924428
0.924451
0.924495
0.924501
0.924501
0.924524
0.924548
0.924554
0.924555
0.924591
0.924674
0.924681
0.924707
0.924718
0.924724
0.924728
0.924787
0.924827
0.924828
0.92483
0.924844
0.924861
0.924862
0.924891
0.924891
0.924958
0.924965
0.924978
0.924987
0.925151
0.925198
0.92522
0.925225
0.925227
0.925231
0.925235
0.925244
0.925245
0.925265
0.925268
0.925318
0.925321
0.925383
0.925387
0.925388
0.925391
0.925394
0.925395
0.925431
0.925444
0.925471
0.925501
0.925517
0.925551
0.925571
0.925594
0.925614
0.925621
0.925674
0.925684
0.925714
0.925721
0.925724
0.925787
0.925797
0.925807
0.925814
0.925871
0.925878
0.925897
0.925904
0.925921
0.926021
0.926051
0.926051
0.926061
0.926064
0.926077
0.926084
0.926121
0.926141
0.926144
0.926151
0.926158
0.926158
0.92618
0.926214
0.926244
0.926261
0.926261
0.926284
0.926322
0.926328
0.926367
0.926388
0.926411
0.926421
0.926424
0.926487
0.926498
0.926531
0.926538
0.926564
0.926568
0.926584
0.926587
0.926587
0.926604
0.926621
0.926637
0.926647
0.926665
0.926667
0.926681
0.926681
0.926735
0.926747
0.926755
0.926767
0.926771
0.926774
0.926794
0.926824
0.926825
0.926834
0.926877
0.926895
0.926897
0.9269
0.926901
0.926945
0.926954
0.926967
0.926987
0.927011
0.927011
0.927028
0.927041
0.927051
0.927068
0.927074
0.927084
0.927087
0.92709
0.927097
0.927155
0.927157
0.927161
0.927184
0.927188
0.927188
0.927191
0.927207
0.927225
0.927251
0.927367
0.927397
0.927397
0.927424
0.927431
0.927462
0.927497
0.927524
0.927541
0.927557
0.927597
0.927608
0.927654
0.927654
0.927685
0.927687
0.927691
0.927758
0.927817
0.927824
0.927871
0.927891
0.927924
0.927951
0.927971
0.927985
0.927991
0.928011
0.928041
0.928068
0.928068
0.928071
0.928097
0.928155
0.928165
0.928197
0.928211
0.928301
0.928347
0.928361
0.928374
0.928377
0.928421
0.928481
0.928488
0.928491
0.92852
0.928541
0.928542
0.928575
0.928603
0.928631
0.928701
0.928737
0.928746
0.928754
0.928758
0.928778
0.928788
0.928791
0.928828
0.928857
0.928868
0.928874
0.928918
0.928921
0.928937
0.928968
0.929014
0.929041
0.929058
0.929061
0.929064
0.929074
0.929097
0.929108
0.929111
0.929111
0.929114
0.929114
0.929131
0.929131
0.929187
0.929191
0.929268
0.929278
0.929327
0.929334
0.929351
0.929354
0.929397
0.929421
0.929428
0.929434
0.929461
0.929473
0.929478
0.929544
0.929585
0.929587
0.929588
0.929621
0.929624
0.929631
0.929641
0.929654
0.929731
0.929735
0.929741
0.929751
0.929761
0.929764
0.929771
0.929791
0.929794
0.929801
0.929814
0.929817
0.929821
0.929831
0.929881
0.929921
0.929923
0.930001
0.930065
0.930098
0.930111
0.93016
0.930161
0.930161
0.930174
0.930177
0.930184
0.930188
0.930207
0.930241
0.930264
0.930295
0.930324
0.930331
0.930348
0.930351
0.930368
0.930371
0.930378
0.930384
0.93039
0.930391
0.930401
0.930427
0.930434
0.930437
0.930524
0.930547
0.930561
0.930571
0.930608
0.930614
0.930621
0.930651
0.930665
0.930671
0.930675
0.930678
0.930681
0.930685
0.930731
0.93077
0.930801
0.930805
0.93082
0.930854
0.930864
0.930881
0.930888
0.930888
0.930895
0.930951
0.930954
0.930954
0.930961
0.930977
0.931001
0.931008
0.931033
0.93108
0.931098
0.931117
0.931128
0.931164
0.931164
0.931167
0.931181
0.931238
0.931241
0.931283
0.931318
0.931341
0.931364
0.931394
0.931411
0.931437
0.931441
0.931454
0.931454
0.931458
0.931514
0.931544
0.931548
0.931557
0.931591
0.931631
0.931644
0.931648
0.931653
0.931677
0.931681
0.931694
0.931697
0.931701
0.931737
0.931767
0.931774
0.931807
0.931821
0.931841
0.93188
0.931901
0.931934
0.931948
0.932001
0.932008
0.932074
0.932101
0.932103
0.932117
0.932121
0.932144
0.932151
0.932151
0.932185
0.932201
0.932251
0.932254
0.932255
0.932308
0.932331
0.932381
0.932438
0.932488
0.932494
0.932511
0.932521
0.932554
0.932571
0.932587
0.932628
0.932634
0.93266
0.932698
0.932717
0.932721
0.932748
0.932887
0.932914
0.932934
0.932977
0.932991
0.932997
0.933001
0.933011
0.933021
0.933021
0.933108
0.933114
0.933114
0.933121
0.933131
0.933157
0.933157
0.933171
0.933194
0.933217
0.933237
0.933255
0.933257
0.93328
0.933291
0.933298
0.933351
0.933357
0.933361
0.933388
0.933417
0.933428
0.933431
0.933441
0.933471
0.933511
0.933525
0.933545
0.93358
0.933627
0.933628
0.933634
0.933654
0.933664
0.933678
0.933688
0.933701
0.933711
0.933714
0.933714
0.933741
0.933771
0.933798
0.933844
0.933888
0.933894
0.933905
0.933924
0.933928
0.933935
0.933938
0.93395
0.933961
0.933964
0.933981
0.933985
0.933991
0.934047
0.934055
0.934088
0.934104
0.934104
0.934125
0.934157
0.934165
0.934197
0.934224
0.934227
0.934244
0.934301
0.934318
0.934351
0.934368
0.93437
0.934401
0.934411
0.934421
0.934448
0.934474
0.934478
0.934484
0.934511
0.934534
0.934544
0.934557
0.934565
0.934631
0.934634
0.934694
0.934725
0.934807
0.934841
0.934874
0.934878
0.934881
0.934954
0.934955
0.934971
0.935034
0.935114
0.935141
0.935141
0.935144
0.935157
0.935185
0.935214
0.935251
0.935255
0.935301
0.935301
0.935331
0.935354
0.935367
0.935371
0.935374
0.935401
0.935467
0.935501
0.935514
0.935535
0.935561
0.935584
0.935597
0.935624
0.935654
0.935675
0.935675
0.935708
0.935718
0.935731
0.93578
0.935794
0.935801
0.935808
0.935904
0.935904
0.935931
0.935958
0.936057
0.936107
0.936107
0.936134
0.936148
0.936201
0.93622
0.936304
0.936414
0.936424
0.936427
0.936428
0.936438
0.936445
0.936445
0.936478
0.936494
0.936498
0.936514
0.936521
0.936597
0.936607
0.936621
0.936635
0.93664
0.936678
0.936705
0.936717
0.936785
0.936794
0.936814
0.936815
0.936864
0.936868
0.936871
0.936937
0.936954
0.936981
0.936981
0.937001
0.937017
0.937018
0.937067
0.937071
0.937071
0.937074
0.937087
0.937088
0.937101
0.937105
0.93712
0.937138
0.937155
0.937167
0.937194
0.937201
0.937255
0.937258
0.93728
0.937354
0.937357
0.937361
0.937401
0.937415
0.937421
0.937431
0.937435
0.937461
0.937508
0.937555
0.937581
0.937631
0.937634
0.937671
0.937704
0.937761
0.937764
0.937787
0.937791
0.937811
0.937814
0.937815
0.937818
0.937831
0.937887
0.937894
0.937894
0.937904
0.93791
0.937931
0.937944
0.937948
0.937955
0.937968
0.938011
0.938018
0.938037
0.938038
0.938038
0.938054
0.938061
0.938074
0.938087
0.938134
0.938241
0.938281
0.938288
0.938368
0.938404
0.938411
0.938447
0.938461
0.938477
0.938541
0.938548
0.938605
0.938625
0.938634
0.938664
0.938668
0.938794
0.938801
0.938831
0.938871
0.938881
0.938891
0.938911
0.938931
0.938981
0.939018
0.939035
0.939057
0.939088
0.939088
0.939088
0.93912
0.939174
0.939184
0.939218
0.939247
0.939251
0.939315
0.939351
0.939374
0.939394
0.939395
0.93943
0.939548
0.939574
0.939581
0.93961
0.939618
0.939671
0.939688
0.939691
0.939714
0.939761
0.939764
0.939791
0.939804
0.939804
0.939821
0.939874
0.939935
0.939975
0.940007
0.940007
0.940033
0.940051
0.940098
0.940157
0.940164
0.940181
0.940191
0.940191
0.940267
0.940367
0.940375
0.940387
0.940411
0.940524
0.940558
0.940564
0.940611
0.940647
0.940677
0.940681
0.940751
0.940774
0.940785
0.940798
0.940867
0.940877
0.940887
0.940914
0.940977
0.941005
0.941041
0.941091
0.941114
0.941118
0.941171
0.941201
0.941218
0.941271
0.941274
0.941294
0.941391
0.941414
0.94147
0.941491
0.941501
0.941564
0.941571
0.941598
0.941631
0.941645
0.941654
0.941675
0.941697
0.941711
0.941721
0.941757
0.941824
0.941828
0.941838
0.941864
0.941877
0.941888
0.941918
0.941928
0.941957
0.941965
0.942028
0.942048
0.942057
0.942077
0.942087
0.942101
0.94211
0.942121
0.942124
0.942134
0.942151
0.942161
0.942188
0.942405
0.942411
0.942441
0.942485
0.942487
0.942528
0.942558
0.942571
0.942584
0.94261
0.942625
0.942641
0.942648
0.942655
0.942711
0.942711
0.942734
0.942767
0.942817
0.942818
0.942824
0.942827
0.942861
0.942875
0.942881
0.942928
0.942961
0.943034
0.943097
0.943148
0.943151
0.943177
0.943191
0.943234
0.943291
0.943304
0.943311
0.943324
0.943411
0.943414
0.943448
0.943478
0.943495
0.943529
0.943544
0.943548
0.94355
0.943557
0.943564
0.943571
0.943577
0.943585
0.943591
0.943601
0.943634
0.943708
0.943711
0.943724
0.943728
0.943741
0.943744
0.943754
0.943771
0.943827
0.943941
0.943944
0.944028
0.944057
0.944061
0.944063
0.944088
0.944114
0.944131
0.944134
0.944144
0.944164
0.944198
0.944245
0.944311
0.944324
0.944351
0.944364
0.944451
0.944471
0.94452
0.944544
0.944554
0.944577
0.944585
0.944651
0.944698
0.944704
0.944728
0.944771
0.944787
0.944827
0.944844
0.944845
0.944861
0.94487
0.944908
0.944951
0.945008
0.945014
0.945017
0.945025
0.945051
0.945114
0.945131
0.945168
0.945175
0.945251
0.945271
0.945278
0.945288
0.945351
0.945377
0.945437
0.945438
0.945457
0.945491
0.945504
0.94552
0.945521
0.945541
0.945591
0.945605
0.945684
0.945711
0.945714
0.945751
0.945754
0.945761
0.945784
0.945794
0.945875
0.945881
0.945925
0.945934
0.945977
0.945994
0.946011
0.946028
0.946051
0.94606
0.946071
0.946104
0.946184
0.946211
0.946211
0.946251
0.946257
0.946264
0.946277
0.946318
0.946348
0.946361
0.946381
0.946444
0.946451
0.946474
0.946494
0.946501
0.946521
0.946529
0.946557
0.946564
0.946584
0.946628
0.94664
0.946675
0.946684
0.946698
0.946721
0.946774
0.946785
0.946861
0.946904
0.946908
0.947081
0.947121
0.947187
0.947211
0.947211
0.947231
0.947265
0.947304
0.947318
0.947335
0.947341
0.947378
0.947508
0.947531
0.947538
0.947557
0.947568
0.947574
0.947585
0.947671
0.947734
0.947741
0.947778
0.947785
0.947794
0.947808
0.947878
0.947878
0.947924
0.947928
0.947991
0.948021
0.948024
0.948055
0.948061
0.948101
0.948158
0.948164
0.94822
0.948248
0.948281
0.948331
0.948351
0.948374
0.948421
0.948454
0.948471
0.948471
0.948498
0.948501
0.948511
0.948521
0.948524
0.948541
0.948581
0.948598
0.948637
0.948663
0.948777
0.948808
0.948817
0.94886
0.94891
0.949024
0.949031
0.949037
0.949081
0.949147
0.949164
0.949171
0.949201
0.949295
0.949371
0.949407
0.949424
0.94951
0.949644
0.949668
0.949711
0.949741
0.949774
0.949805
0.949824
0.949861
0.949911
0.949934
0.949958
0.950031
0.950051
0.950057
0.950071
0.950114
0.950161
0.950297
0.950351
0.950364
0.950374
0.950394
0.950478
0.950498
0.950504
0.950518
0.950531
0.950537
0.950541
0.95055
0.950551
0.950648
0.950668
0.950678
0.95068
0.950691
0.950691
0.950697
0.950714
0.950723
0.950741
0.950741
0.950761
0.950785
0.950803
0.950805
0.950835
0.950894
0.950904
0.950951
0.950971
0.950973
0.950978
0.951065
0.951088
0.951141
0.951164
0.951178
0.951201
0.951207
0.951214
0.951235
0.951264
0.951274
0.951288
0.951291
0.951345
0.951398
0.951414
0.951468
0.951568
0.951568
0.951591
0.951598
0.951607
0.951618
0.951625
0.951701
0.951701
0.951704
0.951705
0.951754
0.951758
0.951857
0.951864
0.951868
0.951868
0.951881
0.951924
0.951924
0.951934
0.951944
0.951951
0.951964
0.951978
0.951978
0.95207
0.952081
0.952114
0.952118
0.952125
0.952168
0.952191
0.952201
0.952264
0.952287
0.952321
0.952327
0.952355
0.952408
0.952428
0.952438
0.952444
0.952451
0.952464
0.952477
0.952548
0.952567
0.952575
0.952588
0.952618
0.95262
0.952658
0.952671
0.95268
0.952791
0.952821
0.952864
0.952868
0.952887
0.952915
0.95296
0.952974
0.953014
0.953095
0.953141
0.953221
0.953284
0.953354
0.953381
0.953527
0.953701
0.953711
0.953715
0.953768
0.953771
0.953791
0.953818
0.953864
0.953914
0.953931
0.953947
0.953998
0.954011
0.954017
0.954095
0.954108
0.954135
0.954137
0.954168
0.954197
0.954228
0.954228
0.954241
0.954311
0.954311
0.954314
0.954328
0.954357
0.954361
0.954364
0.954364
0.954411
0.954417
0.954461
0.954467
0.954471
0.954505
0.954507
0.954567
0.954601
0.954758
0.954801
0.954808
0.954834
0.954874
0.954881
0.954887
0.95489
0.954921
0.954961
0.954981
0.955025
0.955108
0.955218
0.955237
0.955334
0.955338
0.955375
0.955391
0.955394
0.955401
0.955441
0.955468
0.955504
0.955515
0.955528
0.955564
0.955584
0.955611
0.955664
0.955684
0.955704
0.955711
0.9558
0.955838
0.95586
0.955887
0.955891
0.956051
0.956067
0.956114
0.956131
0.956191
0.956194
0.956251
0.956275
0.956351
0.956361
0.956401
0.956491
0.956493
0.956494
0.956595
0.956641
0.956644
0.956697
0.956698
0.956708
0.956737
0.956771
0.956818
0.956841
0.956937
0.957044
0.957071
0.957091
0.957134
0.957178
0.957191
0.957194
0.957197
0.957228
0.957258
0.957275
0.957278
0.957278
0.957291
0.957304
0.957308
0.957311
0.957357
0.957378
0.957405
0.957421
0.957431
0.957447
0.957494
0.957501
0.957514
0.957524
0.957551
0.957578
0.957594
0.957651
0.957718
0.957745
0.957847
0.957931
0.957944
0.958001
0.958041
0.958091
0.958155
0.958264
0.958371
0.958441
0.958531
0.958571
0.958598
0.958631
0.958704
0.958711
0.95874
0.958778
0.958845
0.958878
0.958907
0.958924
0.958958
0.959051
0.959068
0.959094
0.959117
0.959188
0.959204
0.959212
0.959261
0.959305
0.959313
0.959331
0.959377
0.959381
0.959458
0.959464
0.959471
0.959485
0.959518
0.959611
0.959625
0.959658
0.959671
0.959681
0.959741
0.959758
0.959758
0.959785
0.959844
0.959851
0.959861
0.959907
0.960018
0.960024
0.960094
0.960311
0.960404
0.960463
0.96048
0.960488
0.960555
0.960661
0.960685
0.960707
0.960724
0.960864
0.960865
0.960901
0.960924
0.960931
0.960947
0.960948
0.960984
0.961008
0.961058
0.961067
0.961081
0.961131
0.961164
0.961187
0.961241
0.961264
0.961271
0.961284
0.961291
0.961335
0.961414
0.961438
0.961551
0.961584
0.961664
0.961734
0.961748
0.961751
0.961794
0.961827
0.961851
0.962068
0.962098
0.962114
0.962163
0.962214
0.962218
0.962265
0.962311
0.962337
0.962351
0.962381
0.962431
0.962484
0.962561
0.962571
0.962578
0.962581
0.962585
0.962691
0.962705
0.962781
0.962808
0.962831
0.962864
0.962928
0.962951
0.962961
0.962984
0.962991
0.963081
0.963208
0.963291
0.963318
0.963325
0.963378
0.963388
0.963391
0.963437
0.963444
0.963448
0.963461
0.963501
0.963504
0.963561
0.963583
0.963598
0.963601
0.963638
0.963723
0.963814
0.963817
0.963827
0.963848
0.963868
0.963914
0.963924
0.963934
0.963944
0.963961
0.963984
0.963985
0.964015
0.964064
0.964075
0.964088
0.964115
0.964121
0.964137
0.964191
0.964198
0.964218
0.964318
0.964338
0.964358
0.964414
0.964451
0.964477
0.964477
0.964507
0.964518
0.964554
0.964577
0.964581
0.964608
0.964628
0.964657
0.964698
0.964861
0.964895
0.964958
0.964961
0.965001
0.965008
0.965035
0.965065
0.965101
0.965117
0.965187
0.965193
0.965271
0.965391
0.965438
0.965467
0.965491
0.965584
0.965605
0.965621
0.965661
0.965741
0.965877
0.965901
0.965921
0.965927
0.965938
0.965975
0.966001
0.966021
0.966038
0.966038
0.966088
0.966211
0.966213
0.966321
0.966355
0.966491
0.966507
0.966545
0.966591
0.966698
0.966754
0.966771
0.966785
0.966834
0.966948
0.967021
0.967065
0.967111
0.967134
0.967195
0.967227
0.967274
0.967288
0.967298
0.967354
0.967501
0.967524
0.967584
0.967605
0.967621
0.967634
0.967648
0.967657
0.967685
0.967751
0.967854
0.967858
0.967864
0.967881
0.967891
0.967934
0.967958
0.967961
0.968018
0.968061
0.968065
0.968075
0.968121
0.968127
0.968158
0.968174
0.968347
0.968356
0.968397
0.968401
0.968421
0.968441
0.968447
0.968488
0.968508
0.968521
0.96854
0.968581
0.968641
0.968717
0.968741
0.968787
0.968818
0.968831
0.968854
0.968971
0.968981
0.969055
0.969125
0.969141
0.969251
0.969257
0.969304
0.969321
0.969348
0.969361
0.969365
0.969441
0.969478
0.969531
0.969534
0.969668
0.969684
0.969714
0.969814
0.969897
0.969927
0.969937
0.970014
0.970031
0.970138
0.970158
0.970178
0.970191
0.970223
0.9703
0.970361
0.970428
0.970454
0.970494
0.970551
0.970568
0.970604
0.970611
0.970614
0.970617
0.97065
0.970724
0.970758
0.970888
0.970918
0.971065
0.971078
0.971088
0.971104
0.971124
0.971125
0.971304
0.971411
0.971424
0.971465
0.971481
0.971494
0.971514
0.971524
0.97156
0.971615
0.971647
0.971677
0.971717
0.971767
0.971854
0.971878
0.971884
0.972117
0.972191
0.972237
0.972311
0.972324
0.972328
0.972381
0.972384
0.972588
0.972655
0.972708
0.972951
0.973098
0.973164
0.973181
0.973181
0.973348
0.973561
0.973567
0.973594
0.973625
0.973678
0.973751
0.973767
0.973778
0.973834
0.973944
0.973971
0.974001
0.974068
0.974168
0.974207
0.974215
0.974257
0.974271
0.974455
0.974479
0.974511
0.974571
0.974624
0.974624
0.97467
0.974707
0.974724
0.974724
0.974734
0.974815
0.974817
0.974841
0.974844
0.974891
0.974895
0.974911
0.975144
0.975318
0.975337
0.975418
0.975444
0.975551
0.975698
0.975714
0.97577
0.975927
0.975954
0.975968
0.976057
0.976207
0.976208
0.976231
0.976328
0.976547
0.976601
0.976628
0.976661
0.976708
0.976744
0.976814
0.976834
0.976844
0.976847
0.976884
0.976954
0.976971
0.977024
0.977048
0.977071
0.977104
0.977207
0.977223
0.977364
0.977384
0.977418
0.977448
0.977448
0.977474
0.977477
0.977648
0.977671
0.977678
0.977727
0.977768
0.977771
0.977811
0.977828
0.977858
0.977898
0.977931
0.978034
0.978231
0.978238
0.978307
0.978365
0.978418
0.978858
0.978931
0.979001
0.979059
0.979221
0.979344
0.979424
0.979458
0.979514
0.979537
0.979545
0.979584
0.979605
0.979738
0.979757
0.979767
0.979767
0.979844
0.979878
0.979928
0.979958
0.979974
0.979984
0.980177
0.980221
0.980251
0.980257
0.980268
0.980275
0.980334
0.980399
0.980424
0.980447
0.980481
0.980495
0.980511
0.980644
0.980654
0.980724
0.980858
0.980884
0.980998
0.981084
0.981207
0.981211
0.981377
0.981378
0.981455
0.981465
0.981508
0.981511
0.981664
0.981764
0.981771
0.981868
0.981947
0.982125
0.982221
0.982231
0.982247
0.982305
0.982411
0.982804
0.982944
0.983094
0.983161
0.983172
0.983267
0.983324
0.983347
0.983368
0.983824
0.98384
0.983904
0.983964
0.983978
0.983981
0.984071
0.984274
0.984438
0.984484
0.9845
0.984565
0.984654
0.984665
0.984758
0.984831
0.984874
0.984905
0.984977
0.985074
0.985261
0.985317
0.985511
0.985598
0.985933
0.986004
0.986071
0.986134
0.986141
0.986154
0.986181
0.986194
0.986265
0.986398
0.986514
0.986838
0.986891
0.986928
0.987004
0.987158
0.987201
0.987207
0.987238
0.987277
0.987635
0.987668
0.987724
0.987845
0.987964
0.987974
0.988031
0.988221
0.988284
0.988458
0.988492
0.988565
0.988591
0.988594
0.988611
0.988621
0.988644
0.988705
0.988798
0.988814
0.988815
0.989064
0.989167
0.989181
0.989348
0.989351
0.989421
0.989477
0.989514
0.989538
0.989541
0.989564
0.989625
0.989738
0.989801
0.989844
0.989934
0.990098
0.990111
0.990261
0.990324
0.990341
0.990484
0.990525
0.990535
0.990557
0.990591
0.990668
0.990668
0.990731
0.990804
0.990841
0.990878
0.990941
0.991011
0.991138
0.991144
0.991162
0.991204
0.991214
0.991277
0.991428
0.991605
0.991827
0.992005
0.992007
0.992011
0.992177
0.992267
0.992468
0.992528
0.992638
0.992778
0.992801
0.992994
0.993087
0.993248
0.993347
0.993601
0.993914
0.994054
0.994188
0.994268
0.994347
0.994424
0.994561
0.994621
0.994738
0.994804
0.994858
0.994864
0.994955
0.995124
0.995131
0.995311
0.995441
0.995721
0.995788
0.996115
0.996231
0.996244
0.996518
0.996534
0.996541
0.996564
0.996794
0.996957
0.997015
0.997021
0.997411
0.997531
0.997671
0.997821
0.997854
0.997991
0.998108
0.998271
0.998571
0.99858
0.998604
0.998738
0.99876
0.998867
0.998994
0.999331
0.999378
0.99943
0.999587
0.999624
0.999675
0.999787
0.99984
0.999875
0.999961
0.999991
1.000221
1.000431
1.000801
1.000864
1.000924
1.001061
1.001127
1.001244
1.001244
1.001261
1.001407
1.001474
1.001711
1.001911
1.002107
1.002361
1.002744
1.002865
1.003107
1.003281
1.003601
1.003611
1.003827
1.004037
1.004188
1.004278
1.00432
1.004321
1.004361
1.004404
1.004507
1.004671
1.004757
1.004774
1.004934
1.005604
1.005848
1.005877
1.005995
1.006015
1.006098
1.006148
1.006201
1.006284
1.006564
1.006687
1.006808
1.007414
1.007468
1.007614
1.007834
1.007857
1.007871
1.007948
1.008068
1.008117
1.008374
1.008975
1.009171
1.009191
1.009344
1.009474
1.009514
1.009657
1.009824
1.009931
1.010304
1.010305
1.010661
1.010681
1.010731
1.010774
1.010858
1.010923
1.011487
1.011721
1.011978
1.011981
1.012021
1.012281
1.012331
1.012451
1.012624
1.013041
1.013117
1.013248
1.013278
1.013278
1.013414
1.013811
1.013911
1.013977
1.014091
1.014667
1.014781
1.014834
1.014871
1.015101
1.015197
1.015695
1.015851
1.016044
1.016047
1.016174
1.016215
1.016635
1.017591
1.01762
1.017837
1.018005
1.018098
1.018864
1.019014
1.019065
1.019108
1.019575
1.020081
1.020178
1.020427
1.020701
1.020848
1.021138
1.021444
1.021601
1.021664
1.021678
1.021898
1.022024
1.022104
1.022185
1.022251
1.022481
1.022491
1.022591
1.022718
1.022911
1.023051
1.023068
1.023658
1.023681
1.023727
1.023874
1.024054
1.024207
1.024371
1.024377
1.024694
1.024731
1.024998
1.025231
1.025244
1.025711
1.025761
1.025921
1.025985
1.026051
1.026647
1.026681
1.026854
1.026898
1.026995
1.02732
1.027434
1.027508
1.027726
1.028427
1.029058
1.029345
1.029394
1.029455
1.029564
1.029701
1.030111
1.030131
1.030471
1.030591
1.030622
1.030697
1.030975
1.031114
1.031304
1.031661
1.032117
1.032995
1.033355
1.033357
1.033497
1.033728
1.034201
1.034418
1.034535
1.034821
1.034945
1.034945
1.035445
1.035554
1.035688
1.036071
1.036154
1.036471
1.036475
1.036967
1.037074
1.037271
1.037531
1.037641
1.037837
1.037908
1.037915
1.038341
1.038358
1.038431
1.038581
1.038728
1.038854
1.038941
1.039067
1.039301
1.039311
1.039564
1.039922
1.040304
1.040405
1.040741
1.040788
1.041011
1.041794
1.041962
1.041974
1.042014
1.042018
1.042045
1.04208
1.042558
1.042704
1.042911
1.042941
1.043001
1.043198
1.043285
1.043431
1.043441
1.043531
1.043608
1.043618
1.043987
1.044227
1.044495
1.044628
1.044637
1.044671
1.044948
1.045378
1.045508
1.045701
1.045821
1.046028
1.046118
1.046224
1.046312
1.04658
1.046607
1.046621
1.046644
1.046768
1.046951
1.04701
1.047094
1.047334
1.047668
1.047765
1.048021
1.048077
1.048317
1.048334
1.048394
1.048431
1.048474
1.048575
1.048692
1.048804
1.048977
1.048997
1.049141
1.049201
1.049361
1.049493
1.049501
1.049654
1.049814
1.049831
1.049851
1.049909
1.050064
1.050125
1.050281
1.050301
1.050401
1.050745
1.051138
1.051245
1.051324
1.051328
1.051595
1.051868
1.051944
1.052291
1.052334
1.052615
1.052618
1.052938
1.053154
1.053581
1.053704
1.053708
1.054014
1.054315
1.054597
1.054888
1.055191
1.055431
1.055674
1.056484
1.056654
1.056801
1.056867
1.057135
1.057461
1.057614
1.058031
1.058191
1.058384
1.058558
1.058614
1.058918
1.059184
1.059355
1.059364
1.059514
1.059661
1.059725
1.059998
1.060098
1.060621
1.060855
1.060911
1.060991
1.061038
1.061328
1.061378
1.061405
1.061524
1.061624
1.061631
1.061634
1.061781
1.062038
1.062935
1.062988
1.063391
1.063731
1.064384
1.065068
1.065254
1.06566
1.065816
1.066265
1.066281
1.066341
1.066415
1.066737
1.06688
1.066985
1.067151
1.067501
1.067824
1.067947
1.067951
1.067991
1.068011
1.068228
1.068301
1.068348
1.068805
1.069141
1.069725
1.069732
1.069781
1.069957
1.070284
1.070658
1.070761
1.071261
1.071698
1.072284
1.072284
1.072345
1.072388
1.072691
1.072937
1.073907
1.073951
1.074044
1.074094
1.074155
1.074245
1.074255
1.074304
1.074545
1.074618
1.074748
1.074921
1.075598
1.075654
1.075871
1.076551
1.076955
1.077017
1.07755
1.077574
1.077748
1.077924
1.078421
1.078468
1.078937
1.078941
1.079268
1.079504
1.079654
1.080271
1.080718
1.080914
1.081878
1.082338
1.082374
1.082411
1.082521
1.082671
1.082742
1.082778
1.083378
1.083641
1.083681
1.083991
1.084338
1.084521
1.084684
1.084888
1.084897
1.085087
1.085231
1.086011
1.087304
1.087317
1.087491
1.087611
1.087948
1.089177
1.089451
1.089464
1.089487
1.089544
1.089598
1.089948
1.090315
1.090318
1.090485
1.091061
1.091411
1.091694
1.092008
1.092388
1.092484
1.092848
1.092931
1.092994
1.093268
1.093374
1.093431
1.093821
1.093884
1.094041
1.094157
1.094444
1.094497
1.094835
1.094864
1.095014
1.095201
1.095601
1.095644
1.095864
1.096127
1.096505
1.096691
1.096944
1.097274
1.097618
1.097651
1.097735
1.098117
1.098338
1.098461
1.098714
1.098892
1.099541
1.099947
1.100114
1.100171
1.100214
1.100981
1.101085
1.101237
1.102024
1.102154
1.102157
1.102335
1.102578
1.103125
1.103221
1.103357
1.103558
1.103688
1.103698
1.104291
1.105321
1.105558
1.105791
1.105964
1.106077
1.106171
1.106394
1.106468
1.107274
1.107771
1.107778
1.107821
1.107964
1.108182
1.108281
1.108555
1.108628
1.109424
1.109648
1.109837
1.109891
1.110341
1.110492
1.110971
1.110995
1.111588
1.111621
1.111731
1.111841
1.112117
1.112444
1.113088
1.113091
1.114121
1.114228
1.114514
1.114665
1.114838
1.115188
1.115342
1.115431
1.115574
1.115691
1.116302
1.116588
1.116644
1.116721
1.116908
1.117178
1.117401
1.117681
1.117761
1.117791
1.117941
1.118071
1.118331
1.118541
1.118891
1.119241
1.119274
1.119621
1.119678
1.120128
1.120404
1.120991
1.121004
1.121015
1.121048
1.121345
1.121388
1.121477
1.121571
1.121617
1.122698
1.123255
1.123405
1.123765
1.123861
1.123878
1.124052
1.124151
1.124284
1.125128
1.125561
1.125605
1.125652
1.125885
1.126434
1.126481
1.126855
1.126957
1.127068
1.127178
1.127511
1.127684
1.128245
1.128268
1.128461
1.128485
1.128858
1.129008
1.129071
1.129101
1.129118
1.129421
1.129517
1.129661
1.129692
1.129701
1.129811
1.130461
1.130644
1.130871
1.131221
1.131237
1.131338
1.131874
1.132427
1.132881
1.133011
1.133179
1.133558
1.133824
1.134071
1.134227
1.134304
1.134371
1.134501
1.135081
1.135461
1.135535
1.135709
1.137231
1.137234
1.137258
1.137691
1.137961
1.138185
1.138617
1.139351
1.139535
1.139554
1.139788
1.139942
1.139981
1.139995
1.140648
1.141594
1.141611
1.141768
1.141955
1.14222
1.142781
1.143291
1.145104
1.145238
1.145305
1.145308
1.145637
1.145691
1.145945
1.145988
1.146038
1.146334
1.146585
1.146856
1.148538
1.149202
1.149467
1.150285
1.150795
1.151857
1.152055
1.152528
1.152965
1.153034
1.153888
1.153957
1.154478
1.155302
1.156501
1.156751
1.157274
1.157508
1.157715
1.158311
1.158338
1.158358
1.158421
1.158428
1.158598
1.158891
1.158918
1.159168
1.159321
1.159454
1.159544
1.159904
1.160521
1.160755
1.160873
1.160951
1.161055
1.161161
1.162141
1.162165
1.163144
1.163785
1.163917
1.163994
1.164527
1.164751
1.165288
1.165444
1.165494
1.165797
1.166432
1.167128
1.167368
1.167478
1.167568
1.167808
1.168261
1.168891
1.168991
1.169401
1.169631
1.170548
1.170772
1.172014
1.172231
1.172411
1.173171
1.174494
1.174551
1.175494
1.175858
1.176234
1.177441
1.177651
1.177811
1.178175
1.178957
1.180881
1.181101
1.181848
1.182024
1.182495
1.183665
1.183958
1.184328
1.184444
1.184671
1.184688
1.185145
1.185765
1.185771
1.186235
1.186398
1.186615
1.186762
1.187787
1.187927
1.188768
1.189408
1.190365
1.190375
1.191491
1.191651
1.192388
1.192724
1.192738
1.193158
1.193188
1.193341
1.193358
1.193705
1.193764
1.193825
1.194522
1.194863
1.195357
1.196095
1.197001
1.198184
1.198551
1.199068
1.201425
1.201719
1.201858
1.201875
1.203815
1.204314
1.204597
1.204872
1.205131
1.205701
1.206098
1.206111
1.206735
1.206761
1.207445
1.208145
1.208338
1.208571
1.208861
1.209012
1.209737
1.210171
1.210435
1.211107
1.211671
1.211975
1.212384
1.215601
1.216178
1.216485
1.218238
1.218701
1.219482
1.219784
1.220852
1.221294
1.221541
1.221941
1.223174
1.224711
1.224715
1.225501
1.225675
1.225708
1.226591
1.226751
1.227246
1.227507
1.227691
1.227994
1.229948
1.230815
1.231559
1.232178
1.232208
1.232288
1.233035
1.233981
1.234324
1.234381
1.234479
1.235215
1.236055
1.236244
1.236655
1.238171
1.238391
1.238618
1.238887
1.239574
1.241588
1.241725
1.241814
1.242154
1.242995
1.243134
1.243614
1.244468
1.244571
1.244735
1.244948
1.245487
1.246552
1.248715
1.249571
1.249648
1.250278
1.250392
1.251248
1.251551
1.251871
1.252382
1.252971
1.253558
1.253985
1.254195
1.254221
1.254742
1.255928
1.256835
1.256954
1.256974
1.257035
1.259098
1.260491
1.261948
1.262982
1.263681
1.264213
1.265008
1.265559
1.266785
1.267871
1.268068
1.268954
1.270641
1.271032
1.273178
1.273611
1.274835
1.274975
1.275257
1.275411
1.275518
1.275741
1.276414
1.276644
1.277175
1.277781
1.277914
1.279075
1.279341
1.279565
1.280215
1.281184
1.281728
1.281749
1.282408
1.283491
1.283991
1.284591
1.284812
1.286699
1.286935
1.287374
1.287431
1.288487
1.288781
1.289135
1.289195
1.289701
1.290039
1.290127
1.290918
1.290951
1.291708
1.292145
1.292781
1.293068
1.293917
1.295182
1.296218
1.296275
1.296284
1.296868
1.297228
1.298635
1.301321
1.302101
1.302821
1.302944
1.303137
1.303686
1.303984
1.304184
1.304318
1.304745
1.305148
1.305249
1.306588
1.306878
1.307441
1.308308
1.308601
1.308688
1.309309
1.309389
1.309679
1.310369
1.311534
1.312515
1.313384
1.313505
1.313621
1.313848
1.313908
1.314434
1.314734
1.315565
1.316078
1.317152
1.317365
1.318635
1.318645
1.318727
1.318957
1.320037
1.320105
1.320725
1.321164
1.321248
1.321248
1.322421
1.322671
1.322834
1.324005
1.324599
1.324834
1.325248
1.325658
1.326548
1.327481
1.327681
1.329678
1.330144
1.330257
1.332605
1.333688
1.334248
1.334429
1.335535
1.335578
1.335717
1.335748
1.336152
1.337091
1.339378
1.339865
1.340087
1.340824
1.340878
1.341431
1.342492
1.343318
1.343491
1.345974
1.346744
1.346854
1.347461
1.347608
1.349552
1.349655
1.350009
1.350389
1.350528
1.350729
1.351005
1.351425
1.351591
1.351728
1.352575
1.352711
1.353012
1.353264
1.353518
1.353544
1.353571
1.354422
1.354929
1.355108
1.355755
1.356088
1.356254
1.357015
1.357064
1.357417
1.357754
1.357961
1.358318
1.358322
1.358571
1.358902
1.359385
1.360478
1.360485
1.360601
1.360698
1.360774
1.361144
1.361154
1.362825
1.363067
1.363235
1.363655
1.363772
1.363821
1.363828
1.364011
1.365225
1.365425
1.365492
1.365845
1.366479
1.367749
1.369181
1.369437
1.369648
1.369738
1.370092
1.370424
1.370671
1.372388
1.372621
1.372685
1.373522
1.373862
1.373869
1.374084
1.374541
1.374625
1.374834
1.375018
1.376028
1.376268
1.376461
1.376465
1.376588
1.376632
1.376884
1.377042
1.377164
1.377285
1.377508
1.377554
1.377814
1.378415
1.378601
1.379588
1.379639
1.380358
1.381121
1.381234
1.381378
1.381784
1.383098
1.383451
1.383899
1.384514
1.384565
1.384571
1.384871
1.385108
1.385734
1.386114
1.387021
1.387461
1.387959
1.38871
1.388845
1.388972
1.389315
1.389333
1.389428
1.389689
1.389852
1.390052
1.390151
1.390506
1.391041
1.391332
1.392414
1.392588
1.394199
1.394404
1.395235
1.396742
1.396755
1.396798
1.396851
1.397344
1.398161
1.398291
1.398685
1.398898
1.399176
1.399288
1.400148
1.400155
1.400468
1.400978
1.402199
1.402851
1.403648
1.404805
1.405161
1.405297
1.405505
1.405638
1.406162
1.406411
1.407085
1.407257
1.408111
1.408222
1.408521
1.408681
1.408871
1.408925
1.409294
1.409772
1.409821
1.409949
1.410398
1.410768
1.411139
1.412031
1.412685
1.414038
1.414152
1.416102
1.416218
1.416279
1.417821
1.417901
1.419108
1.419818
1.419924
1.421511
1.422095
1.422198
1.422615
1.422645
1.422738
1.422741
1.423025
1.423091
1.423861
1.424085
1.425148
1.425151
1.425159
1.426381
1.426672
1.427247
1.427488
1.427545
1.428002
1.428502
1.428915
1.429595
1.429981
1.430235
1.431112
1.433748
1.434801
1.435821
1.435958
1.436051
1.436665
1.436741
1.436941
1.437005
1.437408
1.438411
1.438611
1.438781
1.438821
1.439131
1.440334
1.440414
1.440621
1.441115
1.443224
1.443805
1.444467
1.445611
1.446761
1.446814
1.449148
1.449281
1.449998
1.450091
1.450538
1.450981
1.450994
1.451282
1.451862
1.451892
1.451927
1.452159
1.452785
1.453684
1.453798
1.454755
1.455465
1.457335
1.457658
1.458241
1.458289
1.458531
1.459035
1.459535
1.460599
1.460764
1.460825
1.460928
1.463498
1.463612
1.464778
1.465048
1.465787
1.466644
1.466708
1.467206
1.467292
1.467692
1.467775
1.468422
1.470002
1.471847
1.472192
1.472685
1.472732
1.473275
1.475731
1.476158
1.476268
1.476621
1.477085
1.477578
1.478375
1.478598
1.479331
1.479844
1.479968
1.480528
1.480801
1.481059
1.481362
1.481495
1.481609
1.481694
1.482328
1.482678
1.483268
1.484768
1.484871
1.485064
1.485381
1.486592
1.486635
1.486945
1.488148
1.488469
1.488614
1.489307
1.491518
1.491631
1.491632
1.491898
1.493771
1.494189
1.494335
1.495058
1.495098
1.496952
1.497601
1.497681
1.498591
1.498768
1.499508
1.500244
1.501338
1.504471
1.505898
1.507572
1.508231
1.510914
1.511838
1.512988
1.513725
1.514147
1.517884
1.518018
1.519209
1.519788
1.519928
1.520368
1.520954
1.521047
1.521904
1.523391
1.524941
1.525339
1.525748
1.527168
1.527621
1.527682
1.529041
1.532274
1.532934
1.533348
1.534721
1.534959
1.536239
1.536718
1.537471
1.542751
1.545181
1.547615
1.548198
1.548259
1.549425
1.550818
1.552898
1.553822
1.555712
1.556181
1.556654
1.558982
1.559591
1.559989
1.561077
1.561875
1.562344
1.563612
1.564086
1.564754
1.565856
1.570481
1.570914
1.571194
1.572335
1.572928
1.575912
1.581958
1.583408
1.586612
1.588398
1.589469
1.590835
1.592074
1.596314
1.598368
1.607955
1.622305
1.624924
1.626615
1.629216
1.629538
1.633331
1.634912
1.637932
1.645531
1.647275
1.647371
1.652758
1.661836
1.661981
1.670972
1.689992
1.695365
1.697891
1.702364
1.709826
1.721962
1.725688
1.732265
1.746289
1.769392
1.791712
1.815962
1.832552
1.841488
1.850822
1.917628
2.070186
