0.23521
0.236587
0.23721
0.239233
0.240061
0.240633
0.241541
0.242277
0.242972
0.243433
0.244724
0.24473
0.24536
0.245455
0.24553
0.245614
0.245886
0.246075
0.246493
0.248577
0.248753
0.248957
0.24902
0.249493
0.249617
0.249727
0.249883
0.250465
0.250476
0.250614
0.250823
0.250886
0.250973
0.25114
0.251183
0.25184
0.251961
0.25207
0.252293
0.252657
0.253391
0.253498
0.254035
0.254153
0.254261
0.25434
0.25445
0.25456
0.254684
0.254773
0.25487
0.25502
0.255174
0.255417
0.255507
0.255666
0.25567
0.255783
0.256111
0.256114
0.256224
0.25662
0.25664
0.256687
0.256753
0.256851
0.256874
0.256884
0.256897
0.256907
0.256968
0.257074
0.257084
0.25713
0.257184
0.257193
0.257244
0.257267
0.257383
0.25758
0.257729
0.257733
0.257797
0.257847
0.257877
0.257877
0.257915
0.25809
0.258157
0.258166
0.258243
0.258246
0.25849
0.258563
0.258651
0.258693
0.25878
0.258826
0.2589
0.25901
0.25912
0.259177
0.259247
0.259267
0.25942
0.259421
0.259453
0.25957
0.259597
0.25992
0.25997
0.260037
0.26005
0.260077
0.26008
0.260091
0.260101
0.260166
0.26018
0.26048
0.260483
0.260511
0.260513
0.260547
0.260627
0.260758
0.260768
0.260794
0.26091
0.260933
0.260991
0.261003
0.26105
0.261054
0.26119
0.261284
0.261311
0.261327
0.261401
0.261501
0.26151
0.261573
0.261584
0.261623
0.261653
0.261747
0.261833
0.261837
0.262094
0.26229
0.26233
0.262394
0.262401
0.26242
0.262423
0.262483
0.262507
0.262524
0.262538
0.262551
0.26256
0.26256
0.26267
0.262693
0.262753
0.262769
0.26277
0.262837
0.262887
0.262924
0.262947
0.262957
0.262993
0.263053
0.263116
0.263127
0.26322
0.263284
0.26339
0.263476
0.263491
0.263497
0.26353
0.2637
0.263717
0.263781
0.263844
0.263877
0.26389
0.263891
0.26395
0.263951
0.263953
0.26399
0.264004
0.264057
0.264084
0.264094
0.264211
0.264243
0.26427
0.264334
0.264338
0.26435
0.264367
0.2644
0.264457
0.264477
0.264524
0.264574
0.26458
0.264587
0.264634
0.264671
0.26468
0.264683
0.264693
0.264751
0.264811
0.264847
0.2649
0.26496
0.264981
0.264991
0.265013
0.26507
0.265104
0.265127
0.265197
0.265253
0.26527
0.265303
0.265337
0.265386
0.265403
0.265424
0.265477
0.265481
0.265487
0.265527
0.265533
0.265554
0.26557
0.265574
0.265581
0.265594
0.265607
0.265651
0.265671
0.265673
0.26572
0.265747
0.265776
0.265777
0.265804
0.265841
0.26589
0.265947
0.26597
0.265974
0.266008
0.26609
0.266151
0.26618
0.26619
0.266203
0.266243
0.266313
0.266377
0.266391
0.2664
0.266401
0.26641
0.266543
0.266581
0.266594
0.266626
0.26666
0.2667
0.266734
0.26678
0.266807
0.266814
0.266873
0.26691
0.266946
0.267037
0.267055
0.267057
0.26711
0.267117
0.26715
0.267223
0.267227
0.267277
0.267303
0.267373
0.26738
0.267454
0.267487
0.267491
0.2675
0.2675
0.267534
0.267547
0.267564
0.267608
0.267636
0.267657
0.267693
0.26775
0.267777
0.267791
0.267813
0.26784
0.26787
0.267915
0.26794
0.26798
0.268028
0.268084
0.268103
0.268124
0.268137
0.268144
0.26815
0.268163
0.268163
0.268176
0.268194
0.26822
0.268264
0.268274
0.268283
0.268293
0.268296
0.268317
0.268323
0.26833
0.268374
0.268431
0.268453
0.268467
0.2685
0.268527
0.268537
0.26854
0.268647
0.268698
0.268701
0.26875
0.26876
0.268776
0.26879
0.268807
0.268814
0.268867
0.26887
0.268877
0.26897
0.268993
0.269003
0.26901
0.269094
0.269157
0.269167
0.269177
0.269187
0.269237
0.269274
0.26931
0.269336
0.269378
0.269471
0.269473
0.269503
0.269514
0.269534
0.269574
0.269657
0.269657
0.269683
0.269696
0.2697
0.269716
0.269724
0.26984
0.269848
0.26985
0.269868
0.269891
0.269897
0.269917
0.269963
0.269986
0.270014
0.270047
0.27005
0.270064
0.270118
0.270127
0.270147
0.270171
0.270173
0.27019
0.2702
0.270227
0.27024
0.270266
0.270281
0.270294
0.2703
0.270316
0.27032
0.270331
0.270333
0.270353
0.27039
0.270407
0.270441
0.270483
0.270484
0.270544
0.270557
0.270571
0.270591
0.27063
0.270653
0.270677
0.270677
0.270678
0.27069
0.270697
0.27074
0.270797
0.270816
0.270823
0.27084
0.270843
0.27088
0.27089
0.270904
0.270907
0.270911
0.270997
0.271001
0.27101
0.271067
0.27109
0.27112
0.27118
0.271201
0.271221
0.27123
0.271261
0.27128
0.27131
0.271321
0.271332
0.271337
0.271353
0.271367
0.271388
0.271393
0.2714
0.271403
0.271404
0.271407
0.271428
0.27147
0.271475
0.271477
0.271506
0.271523
0.271527
0.271554
0.271563
0.271564
0.271584
0.271587
0.27161
0.271624
0.27163
0.27165
0.271671
0.271676
0.271687
0.27172
0.271737
0.271737
0.271741
0.27177
0.271787
0.271801
0.27183
0.271864
0.271873
0.271874
0.271874
0.271874
0.271924
0.271997
0.272053
0.272068
0.272071
0.272113
0.272121
0.272193
0.272197
0.272204
0.272223
0.27223
0.272284
0.272328
0.27235
0.272361
0.27238
0.272438
0.272453
0.272453
0.272474
0.27248
0.272506
0.272528
0.272537
0.272541
0.272548
0.272557
0.27256
0.27262
0.272634
0.27265
0.272675
0.27271
0.27271
0.272718
0.272727
0.272731
0.272777
0.272816
0.272817
0.272824
0.272841
0.27285
0.272864
0.27287
0.272916
0.272924
0.272937
0.272937
0.272943
0.272944
0.272967
0.272977
0.272987
0.27302
0.273023
0.273024
0.273044
0.273097
0.273126
0.27316
0.273178
0.273186
0.27321
0.273237
0.273253
0.273284
0.273303
0.273343
0.273354
0.273357
0.273381
0.273413
0.273446
0.27347
0.27348
0.273487
0.273508
0.273547
0.273547
0.273567
0.273567
0.27357
0.273571
0.27358
0.27359
0.273617
0.273637
0.273643
0.273646
0.27365
0.273724
0.27373
0.273783
0.27382
0.273827
0.273837
0.273844
0.27385
0.273865
0.273883
0.273887
0.273926
0.273934
0.273968
0.27397
0.273994
0.27401
0.274017
0.274056
0.274077
0.274081
0.274116
0.27413
0.27414
0.274194
0.274203
0.274204
0.274207
0.274217
0.27426
0.274278
0.27428
0.27429
0.274297
0.274303
0.274343
0.274357
0.274386
0.274394
0.274397
0.27441
0.274423
0.274424
0.27445
0.274454
0.274487
0.274497
0.274507
0.274523
0.27455
0.27458
0.274583
0.274596
0.274603
0.274603
0.274618
0.274624
0.274627
0.274627
0.274628
0.274633
0.274633
0.274634
0.27464
0.27469
0.274704
0.274707
0.274737
0.274757
0.27476
0.274767
0.274794
0.274808
0.27481
0.274817
0.274826
0.274837
0.274837
0.27484
0.27485
0.27486
0.274884
0.274886
0.274897
0.274917
0.274924
0.274927
0.27497
0.275016
0.275017
0.275017
0.275021
0.275027
0.275052
0.275074
0.275091
0.27513
0.2752
0.275203
0.275221
0.275234
0.27524
0.275243
0.275283
0.275294
0.275327
0.275344
0.275344
0.27535
0.275354
0.275363
0.275371
0.275373
0.275376
0.275383
0.275397
0.2754
0.275406
0.275474
0.275487
0.275491
0.275493
0.2755
0.275537
0.27554
0.275554
0.275587
0.275597
0.27561
0.27562
0.27562
0.27564
0.275707
0.275721
0.27574
0.27574
0.275764
0.275767
0.275767
0.275783
0.2758
0.275807
0.27583
0.27583
0.275833
0.275844
0.275847
0.275864
0.275921
0.275933
0.275973
0.27598
0.27598
0.275997
0.27602
0.276037
0.276047
0.27606
0.27607
0.276077
0.276097
0.276097
0.276104
0.276127
0.27613
0.276137
0.276143
0.276184
0.27621
0.276211
0.276278
0.276294
0.2763
0.276334
0.276337
0.27634
0.276341
0.276369
0.276381
0.27644
0.276441
0.27646
0.276461
0.276487
0.276497
0.276507
0.27651
0.276555
0.27657
0.276577
0.276587
0.276596
0.276608
0.276617
0.276653
0.276657
0.276673
0.27668
0.276684
0.276687
0.276697
0.27671
0.276717
0.276744
0.276747
0.276754
0.27676
0.276777
0.276784
0.276794
0.2768
0.276807
0.27681
0.276827
0.276854
0.276864
0.276964
0.276966
0.276974
0.276993
0.276997
0.277004
0.277013
0.277027
0.277064
0.277064
0.2771
0.277113
0.277116
0.277123
0.277127
0.27713
0.277134
0.277157
0.277174
0.277183
0.277197
0.2772
0.27722
0.277236
0.277258
0.277273
0.27732
0.277321
0.277327
0.277333
0.277334
0.277334
0.27736
0.277383
0.277388
0.277394
0.277397
0.2774
0.277414
0.277416
0.277421
0.277433
0.277434
0.277434
0.277443
0.277444
0.277494
0.277506
0.27751
0.277531
0.277537
0.277543
0.277577
0.277591
0.2776
0.277613
0.277633
0.277653
0.27766
0.277667
0.27768
0.277684
0.277697
0.2777
0.277734
0.277739
0.277744
0.277753
0.277771
0.277773
0.277777
0.27778
0.277781
0.277787
0.27779
0.277847
0.277857
0.27787
0.277873
0.277884
0.277891
0.277898
0.277913
0.277927
0.278
0.27802
0.278043
0.278044
0.27807
0.278131
0.278137
0.27814
0.278174
0.278177
0.278188
0.27825
0.278253
0.278269
0.27827
0.278296
0.278314
0.278317
0.278331
0.278333
0.278347
0.27837
0.278411
0.278418
0.278423
0.27846
0.278483
0.278534
0.278537
0.27856
0.278574
0.278584
0.27859
0.278633
0.27864
0.27865
0.278671
0.278674
0.278687
0.278691
0.27872
0.278727
0.278746
0.278774
0.278787
0.278794
0.278824
0.278836
0.27884
0.27887
0.278883
0.278884
0.278901
0.278913
0.278914
0.278914
0.278923
0.278977
0.278988
0.279007
0.279007
0.279014
0.279021
0.279023
0.279044
0.279053
0.279063
0.279083
0.27909
0.279094
0.279098
0.2791
0.279101
0.279108
0.27912
0.279127
0.27913
0.279146
0.279148
0.27915
0.27916
0.27917
0.279187
0.27921
0.279237
0.279281
0.279297
0.279301
0.27931
0.279327
0.279344
0.279344
0.279354
0.279367
0.279373
0.279387
0.279393
0.279403
0.279427
0.279427
0.279431
0.27948
0.279498
0.279503
0.27951
0.279553
0.279574
0.279607
0.279607
0.279634
0.279653
0.279654
0.279666
0.279694
0.279697
0.279718
0.27973
0.279737
0.279757
0.27976
0.279773
0.279783
0.27979
0.279796
0.279797
0.279797
0.279798
0.279804
0.279834
0.27985
0.279854
0.27989
0.279893
0.279894
0.279913
0.279916
0.279917
0.279954
0.279954
0.279957
0.279961
0.27997
0.280027
0.280037
0.280056
0.280067
0.280067
0.28008
0.280113
0.280117
0.280123
0.280137
0.28014
0.280141
0.280141
0.280154
0.280161
0.28018
0.28019
0.280197
0.2802
0.280217
0.280237
0.28024
0.280248
0.280248
0.280257
0.280284
0.280297
0.280307
0.280322
0.280326
0.280347
0.280357
0.280396
0.280414
0.280424
0.28044
0.280445
0.280461
0.280467
0.280483
0.28049
0.280494
0.280494
0.280494
0.280507
0.28051
0.280531
0.280534
0.28056
0.28056
0.280564
0.280566
0.28057
0.280577
0.280597
0.280597
0.2806
0.2807
0.280738
0.280747
0.28075
0.280773
0.280773
0.280781
0.28079
0.280798
0.2808
0.28081
0.280847
0.28085
0.28085
0.280873
0.280883
0.280893
0.28091
0.280917
0.28093
0.280937
0.280946
0.280964
0.280977
0.280978
0.28098
0.280984
0.280988
0.28099
0.281011
0.281031
0.281037
0.281044
0.281044
0.28106
0.281064
0.281064
0.281065
0.281073
0.28112
0.281127
0.281138
0.281143
0.281147
0.281154
0.281164
0.28118
0.2812
0.281213
0.281217
0.281223
0.281237
0.281237
0.28124
0.281244
0.281246
0.281277
0.281294
0.281297
0.2813
0.28131
0.28132
0.281334
0.281337
0.281354
0.281367
0.28137
0.281371
0.28138
0.281393
0.281397
0.281397
0.281405
0.281414
0.281421
0.281421
0.281423
0.28143
0.281446
0.281447
0.28145
0.28145
0.28146
0.281478
0.281487
0.281506
0.281514
0.281524
0.281537
0.281571
0.281577
0.281581
0.281583
0.281586
0.281587
0.28159
0.28159
0.28159
0.281597
0.281607
0.281608
0.281613
0.281617
0.28162
0.281624
0.281634
0.281641
0.28165
0.28169
0.281696
0.281704
0.28172
0.281756
0.281773
0.281774
0.281785
0.281793
0.28183
0.281831
0.281836
0.28186
0.281863
0.281868
0.281886
0.281913
0.28192
0.28193
0.281944
0.281947
0.281956
0.281957
0.281957
0.281984
0.28199
0.281994
0.282
0.282013
0.282024
0.282027
0.28204
0.28205
0.28207
0.282077
0.282078
0.282093
0.282094
0.282107
0.28211
0.282111
0.282125
0.282133
0.282141
0.282144
0.282154
0.282178
0.282181
0.28219
0.2822
0.282207
0.282214
0.282224
0.28224
0.28224
0.282244
0.282244
0.282251
0.28226
0.282294
0.282314
0.282343
0.282344
0.282367
0.282386
0.282397
0.282397
0.282401
0.282417
0.28243
0.282451
0.282458
0.282468
0.282477
0.282483
0.28249
0.282508
0.28253
0.282534
0.282547
0.282557
0.282557
0.28256
0.282567
0.282577
0.282586
0.282587
0.28262
0.282627
0.282634
0.282651
0.282657
0.28266
0.28266
0.282683
0.282687
0.282691
0.282716
0.28272
0.282723
0.282741
0.282744
0.28275
0.282751
0.282754
0.282761
0.282764
0.282773
0.282773
0.282777
0.282793
0.28282
0.28283
0.282833
0.282833
0.282834
0.282843
0.28285
0.28285
0.282853
0.282858
0.282873
0.282877
0.28288
0.28288
0.282901
0.282937
0.282947
0.282977
0.282981
0.282984
0.282987
0.282988
0.283003
0.283003
0.283007
0.283008
0.283017
0.283017
0.283027
0.28303
0.283064
0.283086
0.283087
0.28311
0.283117
0.283117
0.283133
0.283157
0.283157
0.28316
0.28317
0.283183
0.283207
0.28322
0.283223
0.283236
0.283247
0.283257
0.283257
0.28326
0.283261
0.283264
0.28327
0.28328
0.283287
0.283291
0.283314
0.283337
0.283337
0.283339
0.28334
0.283363
0.283381
0.283387
0.283394
0.283397
0.2834
0.283404
0.283406
0.283407
0.28341
0.283417
0.28342
0.28343
0.283434
0.283443
0.283443
0.283447
0.283464
0.283467
0.28348
0.28348
0.283484
0.28353
0.283536
0.283544
0.283547
0.283553
0.283571
0.283584
0.28359
0.283607
0.283624
0.283627
0.28363
0.283634
0.283644
0.283653
0.283654
0.283663
0.283667
0.283674
0.283677
0.28368
0.283684
0.2837
0.283734
0.28374
0.28374
0.283744
0.28375
0.283756
0.28378
0.283781
0.283801
0.283814
0.283828
0.283833
0.283834
0.283841
0.283848
0.28386
0.28386
0.283881
0.2839
0.283903
0.28392
0.28392
0.283924
0.283925
0.283937
0.283943
0.283956
0.283983
0.283987
0.28399
0.28399
0.283996
0.284013
0.284028
0.28403
0.284054
0.284077
0.284094
0.284124
0.284124
0.284154
0.284154
0.284157
0.284157
0.284164
0.284167
0.284187
0.284193
0.284194
0.284201
0.28421
0.28422
0.28423
0.28424
0.284243
0.284298
0.284304
0.28431
0.284331
0.28434
0.284356
0.284373
0.284377
0.284397
0.284403
0.284404
0.284407
0.284458
0.284477
0.284488
0.28449
0.284494
0.284496
0.284503
0.28452
0.284524
0.284527
0.284537
0.284554
0.284557
0.284563
0.284606
0.284617
0.284617
0.284637
0.28464
0.284654
0.284663
0.284677
0.284704
0.284717
0.284723
0.284744
0.284747
0.28476
0.28479
0.284797
0.2848
0.284803
0.284807
0.284816
0.284816
0.284816
0.284853
0.284874
0.284883
0.284886
0.284887
0.28489
0.284908
0.284908
0.284914
0.284923
0.284946
0.284963
0.284973
0.284976
0.28498
0.284997
0.28501
0.28504
0.285047
0.28505
0.285051
0.285054
0.285054
0.285057
0.28506
0.285064
0.285064
0.285067
0.285071
0.285071
0.285074
0.285084
0.28509
0.285097
0.285107
0.285118
0.28512
0.285146
0.285158
0.285161
0.285196
0.285204
0.285207
0.28522
0.285233
0.285234
0.285241
0.285241
0.285253
0.285254
0.28526
0.285267
0.28528
0.285283
0.285336
0.28534
0.285357
0.285364
0.28537
0.28538
0.28538
0.2854
0.28541
0.285421
0.285423
0.285426
0.285428
0.28543
0.285434
0.285437
0.285444
0.285444
0.285446
0.285487
0.285493
0.285494
0.2855
0.285503
0.285503
0.285513
0.285517
0.285526
0.285528
0.28553
0.285561
0.285561
0.28557
0.285577
0.28558
0.28558
0.28561
0.28561
0.285613
0.285617
0.285633
0.285634
0.285637
0.285654
0.285663
0.285664
0.285668
0.285684
0.285688
0.2857
0.28571
0.28571
0.28571
0.28573
0.285747
0.28575
0.285764
0.285794
0.285834
0.285837
0.285863
0.285871
0.285884
0.285897
0.285897
0.2859
0.285916
0.285923
0.285934
0.285934
0.285937
0.28595
0.285961
0.285968
0.285974
0.285977
0.285978
0.285986
0.285987
0.285987
0.28599
0.286007
0.286027
0.286041
0.286046
0.286053
0.28606
0.28607
0.28608
0.286118
0.286131
0.286134
0.286153
0.286157
0.286161
0.286167
0.286174
0.286181
0.286194
0.2862
0.286206
0.28621
0.28624
0.286244
0.286254
0.286257
0.28628
0.28628
0.286284
0.286288
0.286288
0.286293
0.286297
0.28631
0.28632
0.28634
0.286341
0.28636
0.286363
0.286366
0.286377
0.28638
0.286387
0.28639
0.286401
0.286426
0.286444
0.286447
0.28645
0.286453
0.286457
0.286474
0.286476
0.28649
0.286491
0.286491
0.286517
0.286517
0.286527
0.286534
0.286544
0.286551
0.286554
0.286557
0.286557
0.28657
0.286574
0.286597
0.286601
0.286606
0.28661
0.28661
0.28661
0.28664
0.286646
0.286648
0.286651
0.28666
0.28666
0.286677
0.286678
0.286688
0.2867
0.286713
0.286718
0.28673
0.286747
0.286783
0.28679
0.2868
0.286803
0.286805
0.286834
0.286846
0.286847
0.286847
0.286863
0.28687
0.286871
0.286874
0.286874
0.286877
0.286887
0.286893
0.286893
0.286897
0.286907
0.28692
0.286931
0.286934
0.286946
0.28695
0.286954
0.286961
0.286963
0.286964
0.286967
0.286968
0.28697
0.28697
0.286971
0.286987
0.28699
0.286996
0.287016
0.287023
0.287024
0.287037
0.287047
0.287053
0.287067
0.287087
0.287097
0.2871
0.28715
0.287153
0.287171
0.28722
0.287227
0.28725
0.28728
0.28728
0.28728
0.287287
0.287297
0.287297
0.287304
0.287311
0.287317
0.287331
0.287346
0.287347
0.28735
0.287351
0.287354
0.287357
0.287357
0.287367
0.287367
0.28737
0.28737
0.287384
0.287403
0.287416
0.287417
0.287433
0.28745
0.28746
0.287464
0.287473
0.287473
0.287504
0.287513
0.28752
0.28755
0.287554
0.287561
0.28757
0.28758
0.28758
0.287586
0.28759
0.2876
0.287603
0.287613
0.28762
0.287661
0.287685
0.2877
0.28772
0.28772
0.287723
0.28773
0.28773
0.287737
0.287741
0.287743
0.287767
0.28777
0.287773
0.287784
0.28779
0.287798
0.2878
0.28782
0.28782
0.28782
0.287826
0.287831
0.287837
0.287844
0.287857
0.28786
0.287861
0.287884
0.287903
0.287907
0.287911
0.28792
0.28795
0.28796
0.287967
0.287974
0.287976
0.28799
0.28799
0.287995
0.288017
0.288033
0.288047
0.288048
0.288063
0.288077
0.28808
0.288083
0.288087
0.28809
0.288091
0.288097
0.288107
0.28811
0.288115
0.288137
0.28816
0.288166
0.288173
0.288173
0.288174
0.288177
0.288177
0.288181
0.288187
0.288196
0.28822
0.288224
0.288224
0.288227
0.288227
0.28823
0.28824
0.288248
0.288251
0.288263
0.288276
0.288283
0.2883
0.28831
0.288318
0.288337
0.288348
0.288354
0.28836
0.28836
0.288391
0.2884
0.28841
0.288423
0.288437
0.288437
0.28845
0.288457
0.288463
0.288476
0.288477
0.288487
0.288501
0.288504
0.288517
0.28854
0.288548
0.288551
0.288557
0.28856
0.288574
0.288587
0.2886
0.288613
0.28862
0.288637
0.288647
0.288648
0.288667
0.28867
0.288671
0.288673
0.288676
0.288677
0.288681
0.288682
0.28869
0.2887
0.28871
0.288717
0.288721
0.288724
0.288733
0.288737
0.28874
0.28874
0.288747
0.288747
0.28876
0.288763
0.288774
0.288778
0.288783
0.288791
0.288798
0.288808
0.288817
0.288823
0.288837
0.288844
0.288861
0.288883
0.288883
0.28889
0.288903
0.28891
0.288923
0.288923
0.288927
0.288927
0.28893
0.288931
0.288934
0.288937
0.28896
0.28896
0.288967
0.288974
0.288977
0.288993
0.288997
0.28902
0.289021
0.289024
0.289026
0.289028
0.289057
0.289077
0.289087
0.289087
0.28909
0.289094
0.289127
0.289133
0.289138
0.289138
0.289143
0.289146
0.28915
0.289151
0.289153
0.289156
0.289157
0.28916
0.289161
0.28917
0.289177
0.28918
0.289227
0.289241
0.289257
0.289264
0.289268
0.28927
0.289277
0.289284
0.2893
0.289304
0.289317
0.28932
0.289327
0.289327
0.289337
0.289347
0.289367
0.289377
0.2894
0.28941
0.289423
0.289433
0.289443
0.289447
0.289454
0.28946
0.289463
0.289467
0.289474
0.289477
0.289497
0.289513
0.289513
0.289527
0.289534
0.28956
0.289577
0.28961
0.28961
0.28961
0.28961
0.289613
0.289627
0.28963
0.289634
0.289638
0.28964
0.289643
0.289644
0.289644
0.289647
0.28965
0.289653
0.28967
0.289681
0.289684
0.28969
0.289703
0.289714
0.289717
0.289724
0.289737
0.289743
0.289753
0.289777
0.289777
0.289784
0.289787
0.289797
0.289797
0.289817
0.289844
0.289847
0.289851
0.289858
0.289864
0.289864
0.289867
0.28987
0.289893
0.289907
0.289914
0.28992
0.28992
0.289937
0.289953
0.289954
0.28996
0.289971
0.289974
0.289978
0.289983
0.289994
0.289996
0.29
0.29001
0.290017
0.290027
0.29003
0.290033
0.290043
0.290043
0.290047
0.29006
0.290068
0.290078
0.290083
0.290086
0.290098
0.290104
0.290106
0.290107
0.29011
0.290124
0.290137
0.290144
0.290144
0.290164
0.290164
0.290173
0.290177
0.290197
0.2902
0.290203
0.290207
0.290218
0.290233
0.29024
0.290243
0.290244
0.29025
0.290251
0.290253
0.290254
0.290257
0.29026
0.29026
0.29026
0.290267
0.290283
0.290284
0.290287
0.290293
0.290297
0.290297
0.290298
0.290302
0.290304
0.290314
0.290315
0.29033
0.290346
0.290353
0.290354
0.290357
0.29037
0.29037
0.290374
0.290374
0.290374
0.290376
0.290397
0.2904
0.290414
0.290444
0.290454
0.290464
0.290467
0.290484
0.290487
0.290493
0.290494
0.290506
0.29051
0.290511
0.290514
0.290517
0.290524
0.290526
0.290527
0.290527
0.290543
0.290548
0.29055
0.290551
0.290551
0.290554
0.290561
0.290561
0.290564
0.290567
0.290567
0.29057
0.290573
0.290574
0.290578
0.290603
0.290604
0.290614
0.290614
0.290621
0.290623
0.290643
0.29066
0.290681
0.290693
0.290696
0.290697
0.290707
0.290724
0.290737
0.290738
0.290751
0.290753
0.29076
0.290763
0.29077
0.290773
0.29078
0.290787
0.290807
0.29081
0.290813
0.290813
0.290814
0.29082
0.290843
0.29085
0.290877
0.29088
0.29089
0.290896
0.290897
0.290898
0.2909
0.29091
0.29092
0.290921
0.290923
0.290933
0.290933
0.290947
0.290957
0.290957
0.290967
0.290968
0.29097
0.290973
0.290977
0.290978
0.290984
0.291
0.29101
0.29101
0.291013
0.291017
0.291017
0.29102
0.291023
0.291024
0.291024
0.291036
0.291057
0.291067
0.29108
0.291083
0.291084
0.291088
0.291094
0.29111
0.291113
0.291123
0.29114
0.291143
0.291144
0.291147
0.291151
0.291157
0.291187
0.29119
0.2912
0.291201
0.29122
0.291228
0.291236
0.291257
0.291257
0.29127
0.29127
0.291277
0.29128
0.291281
0.291284
0.291284
0.291287
0.291291
0.291301
0.291303
0.291317
0.291317
0.29132
0.291323
0.29133
0.291353
0.29137
0.291374
0.29138
0.29138
0.291383
0.291387
0.291394
0.2914
0.2914
0.291404
0.291407
0.291408
0.291417
0.291418
0.291423
0.291434
0.291441
0.29145
0.29145
0.291457
0.29146
0.291464
0.29147
0.291471
0.29148
0.291481
0.29149
0.291493
0.291497
0.291508
0.29151
0.291534
0.291537
0.29154
0.291547
0.291553
0.291554
0.29156
0.29156
0.291571
0.291574
0.291586
0.291587
0.291587
0.291588
0.29159
0.291596
0.291597
0.291597
0.291603
0.291616
0.291624
0.291633
0.291633
0.291634
0.29164
0.29164
0.29164
0.29164
0.291644
0.29165
0.291653
0.291657
0.291667
0.291673
0.291676
0.291677
0.291678
0.291681
0.291683
0.291693
0.291703
0.291704
0.291704
0.29171
0.29171
0.291714
0.291716
0.291727
0.29174
0.29175
0.291751
0.291757
0.291766
0.291767
0.29177
0.291778
0.291787
0.29179
0.291791
0.291827
0.291827
0.291833
0.291834
0.291843
0.291844
0.29186
0.291863
0.291871
0.291884
0.29189
0.291891
0.29191
0.29193
0.291933
0.291946
0.29195
0.291954
0.291954
0.29196
0.29197
0.291977
0.291988
0.291997
0.292006
0.292006
0.292024
0.292026
0.29203
0.292033
0.292033
0.29204
0.292041
0.29205
0.292053
0.292057
0.292057
0.29206
0.292077
0.292084
0.2921
0.2921
0.292101
0.292117
0.292127
0.29214
0.292144
0.292144
0.29215
0.292153
0.292157
0.292157
0.29216
0.292163
0.292164
0.292167
0.292173
0.292174
0.292181
0.292183
0.292187
0.292203
0.292213
0.292223
0.292234
0.292244
0.292247
0.292256
0.29226
0.292277
0.292284
0.292288
0.292291
0.2923
0.292304
0.292307
0.292318
0.292331
0.292334
0.292336
0.29234
0.292347
0.292347
0.292377
0.292381
0.292397
0.292397
0.2924
0.292401
0.29241
0.292427
0.29243
0.292437
0.29244
0.29245
0.292453
0.292454
0.292461
0.292464
0.292464
0.292467
0.292496
0.292496
0.29251
0.292514
0.292524
0.29253
0.292541
0.292544
0.292557
0.29258
0.292584
0.292594
0.292595
0.292598
0.292604
0.292605
0.292607
0.292614
0.292614
0.29262
0.292621
0.292634
0.292638
0.292643
0.292644
0.292654
0.29266
0.292667
0.292668
0.292678
0.29268
0.292681
0.292697
0.2927
0.292701
0.292701
0.292707
0.29271
0.292717
0.292726
0.292727
0.29276
0.292767
0.292774
0.292788
0.29279
0.2928
0.292806
0.292824
0.292824
0.292844
0.29285
0.29285
0.29286
0.292861
0.292866
0.29287
0.292873
0.292877
0.292883
0.292884
0.292887
0.292894
0.2929
0.292903
0.292916
0.292927
0.292944
0.29295
0.29296
0.29296
0.292963
0.292973
0.292988
0.292991
0.293
0.293004
0.293013
0.293021
0.293043
0.293043
0.293043
0.293046
0.29305
0.293057
0.29307
0.293078
0.293086
0.293086
0.2931
0.293114
0.293117
0.293121
0.293138
0.293141
0.293143
0.293147
0.293167
0.293187
0.29319
0.29322
0.293257
0.293267
0.293287
0.2933
0.293305
0.293307
0.29332
0.293338
0.29334
0.29335
0.293354
0.293367
0.29337
0.293371
0.293377
0.29341
0.29342
0.293426
0.293428
0.29343
0.293441
0.293447
0.293457
0.293464
0.293474
0.293482
0.293488
0.293493
0.293493
0.293498
0.2935
0.293502
0.293513
0.29352
0.293527
0.293534
0.29354
0.293546
0.29355
0.29356
0.293567
0.293567
0.293581
0.293584
0.293584
0.29359
0.293594
0.293604
0.293607
0.293611
0.293634
0.293657
0.293657
0.29366
0.293664
0.293673
0.293684
0.293684
0.29369
0.293694
0.2937
0.29373
0.293753
0.293773
0.293774
0.293781
0.293788
0.29379
0.293794
0.293795
0.29383
0.293841
0.293843
0.293847
0.293857
0.293858
0.29386
0.293863
0.293867
0.293873
0.293873
0.293881
0.293893
0.293906
0.293906
0.293908
0.293911
0.293917
0.293917
0.29392
0.293923
0.29393
0.293931
0.293933
0.293938
0.29394
0.293944
0.293963
0.293967
0.293974
0.29398
0.29398
0.293988
0.293997
0.294001
0.294007
0.294014
0.294017
0.294023
0.294024
0.294024
0.294035
0.294043
0.29405
0.29407
0.294083
0.294096
0.294101
0.294104
0.294107
0.294125
0.294126
0.29413
0.294131
0.294136
0.294163
0.294183
0.294185
0.294187
0.29419
0.294207
0.294211
0.29422
0.294224
0.294227
0.294234
0.29424
0.294244
0.29425
0.29425
0.294254
0.294256
0.294257
0.294261
0.29427
0.294291
0.2943
0.294304
0.294307
0.29431
0.294323
0.29433
0.294333
0.29434
0.294343
0.294346
0.294346
0.294347
0.294374
0.294374
0.294377
0.294384
0.2944
0.294401
0.294413
0.294417
0.294424
0.294427
0.29443
0.294436
0.294437
0.294443
0.294444
0.294444
0.29445
0.294454
0.294457
0.294467
0.294471
0.294473
0.294477
0.294477
0.294477
0.29448
0.29448
0.29449
0.294496
0.29451
0.29453
0.294543
0.294547
0.294548
0.294557
0.29456
0.294561
0.29458
0.29458
0.29458
0.294583
0.294584
0.294596
0.294614
0.294617
0.294624
0.294647
0.294671
0.294684
0.294707
0.29471
0.294717
0.294737
0.294741
0.294757
0.294761
0.294774
0.29478
0.294787
0.294793
0.294794
0.294797
0.2948
0.294807
0.294814
0.294831
0.294833
0.294837
0.29484
0.294844
0.294845
0.294847
0.294854
0.294864
0.294876
0.294907
0.294917
0.29493
0.294934
0.29494
0.29494
0.294944
0.294944
0.294947
0.294947
0.29496
0.29497
0.29498
0.294983
0.294987
0.295
0.295
0.295001
0.295007
0.29503
0.29503
0.295036
0.29504
0.295041
0.295044
0.295051
0.295054
0.295056
0.295057
0.295058
0.29506
0.29508
0.29508
0.295081
0.295087
0.295087
0.295093
0.295103
0.29511
0.295111
0.295132
0.295141
0.295148
0.29515
0.295151
0.295157
0.295163
0.295167
0.295184
0.295191
0.295201
0.295206
0.29521
0.295216
0.295224
0.295241
0.295248
0.29525
0.295251
0.295257
0.295267
0.295273
0.295277
0.295303
0.295313
0.295317
0.29533
0.29533
0.29533
0.295337
0.295341
0.295343
0.295346
0.295347
0.295353
0.295356
0.295357
0.29536
0.295367
0.29537
0.295384
0.295387
0.295403
0.295405
0.295407
0.295407
0.295413
0.295414
0.29542
0.295423
0.29543
0.29543
0.29544
0.295443
0.295444
0.29545
0.29545
0.295453
0.295457
0.295463
0.295467
0.295468
0.29548
0.295481
0.295484
0.295488
0.295494
0.295507
0.295507
0.295511
0.295527
0.29553
0.295533
0.295547
0.29555
0.29555
0.29556
0.295564
0.295573
0.295577
0.29558
0.295581
0.295588
0.295591
0.29561
0.295621
0.29563
0.29563
0.295634
0.295637
0.295645
0.295646
0.295651
0.295654
0.295677
0.295684
0.29569
0.29569
0.295693
0.295707
0.295707
0.295708
0.29571
0.295714
0.295721
0.295724
0.295727
0.295728
0.295731
0.295747
0.295754
0.295766
0.295771
0.295774
0.29579
0.295794
0.2958
0.2958
0.2958
0.295803
0.295817
0.29582
0.295823
0.295826
0.295834
0.295844
0.295847
0.295847
0.295903
0.29591
0.295913
0.295917
0.295936
0.295957
0.295957
0.29596
0.295966
0.295967
0.295973
0.295977
0.295981
0.295984
0.295993
0.296
0.296006
0.296024
0.296033
0.296034
0.296044
0.296045
0.29606
0.296061
0.296061
0.296064
0.29607
0.296071
0.296077
0.296081
0.296104
0.296107
0.29611
0.29611
0.296117
0.296117
0.29612
0.296124
0.296126
0.296127
0.296133
0.296137
0.296144
0.296147
0.296161
0.296177
0.296177
0.296197
0.296207
0.296208
0.29621
0.29621
0.296216
0.29622
0.29623
0.296233
0.296237
0.296237
0.29624
0.29625
0.296256
0.296257
0.296264
0.29628
0.296284
0.296284
0.296286
0.296294
0.296294
0.296297
0.296298
0.296307
0.296323
0.29634
0.29635
0.296358
0.296363
0.296374
0.296387
0.296388
0.29639
0.296393
0.29641
0.296411
0.296413
0.296421
0.296425
0.296427
0.296441
0.296443
0.296443
0.296444
0.296451
0.296454
0.296454
0.296455
0.296467
0.296474
0.29649
0.296494
0.2965
0.296507
0.29651
0.296514
0.29652
0.296521
0.296523
0.296523
0.29653
0.29654
0.296553
0.296554
0.29656
0.296564
0.296567
0.296567
0.29657
0.296583
0.29659
0.29659
0.296591
0.2966
0.296601
0.296603
0.296623
0.296633
0.296637
0.296643
0.296653
0.296654
0.296656
0.296661
0.296673
0.296674
0.296681
0.296683
0.296693
0.296693
0.296703
0.296703
0.296704
0.29671
0.29671
0.296717
0.296718
0.296727
0.29673
0.296737
0.29674
0.296747
0.29675
0.296757
0.296766
0.296767
0.29677
0.296771
0.2968
0.296803
0.296803
0.296811
0.296816
0.296823
0.296827
0.296864
0.296887
0.296893
0.296894
0.296904
0.296914
0.29692
0.296941
0.29695
0.296954
0.296956
0.296957
0.296958
0.29696
0.29696
0.296973
0.296973
0.296978
0.29698
0.29698
0.29698
0.296986
0.297003
0.297004
0.297011
0.29702
0.29702
0.297024
0.297027
0.297045
0.297053
0.297054
0.297057
0.297058
0.29706
0.29707
0.297073
0.297073
0.297076
0.297077
0.297084
0.29709
0.297094
0.297094
0.297097
0.297117
0.297121
0.297137
0.297137
0.297147
0.297153
0.297163
0.297166
0.297166
0.297166
0.297168
0.29718
0.29718
0.297194
0.297204
0.29722
0.297223
0.297224
0.297237
0.297244
0.297244
0.29725
0.297253
0.29726
0.297267
0.29727
0.297277
0.297291
0.297293
0.2973
0.297301
0.297306
0.297311
0.29732
0.297327
0.297335
0.297353
0.297357
0.297364
0.29737
0.297377
0.29738
0.297387
0.297391
0.297393
0.297406
0.29742
0.297423
0.297424
0.29744
0.297443
0.297446
0.297456
0.29747
0.297477
0.297477
0.29748
0.29748
0.297487
0.29749
0.297494
0.2975
0.29751
0.297513
0.297517
0.297517
0.29752
0.297523
0.297527
0.297528
0.29755
0.29756
0.297571
0.297577
0.297578
0.297584
0.297587
0.297597
0.297601
0.297627
0.297631
0.297633
0.297644
0.297644
0.297663
0.297666
0.297666
0.29767
0.297677
0.297677
0.297686
0.297697
0.2977
0.297701
0.29771
0.297716
0.297717
0.29773
0.29773
0.297733
0.297748
0.29777
0.297787
0.297793
0.2978
0.29781
0.297814
0.297817
0.297817
0.29782
0.29782
0.297821
0.297823
0.297831
0.297837
0.297847
0.29785
0.297853
0.297857
0.297864
0.297877
0.297886
0.2979
0.297904
0.29791
0.297913
0.297927
0.297931
0.297933
0.29794
0.297941
0.297947
0.297956
0.297964
0.297971
0.297977
0.29798
0.29799
0.297996
0.298
0.298007
0.298013
0.29802
0.29803
0.298033
0.298034
0.298037
0.298046
0.298047
0.29805
0.29805
0.298067
0.29807
0.298073
0.298086
0.298094
0.2981
0.298103
0.29811
0.29813
0.298137
0.298137
0.298144
0.298147
0.298147
0.298157
0.298166
0.298167
0.298167
0.298183
0.298187
0.298187
0.29819
0.298207
0.298208
0.298224
0.298243
0.298243
0.298244
0.298251
0.29826
0.298263
0.298263
0.298267
0.298273
0.298277
0.298283
0.298288
0.29829
0.298295
0.29831
0.29831
0.298317
0.29832
0.298347
0.29835
0.298354
0.29836
0.298363
0.298364
0.298367
0.298367
0.298377
0.298386
0.298386
0.298387
0.298387
0.298391
0.298397
0.2984
0.298406
0.298407
0.29841
0.298413
0.298417
0.298424
0.298434
0.29845
0.298464
0.298468
0.298473
0.298477
0.298494
0.298497
0.298507
0.298513
0.298517
0.29853
0.298534
0.298536
0.298541
0.298547
0.298547
0.298553
0.29856
0.298566
0.298571
0.29859
0.298607
0.298617
0.298627
0.29863
0.298647
0.298657
0.298657
0.298657
0.29866
0.298664
0.298667
0.298677
0.298681
0.298683
0.298683
0.298697
0.2987
0.298703
0.298716
0.29872
0.298727
0.29874
0.29874
0.29874
0.298767
0.298768
0.29877
0.298773
0.298777
0.29879
0.298797
0.298833
0.298833
0.298843
0.29885
0.298854
0.29886
0.29886
0.298867
0.298871
0.298881
0.298887
0.298904
0.298926
0.29893
0.298964
0.298965
0.298971
0.298974
0.298981
0.298984
0.298984
0.298991
0.299003
0.299005
0.299037
0.299057
0.299084
0.299086
0.29909
0.29909
0.299093
0.299097
0.299107
0.29912
0.299122
0.299123
0.299141
0.299153
0.299153
0.299167
0.299167
0.299167
0.299184
0.29919
0.299191
0.299197
0.299197
0.299203
0.299207
0.29921
0.299231
0.299244
0.29925
0.299267
0.29927
0.299277
0.29928
0.299293
0.299301
0.299303
0.29931
0.29931
0.299318
0.29932
0.299337
0.299347
0.299351
0.299354
0.299357
0.299357
0.299357
0.29936
0.299381
0.299384
0.29939
0.299404
0.299413
0.299414
0.29942
0.29943
0.299441
0.299448
0.29945
0.299463
0.299471
0.299474
0.299484
0.299487
0.299491
0.299494
0.2995
0.299503
0.299523
0.299523
0.299523
0.299527
0.299535
0.299537
0.299537
0.29954
0.299551
0.299567
0.29957
0.299584
0.299587
0.299594
0.299601
0.299603
0.299617
0.299624
0.299634
0.299637
0.299644
0.299647
0.29966
0.299663
0.299664
0.29967
0.299673
0.299677
0.29968
0.299684
0.2997
0.29971
0.29972
0.299726
0.29977
0.299774
0.29978
0.29978
0.299784
0.299794
0.299797
0.299797
0.299803
0.299805
0.299824
0.299826
0.299827
0.299827
0.299828
0.29983
0.29983
0.299837
0.299837
0.299845
0.299847
0.299847
0.299854
0.29986
0.29986
0.29986
0.299861
0.299873
0.29988
0.299887
0.29989
0.299904
0.299904
0.299907
0.29991
0.299913
0.299917
0.299917
0.29992
0.29992
0.299924
0.299924
0.29993
0.29993
0.299944
0.299944
0.299958
0.29996
0.299963
0.299971
0.299971
0.299971
0.299977
0.29998
0.299983
0.299983
0.299983
0.299996
0.299997
0.300007
0.30001
0.300013
0.300017
0.30002
0.300023
0.300051
0.300058
0.30006
0.30006
0.300067
0.300073
0.300077
0.300096
0.300097
0.300103
0.30011
0.300117
0.300143
0.300146
0.300153
0.30017
0.300171
0.30019
0.300194
0.300196
0.300211
0.300217
0.300217
0.30022
0.300234
0.30024
0.30024
0.300241
0.300254
0.300257
0.300273
0.300297
0.3003
0.300304
0.30031
0.30031
0.300311
0.300317
0.300317
0.30032
0.300354
0.300357
0.300364
0.30038
0.300387
0.300407
0.300426
0.300434
0.300436
0.300441
0.30045
0.300458
0.30046
0.300467
0.300473
0.30048
0.300484
0.30049
0.30049
0.300491
0.3005
0.300503
0.30051
0.300511
0.300521
0.30053
0.300533
0.300553
0.300554
0.300557
0.300557
0.300567
0.30057
0.30057
0.300577
0.30058
0.300584
0.300591
0.300597
0.300606
0.30061
0.30061
0.300617
0.300617
0.300617
0.300617
0.300624
0.300634
0.300637
0.300656
0.30067
0.300678
0.300693
0.300694
0.300701
0.300704
0.300706
0.300713
0.300713
0.300721
0.300723
0.300728
0.300733
0.300734
0.300736
0.300754
0.300757
0.30076
0.300773
0.300774
0.300774
0.300781
0.300783
0.300784
0.300787
0.300787
0.300797
0.300804
0.300804
0.300807
0.300808
0.30081
0.30081
0.300813
0.30086
0.300863
0.300866
0.300874
0.300877
0.300877
0.300883
0.30089
0.30089
0.300907
0.300913
0.30094
0.30094
0.300957
0.30097
0.300973
0.300977
0.300997
0.301007
0.301007
0.301017
0.301017
0.301033
0.301044
0.301044
0.301047
0.301067
0.301068
0.30107
0.301114
0.301115
0.30112
0.30112
0.30112
0.301123
0.301124
0.301131
0.301133
0.301153
0.301164
0.301164
0.301164
0.301171
0.301174
0.301177
0.30118
0.301197
0.3012
0.30121
0.30121
0.301213
0.30122
0.30123
0.301243
0.301245
0.30126
0.301261
0.301273
0.301274
0.30128
0.301283
0.301284
0.301294
0.301304
0.301308
0.301314
0.301314
0.301333
0.301333
0.301336
0.301337
0.301343
0.301343
0.301357
0.301367
0.301374
0.301381
0.301383
0.301385
0.301387
0.301387
0.301407
0.301413
0.301417
0.301426
0.301431
0.30144
0.301441
0.301443
0.301448
0.301455
0.30146
0.301471
0.301474
0.301484
0.301487
0.301487
0.301491
0.301493
0.30152
0.301526
0.301527
0.30153
0.30156
0.301577
0.301577
0.30159
0.3016
0.301606
0.301606
0.301617
0.30162
0.30162
0.30162
0.301624
0.301627
0.301644
0.301651
0.30166
0.301661
0.301664
0.301667
0.30167
0.301673
0.30168
0.30168
0.301681
0.301683
0.301697
0.3017
0.301703
0.30171
0.301723
0.301724
0.301733
0.301736
0.30174
0.301744
0.301747
0.301754
0.301757
0.301767
0.301767
0.30177
0.301774
0.30178
0.301783
0.301793
0.301797
0.301804
0.301804
0.301813
0.301816
0.301817
0.301821
0.301827
0.301827
0.301837
0.301847
0.301853
0.301854
0.301863
0.301871
0.301877
0.30188
0.301884
0.301894
0.301904
0.30191
0.301914
0.30192
0.301934
0.301937
0.301943
0.301944
0.301961
0.301964
0.301964
0.301967
0.30197
0.30198
0.301983
0.301991
0.301993
0.301993
0.302007
0.302007
0.302011
0.302024
0.30203
0.302036
0.302037
0.302041
0.302043
0.302056
0.302058
0.302067
0.302076
0.302085
0.302086
0.30209
0.302094
0.302097
0.30211
0.30211
0.30212
0.302128
0.302131
0.302138
0.30214
0.302147
0.302151
0.302164
0.302164
0.302167
0.302168
0.302173
0.30218
0.3022
0.302207
0.302207
0.30221
0.302214
0.302217
0.30222
0.30222
0.302228
0.302228
0.30223
0.30225
0.302253
0.302253
0.30226
0.302263
0.302281
0.302288
0.302294
0.302294
0.302304
0.302304
0.302324
0.30233
0.30234
0.302347
0.302347
0.30235
0.302367
0.30237
0.302371
0.302376
0.302393
0.302393
0.302396
0.302411
0.30243
0.302434
0.302437
0.30244
0.302447
0.302451
0.302461
0.30247
0.302474
0.302477
0.302484
0.302494
0.302494
0.3025
0.3025
0.30252
0.302538
0.302555
0.302556
0.30256
0.302564
0.302573
0.302577
0.30259
0.302591
0.302591
0.302603
0.302607
0.302608
0.30261
0.302624
0.302626
0.302627
0.302636
0.302637
0.30264
0.302657
0.302657
0.30266
0.302664
0.302664
0.302671
0.302677
0.302677
0.30268
0.30268
0.302686
0.302687
0.302694
0.3027
0.302704
0.302707
0.302727
0.30273
0.302733
0.302736
0.302751
0.302751
0.302756
0.302767
0.302777
0.302797
0.302803
0.302804
0.302807
0.302811
0.30282
0.30283
0.302834
0.302838
0.30284
0.302856
0.302857
0.30286
0.30287
0.302877
0.302884
0.302884
0.302893
0.302897
0.302907
0.302916
0.302926
0.302933
0.302947
0.302953
0.30297
0.302971
0.302973
0.302976
0.302984
0.30299
0.30299
0.302991
0.302997
0.303
0.303004
0.303007
0.30301
0.30302
0.30302
0.303024
0.303027
0.303034
0.303047
0.30305
0.30307
0.303073
0.30308
0.303084
0.303084
0.3031
0.30311
0.303113
0.303116
0.303125
0.303127
0.303138
0.303141
0.303146
0.303154
0.303157
0.303173
0.303176
0.30318
0.303187
0.30319
0.303205
0.303217
0.303227
0.303231
0.303234
0.30325
0.303254
0.303257
0.303258
0.303267
0.303267
0.303277
0.303284
0.303287
0.303291
0.303293
0.303297
0.303301
0.303314
0.303323
0.303334
0.303337
0.303347
0.303353
0.303354
0.303357
0.303386
0.303387
0.30339
0.30339
0.303401
0.303407
0.30341
0.303414
0.303417
0.303431
0.303433
0.303434
0.303434
0.303441
0.303443
0.303446
0.303447
0.303447
0.303451
0.303453
0.303457
0.303461
0.303464
0.303468
0.303476
0.303483
0.303484
0.303486
0.303487
0.303487
0.303487
0.30349
0.303491
0.303501
0.303514
0.303527
0.303531
0.303534
0.303538
0.303543
0.303544
0.303547
0.30355
0.303554
0.303557
0.303564
0.303567
0.303584
0.303593
0.303616
0.303617
0.303634
0.303646
0.303647
0.303648
0.303664
0.303667
0.303683
0.303687
0.303694
0.303694
0.303697
0.303715
0.303723
0.303727
0.30373
0.30373
0.30373
0.303731
0.30374
0.30374
0.303741
0.303746
0.30375
0.30375
0.30376
0.30376
0.303761
0.30377
0.303774
0.303781
0.303783
0.303786
0.30379
0.303794
0.303804
0.303807
0.303807
0.303814
0.303814
0.303816
0.303824
0.303827
0.303834
0.303841
0.303848
0.303854
0.303858
0.303883
0.303894
0.303896
0.303913
0.303937
0.303941
0.303947
0.30397
0.303973
0.303984
0.303987
0.303996
0.303996
0.30403
0.304041
0.304054
0.304056
0.304057
0.304057
0.304063
0.30408
0.304083
0.304084
0.304103
0.304104
0.304114
0.30412
0.304127
0.304133
0.304134
0.30416
0.30417
0.304183
0.304197
0.304207
0.304223
0.304227
0.30423
0.304241
0.304241
0.304253
0.30426
0.30427
0.30428
0.304287
0.30429
0.3043
0.304307
0.304313
0.304316
0.304317
0.30432
0.304321
0.304323
0.304323
0.304324
0.304327
0.30433
0.30433
0.304344
0.30435
0.304353
0.304357
0.30438
0.304387
0.3044
0.304407
0.304416
0.304417
0.30442
0.304423
0.30443
0.304436
0.304436
0.304443
0.304445
0.304447
0.30447
0.304477
0.304481
0.304483
0.304487
0.30449
0.304501
0.304503
0.30452
0.304527
0.304527
0.30453
0.304534
0.304537
0.304537
0.30454
0.304561
0.304567
0.304567
0.304568
0.304574
0.304587
0.304588
0.30459
0.304596
0.30461
0.304614
0.304623
0.304631
0.30464
0.304647
0.304647
0.304657
0.304658
0.304674
0.304677
0.30468
0.304681
0.304687
0.30469
0.304693
0.3047
0.304701
0.304707
0.304734
0.304734
0.304737
0.304746
0.30476
0.304763
0.304763
0.304781
0.304783
0.304785
0.304797
0.304804
0.30481
0.304826
0.304827
0.30483
0.30483
0.304831
0.304837
0.304837
0.30484
0.304847
0.304847
0.30485
0.304854
0.30486
0.304861
0.304877
0.304877
0.30488
0.304883
0.304884
0.304897
0.30491
0.30493
0.304933
0.304945
0.304946
0.30495
0.304963
0.304966
0.304977
0.304983
0.30499
0.304998
0.305
0.305013
0.305013
0.30502
0.305071
0.305097
0.30512
0.305121
0.305121
0.305143
0.305143
0.305151
0.305151
0.305181
0.305193
0.3052
0.305203
0.305214
0.305214
0.305221
0.305223
0.305227
0.30523
0.30523
0.305237
0.305241
0.305247
0.305264
0.305265
0.305266
0.305277
0.305281
0.305284
0.305286
0.305287
0.305297
0.305301
0.305303
0.305313
0.305323
0.305327
0.30533
0.30533
0.305334
0.30534
0.30534
0.305343
0.30535
0.305354
0.305358
0.30536
0.305366
0.30537
0.305391
0.305394
0.305397
0.305401
0.305403
0.30542
0.30542
0.305423
0.30543
0.305433
0.30544
0.305447
0.30545
0.305454
0.305457
0.305457
0.30546
0.305461
0.305463
0.305466
0.305467
0.30548
0.30549
0.30549
0.30549
0.305497
0.305509
0.30552
0.30553
0.305538
0.305547
0.30555
0.30556
0.305564
0.305567
0.305571
0.305573
0.305574
0.305577
0.305583
0.305594
0.305611
0.305613
0.305618
0.305621
0.305621
0.30564
0.30564
0.30564
0.305644
0.305645
0.305651
0.305657
0.30566
0.305674
0.305681
0.305703
0.30571
0.305711
0.305717
0.305727
0.305734
0.305736
0.305738
0.305738
0.30575
0.30576
0.305761
0.305773
0.305773
0.305775
0.305803
0.305817
0.30582
0.305837
0.305837
0.30584
0.305844
0.305844
0.305853
0.305854
0.30587
0.305874
0.305877
0.305877
0.305894
0.305897
0.305897
0.305907
0.30591
0.30591
0.30592
0.30592
0.305924
0.305933
0.305937
0.305938
0.30594
0.305941
0.305944
0.305946
0.30595
0.305954
0.305964
0.305965
0.305976
0.30598
0.305981
0.305983
0.305997
0.306007
0.306017
0.306021
0.306021
0.306037
0.306043
0.306047
0.30605
0.30605
0.306054
0.306067
0.306077
0.306084
0.306096
0.306104
0.30611
0.306111
0.306111
0.306133
0.306133
0.306135
0.306141
0.306141
0.306144
0.306146
0.306157
0.30616
0.306163
0.306165
0.306167
0.30618
0.30618
0.306183
0.306184
0.306187
0.306188
0.306198
0.306203
0.306208
0.306217
0.306224
0.30623
0.30625
0.306257
0.306257
0.306273
0.306297
0.306305
0.306307
0.30631
0.306317
0.306331
0.306333
0.306334
0.306334
0.306334
0.306337
0.30634
0.306347
0.306347
0.306351
0.30636
0.306363
0.306366
0.306374
0.306377
0.306387
0.306397
0.306414
0.306423
0.30643
0.30645
0.30645
0.306454
0.30646
0.306474
0.306477
0.306485
0.306487
0.306487
0.3065
0.306507
0.306513
0.306517
0.306521
0.306523
0.306527
0.30653
0.306531
0.306543
0.306544
0.306547
0.30655
0.30656
0.306574
0.306576
0.306576
0.306578
0.306597
0.3066
0.306607
0.306607
0.30661
0.306627
0.306638
0.30665
0.30666
0.306677
0.30668
0.306687
0.306697
0.3067
0.306715
0.306721
0.306724
0.306727
0.306737
0.30674
0.30675
0.306764
0.306764
0.30677
0.306777
0.30678
0.30679
0.306791
0.306797
0.306808
0.30681
0.30681
0.30683
0.306838
0.306843
0.306847
0.306854
0.306854
0.306855
0.306857
0.306867
0.306867
0.306873
0.306873
0.306874
0.306877
0.3069
0.306904
0.306907
0.306943
0.306951
0.306953
0.306953
0.306963
0.306981
0.306987
0.306993
0.307
0.307003
0.307006
0.307014
0.307018
0.307023
0.307023
0.307034
0.307043
0.307053
0.307057
0.307071
0.307073
0.307077
0.30708
0.307083
0.307084
0.307084
0.307087
0.307094
0.307103
0.307107
0.307107
0.307111
0.307124
0.30713
0.307134
0.307144
0.307164
0.307167
0.30718
0.307208
0.307211
0.307211
0.307217
0.307234
0.30724
0.30724
0.307243
0.30725
0.307254
0.307261
0.30727
0.30727
0.307271
0.307276
0.307278
0.3073
0.307307
0.307307
0.307314
0.307323
0.307323
0.307324
0.30733
0.307331
0.307333
0.307353
0.307353
0.307356
0.30736
0.30736
0.307364
0.307367
0.307374
0.307377
0.30738
0.307387
0.30741
0.307413
0.307413
0.307423
0.30743
0.307433
0.307443
0.307448
0.307453
0.307454
0.307457
0.30746
0.307467
0.307493
0.307494
0.307497
0.3075
0.307511
0.307514
0.307514
0.307516
0.30752
0.307523
0.307533
0.307534
0.30754
0.307544
0.307545
0.307564
0.307567
0.30757
0.307577
0.307577
0.307581
0.307587
0.307587
0.307588
0.307594
0.307596
0.3076
0.307605
0.30761
0.30761
0.307611
0.307611
0.307614
0.307624
0.307637
0.307643
0.307651
0.30766
0.30766
0.307681
0.307686
0.307688
0.30769
0.30769
0.307703
0.307731
0.307744
0.307747
0.307754
0.307758
0.307777
0.30778
0.307784
0.30779
0.307804
0.30781
0.30781
0.307813
0.30782
0.30783
0.307833
0.307834
0.307836
0.307838
0.307843
0.307844
0.307847
0.307847
0.30785
0.307857
0.307863
0.307873
0.307874
0.307876
0.30788
0.307883
0.307887
0.307888
0.307903
0.307911
0.307921
0.307923
0.307924
0.307937
0.307953
0.30796
0.307964
0.307976
0.307983
0.307984
0.307994
0.307998
0.308
0.308003
0.308007
0.308008
0.30802
0.308021
0.308033
0.30804
0.308048
0.308067
0.30807
0.308073
0.30808
0.308097
0.3081
0.30811
0.308114
0.308114
0.308117
0.30813
0.30814
0.30814
0.30814
0.308141
0.308148
0.308157
0.308161
0.308166
0.308193
0.308224
0.308227
0.308231
0.308233
0.308234
0.308257
0.30826
0.308261
0.308273
0.308281
0.308283
0.308291
0.308307
0.308309
0.308321
0.30833
0.30833
0.308347
0.308348
0.308353
0.308357
0.308367
0.308374
0.308386
0.308395
0.308413
0.308426
0.30843
0.308434
0.308441
0.308447
0.30845
0.308453
0.30846
0.308471
0.308484
0.308486
0.308488
0.308498
0.308503
0.308516
0.308516
0.308524
0.308526
0.308527
0.308527
0.308534
0.30854
0.30854
0.308563
0.308566
0.308567
0.308573
0.308583
0.308588
0.308596
0.308613
0.308624
0.308627
0.308628
0.308637
0.30865
0.308653
0.30866
0.308667
0.308681
0.308692
0.3087
0.308716
0.308733
0.308734
0.30876
0.308761
0.308765
0.308767
0.30877
0.308778
0.308787
0.308787
0.308797
0.3088
0.308801
0.308807
0.308807
0.308816
0.308836
0.308838
0.30884
0.30884
0.308841
0.30885
0.308861
0.308861
0.308867
0.30887
0.308884
0.308887
0.308887
0.30889
0.308897
0.308904
0.308905
0.30891
0.30891
0.308911
0.308913
0.30892
0.30892
0.308928
0.308938
0.308944
0.30895
0.308953
0.308977
0.30899
0.30899
0.308997
0.308998
0.309001
0.309006
0.30901
0.309018
0.30902
0.30903
0.309031
0.309037
0.30904
0.309051
0.30906
0.309067
0.30907
0.30907
0.309081
0.309087
0.3091
0.309107
0.309107
0.30911
0.309126
0.309127
0.309137
0.309137
0.30915
0.30915
0.309154
0.309161
0.309161
0.309163
0.309167
0.30917
0.30917
0.309174
0.30918
0.3092
0.309201
0.309201
0.309203
0.309204
0.309207
0.30921
0.30922
0.30922
0.309223
0.30924
0.30924
0.309244
0.309278
0.30928
0.309284
0.30929
0.309294
0.3093
0.3093
0.309304
0.309307
0.30931
0.309324
0.309327
0.309337
0.309347
0.309351
0.309364
0.309371
0.30938
0.30939
0.309401
0.309417
0.30942
0.309424
0.309424
0.309427
0.309427
0.309437
0.309443
0.309444
0.30945
0.309457
0.309461
0.309463
0.309463
0.309464
0.309467
0.309467
0.309467
0.30947
0.309477
0.30948
0.309484
0.309494
0.309504
0.309507
0.309508
0.309508
0.309517
0.309527
0.309546
0.30955
0.309563
0.309564
0.309577
0.30958
0.309581
0.309583
0.309587
0.30959
0.3096
0.3096
0.309613
0.30962
0.309623
0.309634
0.309634
0.30964
0.309657
0.30966
0.30966
0.309684
0.309688
0.309694
0.30971
0.30971
0.309714
0.309716
0.30972
0.309721
0.30973
0.309731
0.309736
0.309737
0.309738
0.30974
0.309747
0.309753
0.309763
0.309764
0.30977
0.30977
0.309774
0.309776
0.30978
0.309783
0.3098
0.309826
0.309827
0.309834
0.309847
0.309854
0.309857
0.309874
0.30988
0.309888
0.309894
0.309903
0.309904
0.309904
0.309913
0.309927
0.309928
0.309955
0.309964
0.309983
0.309987
0.309993
0.31
0.310004
0.310006
0.310007
0.310014
0.310016
0.310016
0.310021
0.310023
0.310038
0.310046
0.310047
0.310053
0.310061
0.310077
0.310094
0.310101
0.310114
0.310127
0.310145
0.310147
0.31015
0.31018
0.310184
0.310187
0.31019
0.31019
0.310191
0.310193
0.310193
0.310197
0.310203
0.310227
0.310227
0.310231
0.31024
0.31024
0.310246
0.310247
0.310267
0.310276
0.310284
0.310287
0.310297
0.310298
0.3103
0.310311
0.310313
0.310314
0.310317
0.310321
0.31034
0.310343
0.310343
0.31035
0.31035
0.310353
0.31037
0.31037
0.310374
0.310375
0.310391
0.3104
0.310403
0.310437
0.310453
0.310455
0.31046
0.310467
0.31047
0.310474
0.310474
0.310477
0.310481
0.310483
0.310484
0.310513
0.310523
0.31053
0.310547
0.31055
0.310557
0.310567
0.31057
0.310577
0.310587
0.310598
0.310604
0.310614
0.31064
0.31064
0.310647
0.310647
0.310647
0.310667
0.310671
0.310691
0.310697
0.310697
0.310713
0.310714
0.310717
0.310721
0.310721
0.310736
0.31074
0.310751
0.310754
0.310767
0.310768
0.31077
0.310771
0.31078
0.31079
0.310791
0.310793
0.310794
0.31081
0.310815
0.310821
0.310824
0.310831
0.310833
0.310834
0.310837
0.310841
0.310843
0.310844
0.310854
0.31087
0.310878
0.31089
0.31089
0.310893
0.310893
0.310893
0.310897
0.310907
0.310914
0.310924
0.310933
0.310934
0.310936
0.310954
0.31097
0.310974
0.31098
0.310983
0.310987
0.310993
0.311007
0.31102
0.311021
0.311023
0.311044
0.31105
0.311064
0.311066
0.311071
0.311073
0.311081
0.311086
0.31109
0.31109
0.311093
0.311094
0.311097
0.311097
0.311097
0.311104
0.31111
0.311117
0.311117
0.311127
0.31113
0.311133
0.311141
0.311144
0.311146
0.311153
0.311153
0.31116
0.31116
0.311173
0.311174
0.311174
0.31118
0.311181
0.311181
0.31119
0.311193
0.311201
0.31121
0.31122
0.311221
0.311226
0.311238
0.311257
0.311263
0.31127
0.31127
0.311274
0.31128
0.31129
0.31129
0.311293
0.311307
0.311316
0.311324
0.311326
0.31133
0.311351
0.311356
0.31138
0.311384
0.311386
0.311386
0.311393
0.311396
0.311404
0.311414
0.31142
0.31142
0.31143
0.311433
0.311434
0.311453
0.31148
0.311483
0.311484
0.31149
0.311494
0.311497
0.311497
0.311506
0.311527
0.31154
0.311541
0.31155
0.311553
0.311558
0.311566
0.311583
0.311587
0.311588
0.311593
0.311604
0.31161
0.31162
0.311621
0.311623
0.311624
0.31164
0.311643
0.311647
0.31165
0.311657
0.31166
0.311667
0.311671
0.31168
0.31168
0.311683
0.311694
0.311713
0.311723
0.311738
0.311747
0.31175
0.311757
0.311763
0.311764
0.311774
0.311777
0.311778
0.31181
0.311816
0.311817
0.31183
0.311851
0.311858
0.311894
0.311917
0.311921
0.31193
0.311957
0.31196
0.311973
0.311975
0.311977
0.311984
0.31199
0.312
0.312023
0.312027
0.312034
0.312037
0.312041
0.312044
0.312053
0.31206
0.312073
0.312083
0.312096
0.3121
0.3121
0.312101
0.312107
0.312113
0.312114
0.312117
0.312123
0.312133
0.312133
0.312137
0.312164
0.312173
0.312173
0.312184
0.31219
0.31219
0.312191
0.312191
0.312194
0.312197
0.312204
0.312211
0.31222
0.31224
0.31224
0.312246
0.312261
0.312268
0.31227
0.312281
0.312283
0.312285
0.312294
0.312304
0.312314
0.312316
0.312317
0.312328
0.312328
0.31233
0.31233
0.31234
0.312344
0.312345
0.312347
0.31236
0.312361
0.312373
0.312387
0.312387
0.3124
0.312404
0.312407
0.312407
0.31241
0.312414
0.31242
0.312433
0.312435
0.312454
0.312458
0.312467
0.312474
0.3125
0.312507
0.312507
0.31251
0.312514
0.312517
0.312524
0.312528
0.312531
0.312537
0.312543
0.312548
0.312554
0.312557
0.31256
0.312564
0.312567
0.312568
0.312577
0.312583
0.3126
0.3126
0.312601
0.312607
0.312617
0.312617
0.31262
0.312624
0.312624
0.31263
0.31264
0.312656
0.312657
0.312657
0.312658
0.312663
0.312667
0.312677
0.312693
0.312694
0.312694
0.312697
0.3127
0.312713
0.312714
0.312714
0.312716
0.312717
0.312723
0.312727
0.312757
0.312757
0.312787
0.31279
0.31279
0.312797
0.3128
0.3128
0.312806
0.312807
0.31281
0.312817
0.312817
0.312827
0.312828
0.312834
0.31284
0.31284
0.312844
0.312874
0.312877
0.312887
0.312903
0.312917
0.31292
0.312934
0.312936
0.31294
0.312943
0.312943
0.312951
0.31296
0.312961
0.31297
0.312977
0.312984
0.312993
0.312993
0.313
0.31304
0.31305
0.31305
0.31305
0.31307
0.313086
0.313087
0.31309
0.313093
0.313097
0.3131
0.313103
0.31311
0.313117
0.31312
0.31313
0.313134
0.313134
0.31316
0.313167
0.31318
0.313187
0.313191
0.313197
0.313201
0.313203
0.313208
0.313211
0.313216
0.313217
0.31322
0.313237
0.31326
0.313263
0.31327
0.31329
0.313294
0.313304
0.31331
0.313311
0.313313
0.313313
0.313321
0.313324
0.313337
0.313337
0.313343
0.313344
0.313357
0.313357
0.31336
0.313366
0.313384
0.313384
0.313387
0.313387
0.313407
0.313413
0.313417
0.313427
0.31343
0.313431
0.313434
0.31344
0.313444
0.313454
0.313454
0.31347
0.313473
0.313477
0.31348
0.313484
0.313485
0.3135
0.313504
0.313517
0.313521
0.313526
0.313527
0.313527
0.313527
0.313533
0.313533
0.313538
0.31355
0.313554
0.31359
0.313613
0.313613
0.313615
0.313616
0.313621
0.313621
0.313623
0.313624
0.313633
0.313634
0.313637
0.31364
0.313647
0.313651
0.313651
0.313653
0.313665
0.313666
0.313667
0.31368
0.31368
0.313697
0.313711
0.31372
0.313721
0.313727
0.313743
0.313744
0.313747
0.313748
0.313753
0.313763
0.313767
0.31377
0.31377
0.313777
0.313793
0.313797
0.313801
0.31381
0.313814
0.313817
0.313838
0.31384
0.313843
0.313867
0.313875
0.31388
0.31388
0.313881
0.313891
0.313894
0.313903
0.313907
0.313907
0.31391
0.313913
0.313927
0.313934
0.31394
0.31394
0.31395
0.313956
0.313958
0.31396
0.313961
0.313977
0.313984
0.313988
0.313996
0.314004
0.314006
0.314013
0.314014
0.31404
0.314046
0.31405
0.31405
0.31407
0.314078
0.314083
0.31409
0.31409
0.31409
0.314098
0.314113
0.314121
0.314123
0.314124
0.314127
0.31413
0.314133
0.314137
0.314144
0.314157
0.31421
0.314213
0.314213
0.314214
0.314217
0.31422
0.314221
0.314254
0.314266
0.314277
0.314277
0.314283
0.314284
0.314293
0.314297
0.314303
0.31431
0.314333
0.314333
0.314337
0.314337
0.31434
0.314344
0.314344
0.314354
0.314367
0.314381
0.314383
0.314387
0.314393
0.31443
0.31443
0.31444
0.31445
0.31445
0.314453
0.314454
0.314463
0.314474
0.314481
0.314483
0.314484
0.314484
0.314503
0.31453
0.314531
0.31455
0.314554
0.314556
0.314557
0.314567
0.314567
0.314571
0.314574
0.314574
0.314574
0.31458
0.31458
0.314593
0.314593
0.314597
0.314607
0.314624
0.314624
0.314624
0.314634
0.31465
0.314656
0.314656
0.31466
0.31468
0.314694
0.314695
0.31472
0.314731
0.31474
0.314743
0.314753
0.314784
0.314811
0.31482
0.314824
0.31484
0.314841
0.314846
0.314847
0.314847
0.314851
0.314854
0.314857
0.314887
0.314887
0.314887
0.314903
0.314916
0.314917
0.314921
0.31493
0.31493
0.314931
0.314934
0.314937
0.314973
0.314977
0.314994
0.315003
0.315006
0.315007
0.315007
0.315017
0.315028
0.315033
0.31506
0.315067
0.315068
0.31509
0.31509
0.3151
0.315103
0.315107
0.315113
0.315116
0.315127
0.31513
0.315137
0.315141
0.31515
0.315153
0.315155
0.315158
0.31516
0.315174
0.315177
0.31518
0.315191
0.315204
0.315204
0.31521
0.31522
0.31522
0.315243
0.315243
0.315247
0.31525
0.315254
0.315257
0.31526
0.315277
0.31528
0.315285
0.315287
0.315288
0.315293
0.315297
0.315308
0.31532
0.315324
0.315326
0.315327
0.315343
0.315348
0.31535
0.31536
0.31539
0.315393
0.315407
0.315414
0.31543
0.31545
0.31545
0.31545
0.315454
0.315456
0.31547
0.315474
0.315487
0.315507
0.315524
0.315543
0.315547
0.315547
0.315554
0.315557
0.315557
0.315564
0.315577
0.315583
0.315584
0.315587
0.315603
0.315608
0.31561
0.31562
0.315621
0.315644
0.315653
0.315654
0.315656
0.315667
0.315667
0.315673
0.315674
0.315701
0.315716
0.31573
0.315733
0.315733
0.315735
0.31575
0.315751
0.31576
0.315781
0.315783
0.31579
0.31579
0.31579
0.3158
0.315801
0.31581
0.315814
0.315827
0.315831
0.315834
0.31584
0.315844
0.315857
0.315864
0.315867
0.31587
0.315873
0.31588
0.315881
0.315883
0.31591
0.315927
0.315943
0.315963
0.31597
0.315973
0.315987
0.315994
0.315997
0.316006
0.31601
0.316017
0.316017
0.31602
0.316024
0.316024
0.316027
0.316028
0.31605
0.316053
0.316067
0.31607
0.316071
0.316073
0.316074
0.316074
0.316083
0.316086
0.316087
0.316091
0.316124
0.316126
0.31614
0.316151
0.316164
0.316167
0.316171
0.31618
0.316183
0.316187
0.316194
0.316196
0.3162
0.316203
0.316204
0.31622
0.31622
0.316224
0.316226
0.316233
0.316237
0.316258
0.31626
0.316274
0.31629
0.3163
0.316307
0.316307
0.31632
0.316324
0.316325
0.316341
0.316341
0.316343
0.31637
0.316373
0.316377
0.316378
0.316384
0.316387
0.316397
0.316397
0.316403
0.316408
0.316417
0.31642
0.316428
0.31643
0.31643
0.31643
0.316434
0.316444
0.316465
0.316484
0.31651
0.316511
0.316524
0.316537
0.31654
0.316547
0.31655
0.316554
0.316555
0.316558
0.31656
0.316564
0.31657
0.316573
0.31658
0.316583
0.316587
0.316606
0.316613
0.316621
0.316623
0.316635
0.316651
0.316653
0.316663
0.316673
0.316677
0.316677
0.31668
0.316688
0.316703
0.316703
0.316704
0.316727
0.316753
0.316754
0.316756
0.31677
0.316773
0.316807
0.316817
0.316824
0.31685
0.316857
0.31686
0.316864
0.31687
0.316877
0.316883
0.316887
0.316888
0.31689
0.316897
0.316908
0.316917
0.31692
0.31693
0.316933
0.316937
0.31695
0.316951
0.316953
0.31696
0.316993
0.316994
0.317
0.317008
0.31701
0.31702
0.31702
0.317023
0.317026
0.317028
0.317031
0.317033
0.317043
0.317047
0.317064
0.317064
0.31707
0.317083
0.317086
0.317088
0.317096
0.317117
0.317117
0.31712
0.317124
0.31713
0.317137
0.317143
0.317147
0.31715
0.317153
0.31716
0.317163
0.317167
0.31717
0.317171
0.317176
0.317176
0.317176
0.31718
0.31719
0.317207
0.317214
0.317217
0.317223
0.317224
0.31723
0.31724
0.317242
0.317254
0.317257
0.31728
0.31729
0.31729
0.317297
0.31731
0.317317
0.317323
0.317357
0.317363
0.317367
0.317371
0.31738
0.317385
0.31739
0.317391
0.3174
0.317406
0.317407
0.317416
0.31742
0.317433
0.317443
0.317457
0.317467
0.317467
0.317494
0.317497
0.3175
0.317501
0.317505
0.317516
0.317527
0.317527
0.317547
0.317553
0.317557
0.317557
0.31756
0.31756
0.317597
0.317597
0.31761
0.31761
0.31762
0.317627
0.317634
0.317657
0.317658
0.317661
0.317673
0.317674
0.317677
0.31769
0.317691
0.317693
0.317707
0.31771
0.317717
0.317723
0.31773
0.31773
0.31774
0.31774
0.31774
0.317751
0.317753
0.317753
0.317763
0.317767
0.317777
0.317781
0.317797
0.317797
0.317801
0.317803
0.31781
0.317817
0.31782
0.317824
0.317826
0.317831
0.31784
0.31784
0.317844
0.317848
0.317856
0.317864
0.31788
0.317883
0.317891
0.317901
0.317903
0.317904
0.31792
0.317924
0.317924
0.31793
0.31793
0.317934
0.31796
0.317964
0.317983
0.317985
0.317986
0.317987
0.317996
0.318
0.318
0.318007
0.318013
0.318027
0.318041
0.318044
0.318053
0.318076
0.318077
0.318091
0.318091
0.318093
0.31811
0.31813
0.31814
0.318143
0.318147
0.318153
0.31817
0.318171
0.31818
0.318193
0.318197
0.3182
0.3182
0.3182
0.318207
0.31821
0.318211
0.318214
0.318237
0.318243
0.31825
0.318263
0.318276
0.3183
0.318303
0.318313
0.318314
0.318318
0.318324
0.318328
0.31833
0.318343
0.318345
0.318356
0.318363
0.31837
0.318384
0.318391
0.318391
0.318413
0.31843
0.318433
0.318447
0.31846
0.318461
0.318463
0.318533
0.318554
0.318557
0.31857
0.318574
0.318586
0.318607
0.318617
0.31862
0.31862
0.318631
0.318634
0.318644
0.318651
0.318656
0.31866
0.318663
0.318667
0.318667
0.318674
0.318683
0.31869
0.318697
0.318698
0.31871
0.31872
0.318724
0.318733
0.318743
0.318747
0.318751
0.318757
0.318761
0.318766
0.31877
0.318774
0.318777
0.318777
0.31881
0.318813
0.318834
0.318835
0.318857
0.31886
0.318861
0.318874
0.318877
0.318894
0.318906
0.31892
0.318925
0.318931
0.318934
0.31895
0.318953
0.31896
0.318961
0.318967
0.318974
0.31898
0.318983
0.318987
0.318997
0.319
0.31901
0.319017
0.319024
0.31903
0.319034
0.319048
0.31905
0.319063
0.319064
0.319065
0.31909
0.3191
0.319104
0.319106
0.319106
0.319111
0.319121
0.319128
0.31913
0.31913
0.319133
0.319141
0.319153
0.319161
0.319171
0.319217
0.319218
0.319223
0.319224
0.31923
0.319234
0.319234
0.319234
0.319237
0.319247
0.31927
0.319278
0.319278
0.319293
0.3193
0.31931
0.319316
0.31932
0.31932
0.319324
0.31933
0.319341
0.319344
0.319354
0.319367
0.31938
0.31938
0.319384
0.319385
0.319387
0.319387
0.31939
0.319398
0.3194
0.319403
0.319403
0.319428
0.319428
0.319434
0.319444
0.31946
0.319463
0.319464
0.319467
0.31947
0.31947
0.31947
0.31948
0.319487
0.319491
0.319497
0.3195
0.31951
0.31952
0.31952
0.319523
0.319534
0.319537
0.31954
0.319547
0.319547
0.319547
0.31955
0.31957
0.31957
0.319573
0.31958
0.31958
0.319584
0.319588
0.319591
0.319591
0.319593
0.3196
0.31961
0.319614
0.319614
0.319616
0.319618
0.319621
0.319623
0.319626
0.319644
0.319656
0.31966
0.319667
0.319678
0.319683
0.319683
0.319697
0.319701
0.319703
0.319707
0.31972
0.319747
0.31975
0.319756
0.319763
0.319764
0.31977
0.31977
0.319784
0.319786
0.319807
0.319807
0.319807
0.319814
0.319818
0.319857
0.319881
0.319884
0.31989
0.319895
0.3199
0.3199
0.319914
0.319921
0.319927
0.319937
0.319953
0.319964
0.319994
0.320006
0.320007
0.320007
0.320024
0.320024
0.320038
0.32004
0.320047
0.320075
0.320078
0.320083
0.320098
0.320101
0.320103
0.320113
0.320114
0.32013
0.320137
0.32015
0.320157
0.320163
0.320166
0.320166
0.320193
0.320195
0.320224
0.320247
0.320248
0.32025
0.32025
0.320254
0.320264
0.320266
0.32027
0.32027
0.320277
0.32028
0.320291
0.320293
0.320304
0.320304
0.320304
0.320307
0.320324
0.320327
0.320366
0.320367
0.320376
0.320394
0.320394
0.320404
0.32041
0.320416
0.32042
0.320424
0.32046
0.320464
0.320473
0.320474
0.320477
0.320501
0.320506
0.32051
0.320513
0.32052
0.320523
0.32053
0.320531
0.320537
0.320546
0.320547
0.320554
0.320554
0.320561
0.320564
0.320577
0.320584
0.320597
0.320611
0.320625
0.320627
0.320651
0.320654
0.32066
0.320667
0.320667
0.320681
0.320687
0.320693
0.320704
0.320707
0.320708
0.320714
0.320717
0.32072
0.320731
0.320748
0.320757
0.32076
0.32077
0.320777
0.32078
0.32079
0.320794
0.320801
0.320807
0.320813
0.320813
0.320814
0.320827
0.320838
0.320851
0.320853
0.320858
0.32086
0.320864
0.32087
0.320873
0.32088
0.32088
0.320914
0.320916
0.320923
0.32094
0.320944
0.32095
0.320967
0.32097
0.320987
0.320988
0.32099
0.320994
0.321
0.321014
0.321024
0.321025
0.32103
0.32104
0.321044
0.32105
0.32106
0.321073
0.321087
0.321111
0.32112
0.321123
0.321127
0.32114
0.321144
0.321163
0.321167
0.321168
0.321207
0.32122
0.321233
0.321243
0.321247
0.32125
0.32125
0.321264
0.321266
0.321274
0.321276
0.321287
0.32129
0.321297
0.321297
0.321304
0.321317
0.32132
0.321323
0.32133
0.321334
0.321344
0.321347
0.321348
0.321351
0.321354
0.321357
0.321357
0.321363
0.321376
0.321384
0.321384
0.321384
0.321384
0.321387
0.321387
0.321393
0.32143
0.32143
0.321446
0.321447
0.32145
0.32145
0.321457
0.321486
0.32149
0.321506
0.321513
0.32153
0.32155
0.321551
0.32157
0.32157
0.321571
0.321573
0.321577
0.321583
0.321587
0.321591
0.321593
0.321613
0.321624
0.321668
0.321673
0.321683
0.321694
0.321698
0.32172
0.32172
0.32173
0.321741
0.321744
0.321746
0.32175
0.32176
0.32176
0.321761
0.321764
0.321773
0.321784
0.321789
0.32179
0.321817
0.32183
0.32185
0.321854
0.321861
0.321867
0.32188
0.321887
0.32189
0.321893
0.321893
0.3219
0.32191
0.32191
0.321917
0.321924
0.321924
0.321933
0.321936
0.321938
0.321944
0.321954
0.321964
0.32197
0.321971
0.321974
0.321988
0.321994
0.322
0.322008
0.322027
0.322036
0.322037
0.322037
0.32204
0.322054
0.322064
0.32207
0.322073
0.322073
0.322077
0.32208
0.3221
0.322124
0.322137
0.322144
0.322145
0.32215
0.322151
0.322154
0.322167
0.322174
0.322187
0.322193
0.322241
0.322244
0.322267
0.322273
0.322276
0.322281
0.322291
0.322294
0.3223
0.322315
0.32232
0.32232
0.32233
0.322334
0.322337
0.32234
0.322344
0.322347
0.322376
0.322383
0.322387
0.32239
0.3224
0.322406
0.322407
0.32241
0.32241
0.322413
0.322431
0.322434
0.322438
0.32244
0.322443
0.32245
0.322453
0.322454
0.322454
0.32246
0.322463
0.322477
0.322477
0.322484
0.322501
0.322503
0.322511
0.322514
0.322525
0.32254
0.322543
0.322554
0.322557
0.322563
0.322566
0.322568
0.32257
0.322571
0.322571
0.322574
0.32259
0.322598
0.322606
0.322607
0.322607
0.322631
0.32264
0.322641
0.322643
0.322663
0.322668
0.322681
0.322683
0.32269
0.32269
0.322694
0.322701
0.322703
0.322714
0.322728
0.322733
0.322741
0.322744
0.322756
0.32276
0.322777
0.32278
0.322783
0.32281
0.322817
0.32283
0.322837
0.322847
0.32286
0.322861
0.322891
0.322906
0.322917
0.322918
0.322924
0.322927
0.322947
0.322948
0.322951
0.322953
0.322963
0.322967
0.32297
0.32298
0.322981
0.322983
0.32299
0.322991
0.322997
0.323024
0.323028
0.32303
0.32303
0.323033
0.32304
0.32305
0.323054
0.323057
0.32306
0.323083
0.323083
0.323091
0.323093
0.3231
0.323103
0.323106
0.323114
0.323117
0.32312
0.323124
0.323148
0.323153
0.323153
0.323164
0.323167
0.323167
0.32317
0.323177
0.323187
0.323194
0.323194
0.3232
0.323203
0.323214
0.323234
0.323237
0.323237
0.32326
0.323267
0.323267
0.323278
0.323284
0.323291
0.323293
0.323304
0.323311
0.323317
0.323323
0.32333
0.323333
0.323334
0.323334
0.323334
0.323338
0.323343
0.32335
0.323358
0.323364
0.323367
0.323374
0.323381
0.32339
0.323397
0.323404
0.323404
0.323413
0.323417
0.323421
0.323433
0.323433
0.323434
0.323443
0.323447
0.323457
0.323471
0.323476
0.323484
0.32349
0.323491
0.323495
0.323496
0.323497
0.323497
0.323503
0.323504
0.32352
0.323536
0.323537
0.323553
0.32357
0.323577
0.323583
0.32359
0.323617
0.323634
0.32367
0.323671
0.323674
0.323677
0.323694
0.323694
0.323707
0.323711
0.323717
0.323737
0.32374
0.323744
0.323757
0.323761
0.323763
0.323771
0.32378
0.323801
0.323818
0.323826
0.323828
0.323831
0.323837
0.32384
0.323845
0.323847
0.323847
0.323854
0.32386
0.32386
0.323861
0.323878
0.323894
0.323901
0.323907
0.323936
0.323937
0.323958
0.323964
0.323987
0.323997
0.32401
0.32402
0.324026
0.32404
0.324041
0.324043
0.32405
0.324055
0.324057
0.324078
0.32408
0.324081
0.324094
0.3241
0.32412
0.32413
0.324134
0.324137
0.32415
0.324164
0.324184
0.324193
0.324194
0.324197
0.324203
0.324204
0.324206
0.324244
0.324275
0.324294
0.324313
0.324313
0.324316
0.324327
0.324331
0.324337
0.324367
0.324367
0.32437
0.324381
0.32439
0.324393
0.3244
0.324434
0.324447
0.32446
0.32446
0.324467
0.324476
0.32449
0.324504
0.324523
0.324533
0.324541
0.324544
0.324544
0.32456
0.324564
0.324604
0.324608
0.32463
0.32463
0.324637
0.324643
0.32465
0.324654
0.32466
0.324667
0.324683
0.324684
0.324693
0.324704
0.324707
0.324714
0.324744
0.324744
0.324744
0.324774
0.324787
0.324797
0.3248
0.324811
0.324817
0.32482
0.324851
0.32486
0.324864
0.32487
0.324894
0.324903
0.324907
0.32491
0.324912
0.324918
0.32492
0.324924
0.32494
0.324941
0.324953
0.324957
0.32496
0.324983
0.324997
0.325
0.325007
0.325016
0.325017
0.32502
0.325023
0.32506
0.325061
0.325074
0.325091
0.325094
0.32511
0.32512
0.32512
0.325133
0.325143
0.325147
0.32516
0.325177
0.32519
0.32519
0.325204
0.325207
0.325207
0.325216
0.325231
0.32524
0.32524
0.32524
0.325244
0.325263
0.325277
0.325284
0.325291
0.325307
0.32532
0.32532
0.325323
0.325327
0.325334
0.325334
0.325336
0.32534
0.325361
0.325377
0.32538
0.325383
0.325388
0.325398
0.325401
0.325413
0.325416
0.32542
0.325421
0.325431
0.325457
0.32546
0.325465
0.325468
0.32549
0.325511
0.325513
0.32552
0.325537
0.325547
0.32556
0.325563
0.325563
0.325585
0.325604
0.325611
0.325611
0.325617
0.325624
0.325653
0.325668
0.32568
0.325686
0.32572
0.32572
0.325734
0.325738
0.32574
0.325743
0.325743
0.325761
0.325773
0.325781
0.325784
0.325797
0.325823
0.325847
0.325871
0.325873
0.325881
0.325884
0.325884
0.325904
0.325917
0.325923
0.325933
0.325937
0.325943
0.325951
0.32596
0.325967
0.325977
0.326057
0.326061
0.326071
0.326085
0.326104
0.32613
0.326133
0.326134
0.326157
0.326157
0.326163
0.326188
0.32619
0.326203
0.326207
0.32621
0.326227
0.326234
0.326237
0.326237
0.326247
0.326247
0.32625
0.32626
0.326266
0.32629
0.326303
0.326306
0.326318
0.326324
0.326326
0.32633
0.326335
0.326357
0.326373
0.326394
0.326431
0.326434
0.326461
0.326477
0.32649
0.3265
0.326513
0.326513
0.32655
0.326563
0.32657
0.32658
0.32658
0.326584
0.326591
0.326593
0.326607
0.326613
0.326634
0.326656
0.326657
0.326673
0.32668
0.326681
0.32669
0.32669
0.326694
0.326708
0.326741
0.326754
0.326774
0.326781
0.326801
0.32681
0.326818
0.326831
0.326837
0.326847
0.326861
0.326877
0.32688
0.326888
0.32689
0.326903
0.326926
0.32693
0.32693
0.326934
0.326941
0.326947
0.326961
0.326966
0.32697
0.326971
0.32698
0.326984
0.326994
0.327001
0.327014
0.327037
0.327041
0.32705
0.327064
0.327068
0.32709
0.327093
0.327093
0.327124
0.327127
0.32714
0.327143
0.327167
0.327167
0.327174
0.32718
0.327201
0.32721
0.32722
0.327227
0.327227
0.327243
0.327244
0.32725
0.327263
0.327264
0.327286
0.32729
0.327293
0.32732
0.327323
0.327331
0.327333
0.32734
0.327341
0.327343
0.327347
0.32736
0.327383
0.327413
0.327427
0.327427
0.327431
0.327437
0.32745
0.327477
0.327478
0.32749
0.327496
0.32752
0.327527
0.327527
0.327533
0.327547
0.327548
0.32756
0.32756
0.327573
0.327574
0.32758
0.327618
0.327628
0.32763
0.327635
0.327647
0.327653
0.327674
0.327684
0.327701
0.327707
0.327711
0.327717
0.327717
0.327727
0.327738
0.32776
0.327761
0.327761
0.327777
0.327783
0.327784
0.327786
0.327795
0.32781
0.327837
0.327846
0.32785
0.327854
0.327863
0.327864
0.327873
0.327874
0.327887
0.32789
0.327907
0.327917
0.32792
0.327924
0.327926
0.32793
0.327933
0.32794
0.327944
0.327946
0.327947
0.32795
0.32795
0.327951
0.327951
0.32796
0.327964
0.327983
0.328013
0.328015
0.328017
0.328021
0.32803
0.328041
0.328053
0.328067
0.328067
0.328083
0.328083
0.328107
0.328117
0.32812
0.328137
0.32814
0.32814
0.328147
0.328147
0.328153
0.328154
0.32816
0.328164
0.328167
0.328185
0.32821
0.328216
0.328234
0.328234
0.328234
0.328237
0.328244
0.328263
0.32827
0.328286
0.328294
0.328307
0.328314
0.32832
0.328324
0.32834
0.328354
0.328357
0.328363
0.328367
0.32837
0.32838
0.32838
0.328387
0.328393
0.328393
0.328407
0.32843
0.32845
0.328454
0.328463
0.328464
0.328464
0.328467
0.328484
0.328501
0.328511
0.328523
0.328523
0.328568
0.32857
0.328571
0.328581
0.328587
0.328606
0.328614
0.328626
0.328644
0.328651
0.328664
0.32867
0.328674
0.328701
0.328701
0.32871
0.328711
0.328731
0.32874
0.328756
0.32876
0.328761
0.328763
0.328767
0.328771
0.328774
0.328793
0.328807
0.32882
0.328844
0.328844
0.328847
0.328851
0.328854
0.328856
0.328864
0.328883
0.328891
0.328894
0.328894
0.328901
0.32891
0.328923
0.328924
0.328937
0.32894
0.328957
0.328963
0.328964
0.328964
0.32897
0.328974
0.328987
0.328993
0.328997
0.329007
0.329027
0.329034
0.329051
0.329093
0.3291
0.32911
0.32911
0.329121
0.329126
0.329137
0.329137
0.32914
0.329145
0.329154
0.329156
0.329174
0.329177
0.32918
0.329204
0.329213
0.329213
0.329217
0.329223
0.329229
0.329241
0.329243
0.329244
0.32926
0.32927
0.329275
0.329277
0.3293
0.329304
0.329321
0.32933
0.329337
0.329347
0.329347
0.329367
0.329391
0.329408
0.329417
0.329433
0.329436
0.329446
0.329447
0.329454
0.329466
0.329523
0.329527
0.32955
0.32956
0.329563
0.329564
0.329567
0.329568
0.329591
0.329596
0.329603
0.329656
0.329661
0.32967
0.329677
0.329713
0.329714
0.329733
0.329744
0.329747
0.329757
0.329757
0.329757
0.329767
0.329771
0.329774
0.329786
0.329797
0.329804
0.32982
0.329826
0.32985
0.329857
0.329864
0.329876
0.329884
0.32989
0.329903
0.329927
0.329931
0.329931
0.32994
0.329954
0.329956
0.329957
0.32996
0.329961
0.329963
0.329983
0.32999
0.330001
0.330027
0.330028
0.330043
0.330047
0.33005
0.330058
0.330064
0.330064
0.330077
0.330143
0.330153
0.330154
0.330188
0.33021
0.330214
0.330221
0.330244
0.330257
0.330263
0.330284
0.330287
0.330288
0.33029
0.330301
0.330304
0.330313
0.330314
0.33034
0.330347
0.330348
0.330353
0.33036
0.33039
0.330397
0.33042
0.33042
0.330423
0.330423
0.330443
0.330457
0.33047
0.330477
0.330507
0.330514
0.330516
0.330517
0.330538
0.330547
0.330551
0.330551
0.330564
0.330566
0.33057
0.330587
0.33059
0.330596
0.33067
0.330693
0.3307
0.330703
0.33072
0.330721
0.330751
0.330761
0.33077
0.330773
0.330778
0.33081
0.330817
0.330824
0.330824
0.330826
0.330831
0.330837
0.330867
0.330884
0.330903
0.330927
0.330937
0.33094
0.330941
0.330947
0.330953
0.330967
0.33098
0.33098
0.330987
0.331001
0.33103
0.331037
0.331043
0.33105
0.331051
0.331054
0.331083
0.331097
0.331127
0.331134
0.331137
0.331141
0.33115
0.331158
0.331171
0.331184
0.33119
0.331191
0.331194
0.331203
0.331204
0.331213
0.331227
0.33123
0.331231
0.331237
0.331241
0.331247
0.331257
0.33129
0.331297
0.33131
0.331347
0.331353
0.331368
0.33138
0.33138
0.331381
0.33141
0.331417
0.33143
0.331456
0.331463
0.331467
0.33147
0.331474
0.33152
0.331533
0.331533
0.33154
0.33156
0.33157
0.331573
0.331617
0.33162
0.33163
0.331637
0.331637
0.331654
0.331663
0.331676
0.331688
0.331711
0.33172
0.331727
0.33174
0.33174
0.331746
0.331747
0.331803
0.331807
0.331833
0.331854
0.331858
0.33186
0.33187
0.331877
0.331901
0.331908
0.331931
0.33194
0.332014
0.332023
0.332043
0.332063
0.332064
0.33207
0.332077
0.332087
0.33209
0.332113
0.332204
0.332243
0.33225
0.332276
0.332277
0.332281
0.33229
0.332293
0.332303
0.332304
0.33232
0.332325
0.332357
0.332364
0.33239
0.332394
0.33241
0.33242
0.332424
0.332433
0.332434
0.332447
0.33245
0.332453
0.332481
0.332503
0.33251
0.33251
0.332534
0.33254
0.332544
0.332563
0.332573
0.332591
0.332593
0.332593
0.332607
0.332607
0.33264
0.332648
0.332664
0.332684
0.332704
0.332724
0.332737
0.332757
0.33278
0.332807
0.332808
0.332817
0.332827
0.332841
0.332841
0.332847
0.332863
0.332876
0.332877
0.332883
0.332884
0.332901
0.332911
0.33292
0.332937
0.33294
0.332948
0.33296
0.332973
0.332981
0.33299
0.333007
0.333013
0.333017
0.333027
0.33306
0.333068
0.33307
0.333077
0.333081
0.33309
0.33309
0.333103
0.333104
0.33314
0.333166
0.33317
0.333171
0.333177
0.333187
0.33319
0.3332
0.333204
0.333213
0.33322
0.333254
0.333254
0.33326
0.333277
0.33328
0.333308
0.333316
0.33334
0.333367
0.333377
0.333384
0.333413
0.333424
0.33345
0.333473
0.333493
0.333511
0.333543
0.33355
0.33355
0.33356
0.33356
0.333561
0.333563
0.333603
0.333608
0.333637
0.333651
0.333651
0.333654
0.333674
0.333687
0.33369
0.333701
0.333724
0.333726
0.333754
0.333754
0.333754
0.333787
0.333813
0.333861
0.333884
0.333891
0.333936
0.33394
0.333951
0.334001
0.334014
0.33404
0.33404
0.334047
0.33405
0.334056
0.33412
0.33414
0.334161
0.334164
0.334164
0.33418
0.334206
0.33423
0.334237
0.334244
0.334246
0.334261
0.334267
0.33427
0.334284
0.334294
0.334296
0.3343
0.334304
0.334337
0.334347
0.334353
0.334364
0.334364
0.33437
0.334377
0.334377
0.33438
0.334393
0.334456
0.334463
0.334473
0.334473
0.334496
0.334497
0.334504
0.334506
0.33452
0.334576
0.334584
0.3346
0.33461
0.334614
0.334628
0.33463
0.334634
0.334637
0.334667
0.334691
0.334714
0.33473
0.334738
0.334753
0.33476
0.33477
0.334777
0.33478
0.33481
0.334841
0.334868
0.3349
0.334901
0.334933
0.334947
0.334963
0.334977
0.335015
0.33502
0.335037
0.335037
0.33504
0.335044
0.335044
0.33505
0.33505
0.335057
0.33508
0.335081
0.335081
0.335084
0.335101
0.335128
0.335143
0.335157
0.335173
0.33518
0.33518
0.335194
0.3352
0.335204
0.335224
0.335244
0.335257
0.335261
0.335267
0.335283
0.335284
0.335287
0.335327
0.335333
0.33534
0.335346
0.33536
0.33539
0.335393
0.3354
0.335413
0.33543
0.335433
0.33544
0.335454
0.335457
0.335477
0.3355
0.335534
0.335537
0.335555
0.33556
0.33559
0.33562
0.335633
0.335647
0.335651
0.335653
0.335654
0.335698
0.335701
0.335706
0.335726
0.33575
0.335754
0.335757
0.335796
0.335803
0.335817
0.335831
0.335833
0.335836
0.335843
0.335844
0.335863
0.335864
0.335886
0.335888
0.335891
0.335903
0.335933
0.336023
0.336027
0.33604
0.336053
0.336071
0.336073
0.336108
0.336135
0.336137
0.33616
0.336168
0.336233
0.336253
0.336255
0.336296
0.336324
0.33633
0.33635
0.336357
0.33636
0.336365
0.33639
0.336394
0.336407
0.336417
0.33649
0.33651
0.336517
0.336524
0.336534
0.336534
0.336541
0.336543
0.336548
0.336561
0.336576
0.336593
0.336597
0.33661
0.336614
0.336621
0.336634
0.336637
0.336676
0.336707
0.336717
0.33674
0.336744
0.336747
0.336754
0.336761
0.336764
0.336774
0.336778
0.336781
0.3368
0.33681
0.336817
0.336821
0.336826
0.336827
0.336856
0.336867
0.33689
0.336917
0.33692
0.336924
0.336934
0.336934
0.336947
0.33696
0.336963
0.33697
0.336977
0.336994
0.336997
0.337
0.337076
0.337097
0.337114
0.337117
0.33715
0.337151
0.337196
0.3372
0.3372
0.337224
0.33723
0.337233
0.337243
0.337243
0.337247
0.337254
0.337271
0.337275
0.33729
0.337303
0.337307
0.337307
0.337326
0.33733
0.337331
0.33734
0.337377
0.337378
0.337387
0.337391
0.337398
0.337413
0.337448
0.337451
0.337454
0.337466
0.33747
0.337491
0.337494
0.337507
0.337514
0.337521
0.33753
0.337531
0.337533
0.33757
0.3376
0.33761
0.337617
0.33764
0.337647
0.337676
0.337686
0.337688
0.337691
0.337701
0.337717
0.337724
0.337725
0.33774
0.337756
0.337761
0.337764
0.33778
0.337791
0.337793
0.337817
0.337817
0.337824
0.337827
0.33783
0.337831
0.337837
0.337844
0.337847
0.33785
0.33788
0.337914
0.337921
0.337924
0.337924
0.337941
0.337944
0.33795
0.337973
0.337994
0.338016
0.338024
0.338027
0.338027
0.33803
0.33805
0.338076
0.338085
0.338091
0.338093
0.338113
0.338114
0.338157
0.338177
0.33821
0.338227
0.33823
0.338268
0.338284
0.338308
0.338308
0.338316
0.338335
0.338344
0.338344
0.338347
0.338351
0.338361
0.338377
0.338387
0.33839
0.338397
0.338408
0.33842
0.338471
0.33848
0.338507
0.338521
0.338537
0.338567
0.338607
0.33861
0.33863
0.338637
0.338644
0.33865
0.338663
0.338673
0.338674
0.338677
0.338684
0.338697
0.33872
0.338727
0.33873
0.33874
0.338764
0.338777
0.338803
0.338808
0.338824
0.33884
0.338843
0.338843
0.33887
0.338871
0.338877
0.338913
0.33892
0.33893
0.338931
0.33895
0.338978
0.338984
0.33899
0.338997
0.339001
0.339014
0.33904
0.33904
0.339047
0.339067
0.339074
0.33908
0.339081
0.339096
0.339101
0.339125
0.339137
0.339157
0.339158
0.339167
0.339191
0.339194
0.339217
0.339224
0.33927
0.33928
0.339297
0.339304
0.339307
0.339321
0.33933
0.339373
0.339373
0.339401
0.33944
0.33946
0.33947
0.339494
0.339494
0.339496
0.339501
0.339523
0.339526
0.33953
0.339554
0.339577
0.339597
0.339601
0.339627
0.339643
0.33965
0.339654
0.339657
0.339667
0.339673
0.339696
0.339703
0.33973
0.33974
0.339747
0.33975
0.339754
0.339757
0.33976
0.339784
0.33979
0.33981
0.339814
0.339816
0.339817
0.339838
0.339844
0.33986
0.339877
0.339886
0.33989
0.33989
0.339897
0.339943
0.339953
0.339976
0.339981
0.339994
0.34
0.340001
0.340024
0.340033
0.340036
0.340044
0.340051
0.3401
0.34013
0.340131
0.340161
0.34018
0.34019
0.340213
0.340216
0.340233
0.340237
0.340243
0.340244
0.340247
0.340258
0.34028
0.340303
0.340306
0.340334
0.34035
0.34038
0.340386
0.340403
0.34041
0.340417
0.340418
0.340423
0.340427
0.340433
0.340438
0.340446
0.340457
0.34046
0.340461
0.340463
0.340467
0.340476
0.340477
0.340487
0.340498
0.340503
0.340531
0.340537
0.340547
0.340548
0.340554
0.340564
0.340576
0.34059
0.34061
0.340627
0.340634
0.340641
0.340656
0.340664
0.340667
0.340687
0.340691
0.3407
0.340713
0.340717
0.340718
0.340727
0.340743
0.340744
0.340754
0.340761
0.340807
0.34084
0.34085
0.340861
0.3409
0.340904
0.340907
0.34093
0.340937
0.340944
0.340964
0.340973
0.341014
0.341041
0.34105
0.341054
0.341076
0.341076
0.341127
0.341136
0.341147
0.341154
0.341197
0.341217
0.341247
0.34125
0.34126
0.341274
0.341297
0.341316
0.341328
0.341377
0.341413
0.341417
0.341424
0.341427
0.341443
0.34147
0.341477
0.341481
0.341501
0.341514
0.34152
0.341526
0.341527
0.341563
0.341564
0.341593
0.341604
0.34163
0.341631
0.34166
0.341666
0.341694
0.341707
0.341721
0.341747
0.341757
0.34177
0.341787
0.341826
0.341834
0.34186
0.341866
0.341875
0.341877
0.34188
0.341887
0.341891
0.341903
0.34192
0.341925
0.341968
0.341977
0.341983
0.341993
0.341994
0.342034
0.342037
0.342044
0.342071
0.342071
0.342077
0.342083
0.342117
0.342117
0.342147
0.342173
0.342236
0.342303
0.342321
0.342333
0.34236
0.342377
0.34241
0.342411
0.342413
0.342437
0.342453
0.342457
0.34248
0.342486
0.342517
0.342534
0.34254
0.342547
0.34256
0.34256
0.34259
0.34259
0.342604
0.342625
0.342651
0.342703
0.34273
0.342731
0.342731
0.34275
0.34275
0.34277
0.342797
0.34283
0.34284
0.34284
0.34285
0.342864
0.342907
0.342914
0.342937
0.342963
0.342964
0.34298
0.342984
0.342984
0.342997
0.343001
0.343011
0.34302
0.343023
0.343076
0.343077
0.34308
0.343081
0.34311
0.343171
0.343183
0.343197
0.343237
0.343247
0.343267
0.34327
0.343277
0.343283
0.343287
0.343314
0.343367
0.343387
0.343411
0.34343
0.34344
0.343447
0.343464
0.34348
0.343533
0.343553
0.343577
0.343578
0.343597
0.343623
0.343666
0.343673
0.343674
0.343687
0.343707
0.343711
0.343727
0.343731
0.343734
0.343754
0.343777
0.343783
0.34381
0.343834
0.343884
0.343884
0.343901
0.34391
0.343963
0.343967
0.34402
0.344047
0.344057
0.344103
0.344133
0.344134
0.344137
0.344186
0.344214
0.34423
0.344266
0.344267
0.344284
0.344324
0.344344
0.344424
0.344433
0.344434
0.344467
0.344467
0.344511
0.34452
0.344523
0.344524
0.344528
0.34456
0.344626
0.344641
0.344713
0.344727
0.34478
0.344793
0.344798
0.3448
0.3448
0.344807
0.344817
0.344817
0.344821
0.34484
0.34487
0.344871
0.344913
0.344921
0.344926
0.344943
0.34497
0.34497
0.345007
0.345007
0.34507
0.345084
0.345106
0.345137
0.345147
0.345147
0.345153
0.345178
0.345193
0.34521
0.345215
0.345216
0.345217
0.345218
0.345224
0.34523
0.34526
0.345288
0.34533
0.345361
0.345373
0.345507
0.345563
0.345578
0.345591
0.345597
0.345617
0.345627
0.34573
0.345731
0.345793
0.345797
0.345807
0.345821
0.345868
0.34587
0.345974
0.345977
0.34599
0.345991
0.346084
0.346094
0.346097
0.346103
0.346114
0.34612
0.346161
0.346207
0.346304
0.34632
0.346343
0.34637
0.346387
0.346414
0.346431
0.346477
0.346485
0.34652
0.346534
0.346548
0.34657
0.346587
0.3466
0.346623
0.346638
0.346657
0.346671
0.346676
0.346707
0.346737
0.346738
0.346747
0.346786
0.3468
0.346824
0.346836
0.346843
0.346877
0.34693
0.34694
0.346957
0.34699
0.347055
0.347064
0.34711
0.347117
0.34714
0.347153
0.347206
0.347214
0.347261
0.347283
0.347304
0.34732
0.347373
0.347417
0.347447
0.347497
0.34752
0.34754
0.34754
0.347544
0.347558
0.347644
0.347674
0.347708
0.347724
0.34776
0.34777
0.347804
0.347878
0.347908
0.347974
0.348013
0.348017
0.34803
0.348057
0.34809
0.348156
0.348177
0.348201
0.348261
0.348271
0.34832
0.348327
0.348334
0.34836
0.34838
0.348431
0.348436
0.34846
0.348467
0.348486
0.3485
0.348513
0.348537
0.348553
0.348574
0.34861
0.348667
0.348668
0.348676
0.348696
0.348704
0.34872
0.348743
0.348768
0.348773
0.34879
0.348807
0.348843
0.348854
0.348864
0.348876
0.34888
0.348894
0.348896
0.348907
0.34894
0.349007
0.349041
0.349064
0.349084
0.349097
0.349113
0.349113
0.349127
0.349137
0.349147
0.349161
0.349177
0.349224
0.349237
0.34926
0.349316
0.349324
0.349336
0.349397
0.349403
0.349443
0.34945
0.3495
0.3495
0.349508
0.349534
0.349687
0.349691
0.349704
0.349713
0.349763
0.349767
0.349777
0.34978
0.34979
0.349845
0.349847
0.349876
0.349887
0.349924
0.349924
0.349987
0.350027
0.35004
0.350083
0.350091
0.350113
0.350124
0.350127
0.350187
0.350193
0.3502
0.35021
0.350263
0.35027
0.350277
0.3503
0.3503
0.350324
0.35037
0.350396
0.350424
0.350427
0.35043
0.350436
0.350478
0.35052
0.350554
0.350603
0.350605
0.350634
0.350656
0.35071
0.350711
0.350774
0.350796
0.350824
0.350911
0.350983
0.351004
0.351045
0.351085
0.35115
0.351167
0.351183
0.351187
0.351215
0.351231
0.351327
0.351334
0.35138
0.351394
0.351427
0.351435
0.351487
0.351547
0.351551
0.35157
0.351603
0.351667
0.35169
0.351691
0.3517
0.351754
0.351761
0.35177
0.351807
0.351807
0.351823
0.35184
0.351844
0.351863
0.3519
0.351928
0.351936
0.351941
0.352046
0.35209
0.352117
0.352128
0.352157
0.352187
0.35222
0.352221
0.352227
0.35224
0.352264
0.352374
0.352481
0.352494
0.352501
0.35253
0.352537
0.35256
0.352627
0.352651
0.352657
0.352663
0.352731
0.35275
0.352777
0.352827
0.352828
0.35284
0.352851
0.352877
0.352878
0.35293
0.352951
0.35296
0.352983
0.352987
0.35303
0.353053
0.353056
0.353063
0.353086
0.353144
0.3532
0.353223
0.353227
0.353243
0.353307
0.353343
0.353357
0.353364
0.353373
0.353404
0.353414
0.353423
0.353435
0.353534
0.353553
0.353556
0.353706
0.353774
0.353854
0.353884
0.35392
0.353991
0.354086
0.354103
0.354111
0.354174
0.354177
0.354181
0.3542
0.354261
0.354297
0.354354
0.354354
0.35437
0.3544
0.354424
0.354488
0.3545
0.354553
0.354574
0.354577
0.35459
0.354608
0.354647
0.354654
0.354684
0.354778
0.354818
0.35485
0.354857
0.35486
0.3549
0.354921
0.35493
0.354966
0.354987
0.355014
0.355057
0.35506
0.355063
0.355078
0.355333
0.355361
0.355361
0.3554
0.355416
0.355423
0.355423
0.355483
0.355506
0.355557
0.355615
0.355657
0.355673
0.35575
0.35575
0.355784
0.355806
0.355827
0.35583
0.355883
0.355888
0.35593
0.355953
0.356016
0.356038
0.356063
0.356087
0.356213
0.356237
0.356254
0.356257
0.356298
0.356377
0.35638
0.356388
0.35639
0.356397
0.356416
0.356434
0.356461
0.356467
0.356474
0.356487
0.356524
0.356546
0.356573
0.35665
0.35665
0.35666
0.356664
0.356691
0.356717
0.356744
0.356791
0.356821
0.356857
0.356864
0.35691
0.356914
0.35692
0.356934
0.356963
0.357008
0.357017
0.357074
0.357107
0.357138
0.357151
0.357168
0.35719
0.35721
0.357223
0.357291
0.357317
0.357334
0.35734
0.357353
0.357381
0.357547
0.35755
0.357554
0.357571
0.357578
0.35761
0.35763
0.357657
0.357737
0.357794
0.357837
0.357843
0.35785
0.357897
0.35793
0.357951
0.357983
0.357991
0.358084
0.35814
0.35819
0.35821
0.358263
0.3583
0.358307
0.35833
0.358387
0.358434
0.358448
0.358478
0.358484
0.35849
0.358513
0.358614
0.358621
0.358663
0.358697
0.358727
0.35883
0.358874
0.358957
0.358997
0.359046
0.359124
0.359184
0.359233
0.35924
0.359297
0.359317
0.35947
0.359548
0.35955
0.359567
0.359654
0.359777
0.359854
0.360023
0.36003
0.360083
0.3601
0.360126
0.360163
0.360187
0.360214
0.3603
0.360334
0.360367
0.360413
0.36043
0.360477
0.360493
0.360548
0.360567
0.360577
0.36063
0.36071
0.36073
0.360803
0.360821
0.360837
0.360844
0.36115
0.361167
0.361231
0.361248
0.36127
0.361307
0.361363
0.36139
0.361453
0.361501
0.36158
0.361607
0.361694
0.361804
0.361857
0.361891
0.361933
0.36194
0.361947
0.361993
0.362151
0.36219
0.362223
0.362264
0.36234
0.362417
0.362447
0.362454
0.36256
0.362587
0.36286
0.362947
0.36295
0.363
0.36301
0.363114
0.36313
0.36316
0.363203
0.363254
0.363334
0.36335
0.363441
0.363474
0.363493
0.363524
0.36355
0.363567
0.363578
0.363638
0.363698
0.363717
0.363834
0.364051
0.364064
0.364137
0.364274
0.364357
0.36438
0.364393
0.364468
0.364613
0.364637
0.364653
0.364863
0.364881
0.364887
0.364924
0.364974
0.364983
0.365017
0.365197
0.365206
0.365274
0.365334
0.365427
0.36555
0.365591
0.365801
0.365883
0.366018
0.366097
0.366104
0.366143
0.366197
0.366317
0.366391
0.366483
0.366543
0.366663
0.366734
0.3668
0.367044
0.367173
0.367294
0.36739
0.36749
0.367548
0.367651
0.367857
0.367913
0.367991
0.368105
0.36812
0.368154
0.36826
0.368277
0.36831
0.368374
0.368397
0.36842
0.368517
0.368618
0.368631
0.368811
0.368953
0.369007
0.369621
0.36977
0.369847
0.369951
0.369978
0.37017
0.370234
0.370416
0.370511
0.370597
0.370734
0.37102
0.371147
0.371207
0.371221
0.371488
0.371543
0.3717
0.37246
0.372591
0.372794
0.372861
0.37291
0.37294
0.37311
0.373246
0.3738
0.373863
0.374118
0.37412
0.374136
0.374234
0.374451
0.37464
0.374821
0.374928
0.375557
0.375804
0.376014
0.376043
0.376134
0.37636
0.37692
0.376944
0.37807
0.37825
0.378413
0.379098
0.379403
0.379431
0.3795
0.380357
0.38083
0.381226
0.3813
0.381788
0.38205
0.382378
0.382763
0.382796
0.383034
0.383197
0.3833
0.383314
0.38334
0.383918
0.384097
0.384367
0.384873
0.386186
0.386314
0.387051
0.387116
0.387363
0.387983
0.388103
0.388154
0.388391
0.38845
0.388505
0.38854
0.388653
0.388857
0.389013
0.389014
0.3894
0.389517
0.38953
0.389581
0.389815
0.389854
0.390074
0.390084
0.390327
0.39034
0.390794
0.391214
0.39124
0.391357
0.391445
0.391573
0.391874
0.39208
0.392121
0.392197
0.392247
0.392484
0.39256
0.392794
0.392808
0.392904
0.392941
0.393203
0.393377
0.393454
0.393537
0.393581
0.393786
0.39387
0.393881
0.394151
0.394391
0.39442
0.394603
0.394728
0.395151
0.395474
0.395484
0.395491
0.395604
0.395657
0.395677
0.39572
0.395758
0.395777
0.39587
0.395897
0.395993
0.396091
0.396117
0.39612
0.396134
0.396197
0.39627
0.3964
0.39645
0.396668
0.39712
0.397251
0.397305
0.397488
0.398127
0.398177
0.398313
0.398366
0.398457
0.399057
0.399121
0.399243
0.39936
0.399398
0.399891
0.40004
0.400061
0.40019
0.400317
0.400391
0.400717
0.400843
0.400898
0.401284
0.401484
0.401494
0.40157
0.40186
0.402141
0.402627
0.402853
0.402866
0.403027
0.403513
0.403871
0.403871
0.403933
0.404447
0.404474
0.404694
0.404837
0.404884
0.404944
0.405008
0.40506
0.405084
0.40545
0.405717
0.40579
0.405911
0.40607
0.406137
0.40615
0.406231
0.406504
0.40685
0.406993
0.407046
0.407078
0.407134
0.407331
0.407361
0.407524
0.407733
0.407921
0.407984
0.408027
0.408133
0.408333
0.40836
0.408371
0.40838
0.408444
0.408688
0.40875
0.40878
0.408861
0.408877
0.409383
0.409394
0.409613
0.410597
0.411261
0.411427
0.411913
0.411975
0.412317
0.412388
0.412504
0.412534
0.412593
0.413427
0.413647
0.413771
0.414374
0.414886
0.415274
0.416163
0.416431
0.416507
0.417541
0.417614
0.417633
0.419448
0.419517
0.420257
0.420701
0.42071
0.421223
0.421907
0.421997
0.422384
0.423464
0.424235
0.424974
0.425517
0.426497
0.426617
0.428248
0.428307
0.4286
0.432573
0.433677
0.434296
0.439157
0.441043
0.442203
0.44269
0.444394
0.44573
0.482531
0.486685
0.488578
0.490477
0.491285
0.50184
0.502694
0.50996
0.519458
0.53717
0.544747
0.548906
0.556358
0.558917
0.561655
0.574161
0.574997
0.584911
0.587561
0.604857
0.60595
0.636774
0.6468
0.64775
0.657346
0.659747
0.696916
0.715705
0.718598
0.723838
0.724107
0.725408
0.739481
0.745501
0.752906
0.763551
0.766861
0.767274
0.77553
0.781234
0.783141
0.815101
0.816217
0.842667
0.901584
0.902954
0.999367
1.005591
1.149175
1.176157
