0.550854
0.56845
0.572616
0.575061
0.577173
0.577913
0.57973
0.583377
0.585511
0.586561
0.587323
0.587803
0.588147
0.588443
0.588874
0.589204
0.590283
0.591197
0.591524
0.591973
0.592037
0.592918
0.593298
0.593594
0.593833
0.593914
0.595533
0.59609
0.596971
0.597237
0.597414
0.597721
0.598324
0.598815
0.598914
0.599081
0.59913
0.600204
0.600564
0.601057
0.601716
0.601941
0.602668
0.60268
0.603101
0.603365
0.603717
0.603812
0.604028
0.604524
0.60502
0.605347
0.605637
0.605691
0.605821
0.606601
0.606713
0.606743
0.607156
0.60734
0.60771
0.607863
0.607984
0.608107
0.608297
0.608774
0.609051
0.610407
0.61043
0.610577
0.610903
0.61092
0.611276
0.611363
0.611454
0.611807
0.611834
0.612144
0.612221
0.61229
0.61233
0.612339
0.612355
0.61275
0.612901
0.612977
0.613049
0.613228
0.613323
0.613597
0.61367
0.613808
0.614261
0.614403
0.614451
0.614502
0.614503
0.614654
0.614856
0.615046
0.615204
0.615485
0.615671
0.615801
0.615908
0.615963
0.615978
0.616081
0.616083
0.61618
0.616298
0.616431
0.616548
0.616597
0.616664
0.616681
0.617426
0.61759
0.617641
0.617697
0.618001
0.618006
0.61808
0.618111
0.618284
0.618491
0.618691
0.61898
0.619154
0.619411
0.619591
0.619711
0.619882
0.619887
0.61993
0.620206
0.620224
0.62032
0.620394
0.620418
0.620697
0.62074
0.62086
0.620964
0.621104
0.621224
0.621257
0.621344
0.621394
0.621547
0.621618
0.621621
0.621787
0.621825
0.62198
0.62199
0.622288
0.622304
0.622314
0.622441
0.62256
0.622574
0.622707
0.622814
0.622835
0.622878
0.622909
0.623023
0.623044
0.623077
0.62314
0.62319
0.623361
0.623387
0.623401
0.623431
0.623463
0.623505
0.623537
0.623565
0.623608
0.623618
0.623653
0.623781
0.623784
0.623958
0.623978
0.624064
0.624097
0.624117
0.624167
0.624177
0.624397
0.624421
0.624544
0.624577
0.624588
0.624594
0.624681
0.624704
0.624807
0.624986
0.62499
0.625097
0.625141
0.625308
0.625337
0.625376
0.625424
0.62558
0.625606
0.625664
0.62572
0.625754
0.625763
0.625814
0.625974
0.625985
0.626037
0.62615
0.626226
0.626325
0.626341
0.626447
0.62647
0.626484
0.626498
0.626584
0.626597
0.626624
0.626628
0.626774
0.626848
0.626896
0.62702
0.627073
0.627084
0.627088
0.627146
0.627151
0.627174
0.627245
0.627247
0.62729
0.627371
0.627398
0.627437
0.627474
0.627584
0.627685
0.627687
0.62775
0.62781
0.62786
0.627981
0.62815
0.628175
0.628228
0.628235
0.628381
0.628394
0.628415
0.628461
0.628496
0.628503
0.628567
0.628607
0.628637
0.628737
0.628868
0.628878
0.6289
0.628941
0.628944
0.628968
0.62901
0.629044
0.629181
0.629228
0.629267
0.629304
0.629314
0.629317
0.629361
0.629614
0.62971
0.629794
0.629877
0.629917
0.629984
0.63011
0.63022
0.630291
0.630331
0.630351
0.630435
0.630507
0.630524
0.630577
0.630607
0.630681
0.630797
0.630873
0.630911
0.630924
0.630981
0.630983
0.630986
0.631047
0.631105
0.631164
0.631177
0.631181
0.631254
0.631273
0.631334
0.631381
0.631454
0.631474
0.631507
0.631514
0.631524
0.631547
0.631567
0.631577
0.631614
0.631624
0.631644
0.631674
0.631757
0.63177
0.631785
0.631864
0.631891
0.63205
0.632148
0.632153
0.632294
0.6323
0.632313
0.632373
0.63241
0.632434
0.63246
0.632467
0.632467
0.632487
0.632494
0.632581
0.632584
0.632606
0.632648
0.63266
0.632718
0.632731
0.632754
0.632804
0.63281
0.63283
0.632835
0.632848
0.63285
0.63286
0.632908
0.63297
0.633022
0.633166
0.633193
0.633337
0.63334
0.6334
0.633454
0.63351
0.633528
0.633597
0.633601
0.633617
0.633618
0.633664
0.633728
0.633768
0.633778
0.633795
0.633831
0.633904
0.633917
0.634164
0.634167
0.634259
0.634287
0.634317
0.634368
0.634388
0.634401
0.634563
0.634597
0.634624
0.634648
0.634777
0.634794
0.634961
0.634991
0.635047
0.635048
0.635213
0.63522
0.63524
0.635257
0.635268
0.635278
0.63532
0.635334
0.635337
0.635347
0.635399
0.63556
0.635641
0.635811
0.635817
0.635934
0.635934
0.635938
0.635971
0.635986
0.635998
0.636037
0.636091
0.636267
0.636298
0.636401
0.636414
0.636428
0.636481
0.636486
0.636531
0.636556
0.636571
0.636641
0.636644
0.63666
0.636671
0.636767
0.636848
0.636856
0.636924
0.636927
0.636954
0.637008
0.637018
0.637021
0.637034
0.637081
0.637151
0.637163
0.637164
0.637211
0.637224
0.63729
0.637307
0.63731
0.637324
0.637335
0.637358
0.637364
0.637404
0.637461
0.637543
0.637568
0.637587
0.637633
0.637641
0.637728
0.63774
0.637751
0.637761
0.637995
0.638038
0.638064
0.638067
0.638083
0.638104
0.638117
0.638125
0.638127
0.63813
0.638151
0.638181
0.638221
0.638226
0.638247
0.638351
0.638368
0.638368
0.63837
0.63841
0.63842
0.638424
0.638428
0.638461
0.638491
0.638515
0.638548
0.638581
0.638607
0.63865
0.638711
0.638925
0.638934
0.639001
0.639031
0.639051
0.639074
0.63914
0.639234
0.639275
0.639308
0.63938
0.639391
0.639433
0.63946
0.639481
0.639501
0.639587
0.639631
0.639682
0.639703
0.639741
0.63975
0.639778
0.639831
0.639891
0.639917
0.639938
0.639948
0.639958
0.639981
0.639988
0.640034
0.640044
0.640051
0.640061
0.64009
0.640111
0.640114
0.640134
0.640134
0.640144
0.64021
0.640224
0.640306
0.640307
0.640327
0.640357
0.640434
0.64052
0.640571
0.640647
0.640694
0.640715
0.640748
0.640804
0.640874
0.640908
0.640948
0.640991
0.641114
0.641143
0.641203
0.641213
0.641214
0.641221
0.641271
0.641324
0.641341
0.641377
0.641508
0.641561
0.641627
0.641651
0.641698
0.641751
0.641774
0.641828
0.641851
0.641901
0.641904
0.64194
0.641985
0.641997
0.64203
0.642094
0.642137
0.642196
0.642224
0.642238
0.642347
0.642355
0.642364
0.642367
0.64237
0.642378
0.642408
0.642424
0.642431
0.642497
0.642498
0.642517
0.642521
0.64254
0.64255
0.642631
0.64267
0.64268
0.642694
0.642717
0.642718
0.64272
0.642726
0.642737
0.642748
0.642757
0.642787
0.642787
0.64282
0.642821
0.642837
0.642868
0.642974
0.642981
0.643008
0.643038
0.643087
0.643124
0.643131
0.643187
0.643228
0.643317
0.643371
0.643427
0.643447
0.643465
0.643467
0.643544
0.643581
0.643586
0.643601
0.643634
0.643653
0.643666
0.643687
0.643701
0.643703
0.643711
0.643746
0.643761
0.643788
0.643843
0.643881
0.643897
0.643941
0.643965
0.644031
0.644067
0.644104
0.64412
0.644138
0.64418
0.644223
0.644224
0.644294
0.644321
0.644325
0.644331
0.644351
0.644363
0.64437
0.64444
0.644451
0.644517
0.644547
0.644571
0.64462
0.644641
0.644701
0.644757
0.644787
0.64483
0.644848
0.644862
0.64487
0.644891
0.644898
0.644917
0.645061
0.645068
0.645083
0.645097
0.645178
0.645201
0.645241
0.645247
0.645301
0.64531
0.645324
0.645327
0.645327
0.645337
0.64536
0.645397
0.6454
0.645411
0.645416
0.645448
0.645464
0.645511
0.645635
0.645707
0.645725
0.645748
0.645777
0.645787
0.645814
0.645823
0.645839
0.645896
0.64591
0.645937
0.645984
0.646021
0.64616
0.6462
0.646264
0.64627
0.646271
0.646373
0.646377
0.646387
0.646401
0.646413
0.646454
0.646457
0.64648
0.646548
0.646557
0.646567
0.646624
0.64664
0.646651
0.646667
0.646688
0.64669
0.646691
0.646768
0.646784
0.646811
0.646831
0.646848
0.646877
0.646917
0.646945
0.646964
0.646977
0.647
0.647018
0.647054
0.647054
0.647056
0.647064
0.647088
0.647107
0.647137
0.647181
0.647217
0.647224
0.647234
0.647235
0.647254
0.647275
0.647328
0.647346
0.64735
0.647414
0.647414
0.647437
0.647441
0.647505
0.647557
0.647564
0.647573
0.64762
0.647624
0.647657
0.647691
0.647751
0.647751
0.647791
0.647827
0.64783
0.647837
0.647843
0.647883
0.647894
0.647925
0.64796
0.647971
0.647984
0.648004
0.648056
0.648061
0.648088
0.648115
0.648116
0.648133
0.648151
0.648228
0.648231
0.648241
0.648271
0.648318
0.648328
0.648384
0.648387
0.6484
0.648403
0.648411
0.648451
0.648461
0.64848
0.648484
0.648501
0.648521
0.648534
0.648594
0.648597
0.648607
0.64869
0.648784
0.648805
0.648828
0.648848
0.64891
0.648941
0.648973
0.64898
0.648984
0.649031
0.649037
0.649071
0.649107
0.649227
0.649267
0.649267
0.649277
0.649467
0.649593
0.649611
0.649638
0.649681
0.649707
0.64972
0.649743
0.649764
0.649775
0.649777
0.649797
0.649823
0.649824
0.64989
0.649951
0.65
0.650073
0.650074
0.650121
0.650128
0.650137
0.650145
0.650157
0.650164
0.650211
0.650221
0.650248
0.650254
0.650287
0.650311
0.650321
0.650334
0.650354
0.650414
0.65046
0.650471
0.650477
0.650492
0.650493
0.650554
0.650554
0.650644
0.650667
0.650671
0.65068
0.65068
0.650741
0.65075
0.650751
0.650798
0.650807
0.650808
0.650817
0.650854
0.650874
0.65089
0.650907
0.650908
0.651023
0.651047
0.651068
0.651094
0.651097
0.651108
0.651123
0.65113
0.651137
0.6512
0.651208
0.65122
0.651221
0.651227
0.65123
0.651247
0.651291
0.651377
0.65141
0.651416
0.651451
0.651457
0.651463
0.651468
0.651474
0.651484
0.65149
0.651504
0.651551
0.65156
0.651614
0.651627
0.651637
0.651657
0.65167
0.651687
0.651734
0.651743
0.651748
0.651788
0.651801
0.651823
0.651868
0.651881
0.651897
0.651914
0.651967
0.651967
0.651968
0.65202
0.652034
0.652047
0.652057
0.652077
0.652107
0.652147
0.652197
0.6522
0.652201
0.652241
0.652257
0.652268
0.652301
0.652307
0.65236
0.652361
0.652368
0.65239
0.652441
0.652493
0.652521
0.652614
0.652647
0.652694
0.652777
0.65278
0.652846
0.652857
0.652871
0.652881
0.652968
0.653014
0.65302
0.653026
0.65303
0.653051
0.653064
0.653067
0.653074
0.653125
0.653167
0.653201
0.653227
0.653288
0.653304
0.653307
0.65332
0.653321
0.653327
0.653366
0.653367
0.653415
0.65345
0.653456
0.653463
0.653478
0.653517
0.65354
0.653544
0.653574
0.653584
0.653611
0.653621
0.653654
0.653704
0.653718
0.653741
0.65377
0.653803
0.653807
0.65385
0.653878
0.653921
0.653931
0.653947
0.653948
0.654035
0.654036
0.65406
0.654103
0.654107
0.654257
0.654264
0.654284
0.654285
0.654337
0.654354
0.654388
0.6544
0.654424
0.654463
0.654488
0.65449
0.654504
0.654518
0.654527
0.654547
0.654581
0.654598
0.6546
0.65469
0.654727
0.654738
0.654771
0.654778
0.654786
0.65482
0.654821
0.654841
0.654867
0.654887
0.654895
0.654901
0.654911
0.654948
0.65501
0.655014
0.655033
0.655046
0.65505
0.655069
0.655074
0.655074
0.655127
0.65519
0.655211
0.655258
0.655277
0.655304
0.655364
0.655374
0.655427
0.655481
0.6555
0.655547
0.655585
0.655608
0.655656
0.655661
0.65568
0.655687
0.655704
0.655817
0.655821
0.655897
0.655904
0.655904
0.65594
0.656011
0.65608
0.656087
0.656101
0.656107
0.656111
0.65614
0.656144
0.656201
0.65623
0.656271
0.656277
0.6563
0.656334
0.656343
0.656373
0.656414
0.656417
0.656477
0.656487
0.656488
0.65649
0.656514
0.65671
0.656713
0.65672
0.656728
0.656728
0.656751
0.656811
0.65683
0.656834
0.656848
0.656868
0.656924
0.656967
0.656988
0.657017
0.657018
0.657025
0.657061
0.657078
0.657085
0.657085
0.657128
0.65713
0.657141
0.65715
0.657174
0.657218
0.657221
0.657227
0.657293
0.6573
0.657304
0.65734
0.657371
0.657378
0.657384
0.657433
0.657438
0.657448
0.657468
0.657475
0.657485
0.657504
0.657505
0.657523
0.657531
0.65754
0.657555
0.657565
0.65757
0.657571
0.657581
0.657604
0.657604
0.657631
0.657633
0.657647
0.657654
0.657654
0.657667
0.657678
0.65769
0.6577
0.657725
0.657738
0.65774
0.657794
0.6578
0.657803
0.657813
0.65786
0.657877
0.657885
0.657975
0.658018
0.658024
0.658078
0.658094
0.65812
0.658128
0.658128
0.658211
0.65822
0.658237
0.658257
0.658314
0.658326
0.65835
0.65835
0.658358
0.658378
0.658397
0.658437
0.658438
0.65844
0.658461
0.658478
0.65848
0.658498
0.658521
0.658525
0.658533
0.658543
0.658544
0.658564
0.658616
0.658623
0.658624
0.658711
0.658764
0.65878
0.658781
0.658805
0.65881
0.658821
0.65883
0.658844
0.658847
0.658877
0.658931
0.658961
0.65899
0.65901
0.65908
0.6591
0.659101
0.659104
0.659105
0.659151
0.659158
0.659161
0.659167
0.659197
0.659228
0.659314
0.659341
0.65937
0.659374
0.659391
0.659393
0.659397
0.659431
0.659441
0.659471
0.659471
0.659474
0.659526
0.659559
0.659601
0.659615
0.659651
0.659654
0.659677
0.659681
0.65971
0.659715
0.65973
0.659734
0.659738
0.659744
0.659748
0.659767
0.65983
0.659858
0.659865
0.659871
0.659877
0.65992
0.65993
0.659951
0.659991
0.660004
0.660014
0.66003
0.66006
0.660068
0.660117
0.660117
0.660147
0.660154
0.660178
0.660191
0.660204
0.660204
0.660227
0.660254
0.66029
0.66031
0.660328
0.660337
0.66034
0.660354
0.660368
0.660378
0.66039
0.660393
0.660398
0.66046
0.66046
0.660528
0.66053
0.660554
0.66061
0.660674
0.660684
0.660687
0.660704
0.660707
0.660711
0.660731
0.660757
0.660761
0.660781
0.660884
0.660901
0.660908
0.660911
0.660941
0.660947
0.660961
0.660974
0.661028
0.66103
0.661098
0.661106
0.661121
0.66114
0.661161
0.6612
0.661227
0.661244
0.66128
0.661311
0.661358
0.661364
0.661364
0.661388
0.661395
0.661401
0.661414
0.661441
0.661457
0.661481
0.661481
0.661521
0.661523
0.661528
0.661553
0.661558
0.661563
0.661565
0.661581
0.661654
0.661674
0.661678
0.661683
0.661698
0.661713
0.661741
0.661747
0.661774
0.661791
0.661831
0.661841
0.661844
0.661855
0.661855
0.66189
0.661894
0.661924
0.661977
0.661978
0.66206
0.662067
0.662075
0.662077
0.662094
0.662101
0.662111
0.662135
0.662165
0.662174
0.662181
0.662183
0.66219
0.66226
0.662264
0.66227
0.662303
0.662311
0.662374
0.662405
0.662407
0.662414
0.662418
0.662458
0.662464
0.662513
0.662517
0.662567
0.662601
0.66262
0.66263
0.662661
0.662661
0.662661
0.662663
0.662664
0.662667
0.66269
0.662697
0.66271
0.662724
0.662731
0.66275
0.66276
0.662774
0.662791
0.662796
0.662858
0.66286
0.662868
0.66289
0.662938
0.662947
0.662956
0.662961
0.662967
0.662994
0.662997
0.663014
0.663017
0.663034
0.663037
0.663058
0.663074
0.663085
0.663086
0.663088
0.663128
0.66313
0.663134
0.663143
0.663147
0.663164
0.663165
0.66318
0.663185
0.663213
0.663215
0.663228
0.663238
0.663247
0.663301
0.663324
0.663331
0.663337
0.663367
0.663403
0.663437
0.663447
0.66345
0.663474
0.663491
0.663497
0.663511
0.663547
0.663648
0.663677
0.663684
0.663687
0.663694
0.663774
0.663797
0.663801
0.663825
0.663844
0.66385
0.663863
0.66387
0.663884
0.663911
0.663934
0.663953
0.663964
0.663971
0.664011
0.664037
0.664044
0.664097
0.664109
0.664121
0.66413
0.664133
0.664158
0.664201
0.664234
0.664248
0.664254
0.664264
0.66429
0.664306
0.66434
0.664377
0.664387
0.664394
0.664394
0.664398
0.664404
0.664406
0.66441
0.664417
0.664434
0.66444
0.664481
0.66449
0.664491
0.664493
0.664494
0.664517
0.664517
0.664524
0.664524
0.664528
0.664547
0.664561
0.664607
0.664628
0.664684
0.66469
0.664701
0.664711
0.664714
0.664725
0.664751
0.664767
0.664777
0.664794
0.6648
0.6648
0.664817
0.664834
0.664843
0.664844
0.664863
0.664868
0.66489
0.664904
0.664911
0.664924
0.664931
0.664947
0.664988
0.664991
0.665053
0.665058
0.66506
0.665071
0.665084
0.665129
0.66515
0.665188
0.66519
0.6652
0.665217
0.665227
0.665248
0.665284
0.665308
0.66532
0.66532
0.665321
0.66535
0.66537
0.665396
0.6654
0.665404
0.665418
0.665434
0.665438
0.665458
0.665474
0.665491
0.665566
0.665601
0.665607
0.665611
0.665614
0.665637
0.665658
0.665664
0.665708
0.66571
0.665711
0.665714
0.665717
0.665717
0.665744
0.665754
0.665768
0.665778
0.665817
0.665818
0.665823
0.665834
0.665834
0.665837
0.665854
0.665861
0.665944
0.665971
0.666081
0.666085
0.666086
0.666094
0.666131
0.666144
0.666148
0.666154
0.666164
0.666174
0.666175
0.666184
0.666184
0.666195
0.666205
0.666207
0.666218
0.666221
0.666229
0.666271
0.666334
0.666347
0.666367
0.66638
0.666404
0.666417
0.666434
0.666451
0.666476
0.666476
0.6665
0.666511
0.666541
0.666544
0.666588
0.666607
0.666607
0.666631
0.66664
0.666647
0.666654
0.66666
0.666665
0.666667
0.666677
0.666685
0.666705
0.666755
0.666763
0.666768
0.666796
0.666811
0.666851
0.666861
0.666874
0.666894
0.666914
0.666924
0.66694
0.666967
0.666988
0.667033
0.667038
0.667043
0.667061
0.667111
0.667141
0.667148
0.667154
0.667178
0.6672
0.6672
0.667221
0.667243
0.667247
0.667248
0.667267
0.667277
0.667286
0.667354
0.667397
0.667436
0.667438
0.667454
0.667511
0.667517
0.667533
0.667551
0.667567
0.667587
0.66765
0.667657
0.667698
0.667708
0.667731
0.667777
0.667798
0.667824
0.667824
0.667867
0.66787
0.667871
0.667874
0.667877
0.667924
0.667924
0.667928
0.667958
0.667988
0.668004
0.668007
0.668021
0.668024
0.668041
0.668054
0.668094
0.668094
0.668094
0.668101
0.668104
0.66813
0.668131
0.668137
0.668147
0.668148
0.668171
0.668208
0.668267
0.668277
0.668294
0.66842
0.668421
0.668434
0.668438
0.668461
0.668474
0.668487
0.66851
0.668527
0.668534
0.668541
0.668557
0.668564
0.668627
0.668637
0.668646
0.668654
0.66869
0.668708
0.668727
0.668748
0.668757
0.668771
0.668791
0.668813
0.66882
0.668837
0.668866
0.66888
0.668881
0.668881
0.66889
0.668898
0.668903
0.668911
0.668914
0.66892
0.668964
0.668977
0.668991
0.669034
0.669047
0.669057
0.669088
0.66909
0.669107
0.669114
0.669126
0.66914
0.669144
0.669164
0.669177
0.669203
0.669208
0.669224
0.669233
0.669241
0.669245
0.669248
0.669264
0.669265
0.669274
0.669274
0.66928
0.669281
0.669288
0.669314
0.669347
0.66942
0.669423
0.66943
0.669448
0.669451
0.669454
0.669468
0.66949
0.669495
0.669539
0.669558
0.669618
0.669641
0.669667
0.669717
0.66972
0.669727
0.66973
0.669743
0.66975
0.669754
0.669754
0.669783
0.669784
0.669787
0.669791
0.669791
0.669807
0.66983
0.669841
0.669867
0.6699
0.66996
0.669967
0.669974
0.670005
0.670007
0.670007
0.670007
0.670014
0.670027
0.670028
0.670077
0.670087
0.670105
0.670121
0.670151
0.670174
0.670197
0.670218
0.670224
0.670227
0.670255
0.670264
0.670267
0.670271
0.670274
0.670277
0.670281
0.670288
0.670291
0.670307
0.670345
0.670365
0.670393
0.670411
0.670431
0.67045
0.670494
0.670494
0.670546
0.670561
0.670575
0.67058
0.670607
0.670624
0.670641
0.670654
0.67066
0.67068
0.670684
0.670714
0.670748
0.670768
0.670797
0.670806
0.670817
0.670828
0.670864
0.670871
0.670884
0.670891
0.670893
0.670907
0.670924
0.670927
0.670939
0.670948
0.670954
0.670975
0.671018
0.671034
0.671048
0.671074
0.671077
0.671083
0.671104
0.671117
0.671121
0.671124
0.671138
0.671161
0.671194
0.671211
0.67125
0.671254
0.671257
0.67126
0.671274
0.671275
0.671278
0.67128
0.671294
0.6713
0.671303
0.671338
0.671363
0.671368
0.671375
0.671391
0.671424
0.671425
0.67143
0.671438
0.671474
0.671484
0.671495
0.671501
0.67151
0.671513
0.671514
0.671521
0.671523
0.67156
0.671564
0.67157
0.671588
0.671608
0.671634
0.671635
0.671644
0.671647
0.671674
0.671681
0.671711
0.671715
0.671745
0.671746
0.67175
0.671757
0.67178
0.671797
0.67181
0.671814
0.671857
0.671857
0.671863
0.67187
0.671874
0.67188
0.671908
0.671914
0.67194
0.671947
0.671977
0.671998
0.672
0.672001
0.672004
0.67201
0.672028
0.672064
0.672064
0.672081
0.672111
0.672114
0.672127
0.672134
0.672144
0.672151
0.672157
0.672174
0.672188
0.672207
0.672207
0.672231
0.67224
0.67224
0.672244
0.672288
0.672325
0.67234
0.672344
0.672361
0.672364
0.672411
0.672415
0.672421
0.672424
0.672443
0.672464
0.67247
0.672474
0.672491
0.67251
0.672514
0.672551
0.672551
0.67258
0.67259
0.6726
0.672613
0.672637
0.672681
0.672708
0.672731
0.672733
0.672743
0.672744
0.672758
0.672864
0.672881
0.67292
0.672931
0.672938
0.672938
0.673006
0.673017
0.673027
0.673046
0.673104
0.67312
0.673131
0.673144
0.673153
0.673208
0.673235
0.673244
0.673273
0.673288
0.673323
0.673328
0.673394
0.67341
0.673468
0.673471
0.673491
0.673523
0.67355
0.673578
0.673607
0.673611
0.673627
0.673634
0.673637
0.673644
0.67368
0.673681
0.673693
0.67372
0.673733
0.673741
0.673758
0.673771
0.673781
0.673805
0.673817
0.673824
0.673841
0.673885
0.673931
0.673935
0.673954
0.673964
0.673971
0.673977
0.674004
0.674054
0.674057
0.674104
0.674114
0.674127
0.674131
0.674131
0.674154
0.67416
0.674161
0.674165
0.674178
0.674181
0.674186
0.674194
0.674201
0.674215
0.67422
0.674223
0.674251
0.674257
0.674261
0.674281
0.67429
0.67431
0.674324
0.674344
0.674357
0.674377
0.674387
0.674424
0.674434
0.67445
0.674491
0.674497
0.674517
0.674525
0.674528
0.674534
0.674547
0.674548
0.674561
0.674568
0.674598
0.674604
0.674605
0.674624
0.674664
0.674687
0.674708
0.674721
0.67479
0.674794
0.674803
0.674817
0.674817
0.674821
0.674828
0.674834
0.674851
0.674871
0.674894
0.6749
0.674904
0.674907
0.67492
0.674938
0.67495
0.674954
0.67496
0.675014
0.67502
0.675023
0.67505
0.675058
0.675081
0.675091
0.675107
0.675114
0.675161
0.675177
0.675194
0.675233
0.675234
0.67525
0.675264
0.675287
0.675305
0.675323
0.675327
0.67536
0.675361
0.675374
0.675386
0.675394
0.675394
0.675407
0.675431
0.675438
0.675451
0.675454
0.675481
0.675535
0.675537
0.67555
0.675554
0.675564
0.675575
0.675581
0.675597
0.675621
0.675633
0.675651
0.675674
0.675678
0.675698
0.675708
0.675714
0.675745
0.675748
0.675808
0.675875
0.675904
0.675917
0.675921
0.675927
0.67594
0.675971
0.675997
0.676014
0.676023
0.676084
0.676118
0.676138
0.676138
0.676142
0.67615
0.676177
0.676184
0.676186
0.676198
0.676227
0.676231
0.676234
0.676238
0.676251
0.676253
0.676271
0.676281
0.676288
0.676288
0.676291
0.676301
0.676303
0.676314
0.676338
0.676344
0.676344
0.676364
0.676377
0.676444
0.676457
0.676464
0.676508
0.676513
0.676527
0.676528
0.676535
0.676541
0.676544
0.67658
0.676628
0.676634
0.676638
0.676698
0.676707
0.676727
0.676764
0.676768
0.676804
0.676814
0.676823
0.676823
0.676881
0.676884
0.676884
0.676893
0.676917
0.676941
0.676947
0.676961
0.676968
0.67698
0.677008
0.67701
0.677044
0.677063
0.677063
0.677078
0.677115
0.677118
0.677121
0.677124
0.677164
0.677177
0.677181
0.677185
0.677193
0.677214
0.677223
0.677241
0.677247
0.677253
0.677254
0.677267
0.677341
0.677347
0.677384
0.677398
0.677425
0.677428
0.677434
0.67744
0.677491
0.677491
0.677504
0.677511
0.677543
0.677575
0.677577
0.67758
0.677584
0.677584
0.677591
0.677594
0.677601
0.677614
0.677614
0.677654
0.677664
0.677681
0.677683
0.677693
0.677718
0.677741
0.677744
0.677748
0.677771
0.67779
0.677794
0.677798
0.677823
0.677828
0.677834
0.677861
0.677865
0.677874
0.677874
0.677888
0.677891
0.67791
0.677927
0.677951
0.67796
0.677978
0.677981
0.678
0.678011
0.678014
0.67803
0.678031
0.678084
0.678104
0.678114
0.678118
0.678134
0.678164
0.678204
0.678207
0.678229
0.678231
0.678274
0.678284
0.678287
0.678291
0.678294
0.6783
0.678301
0.678308
0.678317
0.67835
0.678365
0.678371
0.678398
0.678403
0.678406
0.678417
0.678423
0.678448
0.678456
0.67846
0.678473
0.678474
0.678477
0.678508
0.678515
0.678526
0.678528
0.67855
0.67858
0.678581
0.678597
0.6786
0.678614
0.678617
0.678631
0.678644
0.678676
0.67868
0.678711
0.678761
0.678787
0.678797
0.6788
0.678811
0.678818
0.67884
0.678841
0.678851
0.678868
0.678876
0.678904
0.678941
0.678944
0.678965
0.678978
0.678985
0.678987
0.679008
0.679009
0.679056
0.679095
0.679138
0.679141
0.679144
0.679164
0.679171
0.679193
0.679217
0.67922
0.67924
0.679268
0.67927
0.679294
0.679294
0.679315
0.679327
0.679344
0.679363
0.679391
0.679404
0.679414
0.679448
0.679455
0.679466
0.679491
0.679498
0.679513
0.679524
0.679527
0.679544
0.67956
0.679561
0.679575
0.679593
0.679597
0.679611
0.679611
0.679624
0.679648
0.679648
0.679651
0.679665
0.679671
0.679678
0.67968
0.679697
0.679698
0.679701
0.679706
0.679707
0.67971
0.679718
0.67972
0.679724
0.679731
0.679734
0.679734
0.679761
0.679768
0.67977
0.679806
0.679811
0.679817
0.679831
0.679836
0.679847
0.679861
0.679868
0.679891
0.6799
0.679931
0.679947
0.67995
0.679951
0.679981
0.679985
0.679988
0.679993
0.680027
0.680053
0.68007
0.680083
0.680084
0.68009
0.680094
0.680106
0.680153
0.680203
0.680203
0.680204
0.680211
0.680213
0.680217
0.680248
0.680253
0.680253
0.680258
0.680258
0.680267
0.680295
0.680343
0.680361
0.680387
0.680397
0.680421
0.680448
0.680454
0.680493
0.680494
0.680495
0.6805
0.680507
0.680538
0.680557
0.680566
0.68057
0.680571
0.680571
0.680578
0.680604
0.680661
0.680668
0.680668
0.680677
0.680683
0.680687
0.680697
0.680703
0.680728
0.680731
0.680781
0.680791
0.680793
0.680803
0.680803
0.68081
0.68082
0.680827
0.680854
0.680871
0.680871
0.680881
0.680887
0.680887
0.680957
0.680963
0.681007
0.681051
0.681051
0.681085
0.681095
0.681097
0.681118
0.681124
0.681187
0.681191
0.681201
0.681211
0.681213
0.681244
0.681261
0.681278
0.68133
0.681331
0.681343
0.681344
0.681347
0.681397
0.681411
0.681414
0.681444
0.681478
0.681487
0.681488
0.681495
0.68151
0.68151
0.681511
0.681514
0.681518
0.681527
0.681527
0.681531
0.681564
0.68157
0.681583
0.68159
0.68159
0.681613
0.681627
0.681631
0.681663
0.681664
0.681684
0.681688
0.681694
0.681711
0.681716
0.681718
0.681744
0.681774
0.681784
0.681791
0.681794
0.681811
0.68183
0.681844
0.681851
0.681851
0.681858
0.681861
0.681867
0.681871
0.681871
0.681874
0.681904
0.681931
0.681934
0.682014
0.682028
0.682041
0.682047
0.68205
0.682081
0.682103
0.682138
0.682161
0.682164
0.682181
0.682191
0.682211
0.682217
0.682221
0.682224
0.68224
0.68226
0.682264
0.682265
0.682291
0.682301
0.682314
0.682317
0.68232
0.682326
0.682357
0.682371
0.682381
0.682383
0.682394
0.68242
0.682434
0.682451
0.682461
0.682484
0.682487
0.682491
0.682494
0.682503
0.68252
0.682544
0.682557
0.682593
0.682598
0.682611
0.68262
0.682634
0.682635
0.682635
0.682641
0.682641
0.682644
0.682673
0.682734
0.682745
0.68275
0.68275
0.682771
0.68279
0.682865
0.682874
0.682877
0.682897
0.682901
0.682904
0.682917
0.682961
0.682974
0.682975
0.682977
0.682978
0.682981
0.682988
0.683011
0.683014
0.683016
0.683057
0.683094
0.6831
0.683107
0.683133
0.683134
0.683167
0.683174
0.68318
0.683191
0.683211
0.683223
0.683253
0.683257
0.683265
0.683281
0.683306
0.683311
0.683313
0.683335
0.683357
0.683357
0.683361
0.683394
0.683398
0.6834
0.683408
0.683414
0.683415
0.683438
0.68344
0.683443
0.683444
0.68345
0.6835
0.683557
0.683561
0.683571
0.68358
0.683587
0.683591
0.683597
0.683623
0.683633
0.683651
0.683671
0.683688
0.683691
0.683705
0.683707
0.683751
0.683774
0.683783
0.6838
0.68381
0.683813
0.683837
0.683877
0.68393
0.683931
0.683938
0.683945
0.68395
0.68397
0.683971
0.683978
0.684004
0.684004
0.684014
0.684028
0.68404
0.684044
0.684067
0.684077
0.684093
0.684104
0.68411
0.684113
0.684138
0.68414
0.684141
0.684165
0.684167
0.684198
0.684203
0.684205
0.684238
0.684248
0.68425
0.684256
0.684261
0.684308
0.684315
0.684321
0.684324
0.684344
0.684381
0.684393
0.684397
0.684407
0.684407
0.684427
0.684431
0.684444
0.68446
0.68447
0.684494
0.684496
0.684501
0.684501
0.684507
0.684514
0.684553
0.684601
0.684607
0.684621
0.684621
0.684627
0.684637
0.68465
0.684674
0.684681
0.684681
0.684714
0.684717
0.684717
0.68474
0.68474
0.684741
0.684744
0.684747
0.68475
0.684765
0.684787
0.684791
0.684821
0.684831
0.684837
0.684867
0.684871
0.684875
0.684884
0.684903
0.684904
0.684924
0.684944
0.68496
0.68496
0.68498
0.684981
0.684991
0.684997
0.685001
0.685031
0.68504
0.685047
0.685056
0.685084
0.685093
0.685108
0.685151
0.685161
0.685174
0.685176
0.685201
0.685213
0.685223
0.685227
0.685231
0.685242
0.685244
0.685263
0.685274
0.685281
0.685303
0.685303
0.685327
0.685341
0.685344
0.685358
0.685387
0.685418
0.685441
0.685444
0.685447
0.685458
0.685464
0.685474
0.68548
0.685484
0.685504
0.685504
0.685507
0.685508
0.685508
0.685514
0.685537
0.685557
0.685561
0.68557
0.685618
0.685631
0.685647
0.685647
0.685657
0.68566
0.685664
0.685671
0.685674
0.685695
0.685705
0.685747
0.685748
0.685761
0.685764
0.6858
0.685807
0.685815
0.685824
0.685838
0.685838
0.685841
0.685861
0.685874
0.68588
0.685894
0.685917
0.685941
0.685947
0.685948
0.685967
0.685983
0.686001
0.686014
0.686017
0.686027
0.686053
0.686084
0.686107
0.68614
0.686147
0.68617
0.686173
0.686205
0.686254
0.686257
0.686264
0.686267
0.686288
0.686294
0.686297
0.686315
0.686337
0.686341
0.68636
0.686371
0.686383
0.686387
0.686404
0.686414
0.686431
0.686465
0.68647
0.686471
0.686471
0.686484
0.686491
0.686504
0.686514
0.686531
0.686567
0.686576
0.686597
0.68661
0.686624
0.686628
0.686644
0.686647
0.686651
0.686654
0.686655
0.686665
0.686691
0.686713
0.686726
0.686734
0.686748
0.686751
0.686751
0.686774
0.686806
0.68681
0.686814
0.686834
0.686858
0.686864
0.686871
0.686885
0.686893
0.686903
0.686914
0.686921
0.68696
0.686964
0.686967
0.686968
0.686981
0.68699
0.686991
0.687008
0.68701
0.687024
0.68703
0.687061
0.687081
0.687087
0.68709
0.687094
0.687097
0.687114
0.687127
0.68713
0.687164
0.687177
0.687181
0.6872
0.687221
0.687225
0.687228
0.687235
0.687244
0.68726
0.687268
0.687278
0.687284
0.687287
0.687304
0.687345
0.687351
0.687378
0.687378
0.687388
0.687401
0.68741
0.68741
0.687426
0.687433
0.687438
0.687451
0.687458
0.687481
0.687513
0.687544
0.687553
0.68757
0.687588
0.687617
0.687637
0.687644
0.687657
0.687661
0.687665
0.687668
0.687691
0.687705
0.687718
0.687748
0.687761
0.687784
0.687791
0.687841
0.687847
0.68785
0.687871
0.687877
0.687898
0.687898
0.687907
0.687937
0.687951
0.687957
0.687964
0.687973
0.687996
0.688014
0.688031
0.688084
0.688094
0.688115
0.68813
0.688135
0.688151
0.68816
0.688167
0.68819
0.688192
0.688211
0.688237
0.688257
0.688264
0.68829
0.688296
0.688328
0.688334
0.688364
0.688374
0.688397
0.688424
0.688428
0.688431
0.688431
0.688447
0.688448
0.688474
0.688523
0.688534
0.688536
0.688541
0.688543
0.688544
0.688556
0.688564
0.688565
0.688584
0.688614
0.688615
0.68862
0.688621
0.688621
0.688631
0.68864
0.688641
0.688676
0.688678
0.688685
0.68869
0.688691
0.6887
0.688711
0.688741
0.688741
0.688761
0.688774
0.688778
0.688785
0.68881
0.688811
0.688814
0.688828
0.688846
0.688853
0.688864
0.688874
0.688907
0.688916
0.688937
0.68895
0.688954
0.688971
0.68898
0.688981
0.688987
0.689004
0.689005
0.68904
0.689043
0.689044
0.689051
0.68906
0.689061
0.689071
0.689083
0.689118
0.68913
0.689174
0.689174
0.689184
0.689197
0.689204
0.68921
0.68922
0.68923
0.689231
0.689241
0.689251
0.689261
0.689267
0.689304
0.689311
0.689314
0.689337
0.689363
0.689368
0.689371
0.689377
0.689384
0.689401
0.689431
0.689444
0.689448
0.689454
0.689454
0.689454
0.689464
0.68954
0.689544
0.689551
0.689553
0.689567
0.689597
0.689654
0.689664
0.689707
0.689711
0.689714
0.689721
0.689733
0.689735
0.68976
0.689767
0.689778
0.689787
0.689801
0.689824
0.689827
0.689857
0.689881
0.689894
0.689917
0.689921
0.68994
0.689951
0.689954
0.689961
0.690014
0.69003
0.690035
0.690048
0.69005
0.69005
0.690057
0.690065
0.69011
0.690114
0.69015
0.69016
0.690164
0.690171
0.690196
0.690214
0.690227
0.690227
0.690233
0.690234
0.690237
0.690238
0.690248
0.690257
0.690258
0.690271
0.690273
0.690308
0.690345
0.690367
0.690377
0.690394
0.690403
0.690404
0.690414
0.690461
0.690481
0.690517
0.690537
0.690538
0.690547
0.69056
0.690601
0.690617
0.69062
0.690651
0.69066
0.690667
0.690696
0.690713
0.690747
0.690767
0.690777
0.690778
0.690823
0.690837
0.69085
0.690855
0.690858
0.690874
0.690898
0.690931
0.690958
0.69096
0.690987
0.691007
0.691014
0.691017
0.691031
0.691054
0.691061
0.691063
0.691071
0.691084
0.691094
0.691094
0.691174
0.691194
0.69122
0.691224
0.691227
0.69124
0.691267
0.691268
0.691283
0.691295
0.691321
0.691341
0.691343
0.691365
0.691378
0.691404
0.691418
0.691421
0.691431
0.691451
0.691467
0.691494
0.691496
0.691501
0.691507
0.691517
0.691518
0.691524
0.691524
0.691545
0.691557
0.691558
0.691617
0.691617
0.691634
0.691634
0.691683
0.691691
0.691694
0.691698
0.691718
0.691725
0.69174
0.691755
0.691778
0.691778
0.691785
0.691794
0.691798
0.691801
0.691818
0.691834
0.691835
0.691843
0.691848
0.691853
0.691855
0.691865
0.691871
0.691877
0.691894
0.6919
0.691901
0.691901
0.691903
0.691911
0.691927
0.691947
0.691964
0.691977
0.692008
0.692011
0.692018
0.692068
0.692094
0.692138
0.692141
0.692163
0.692183
0.692187
0.692193
0.692207
0.692214
0.692217
0.692233
0.692274
0.692307
0.69232
0.692341
0.692368
0.692368
0.692371
0.692377
0.692384
0.692394
0.692404
0.692411
0.692411
0.692427
0.692464
0.692467
0.692468
0.692471
0.692521
0.692536
0.692537
0.692548
0.692584
0.692587
0.692588
0.692617
0.692617
0.692623
0.692626
0.692664
0.692684
0.692691
0.692701
0.692713
0.692763
0.692774
0.692776
0.692804
0.692807
0.692811
0.692821
0.692845
0.692857
0.6929
0.692907
0.692924
0.692934
0.692937
0.692944
0.69295
0.692961
0.692971
0.692987
0.692987
0.693024
0.693051
0.693057
0.693081
0.693081
0.693087
0.693091
0.693093
0.693111
0.693114
0.693121
0.693124
0.693127
0.693133
0.693143
0.693144
0.693148
0.693156
0.69317
0.693171
0.693177
0.693191
0.693211
0.693221
0.693261
0.693268
0.693288
0.693293
0.693301
0.693308
0.693318
0.693321
0.693367
0.693403
0.693404
0.693404
0.693408
0.693411
0.693431
0.693461
0.693468
0.693504
0.693518
0.693521
0.693521
0.693527
0.69353
0.693538
0.69354
0.693571
0.693597
0.6936
0.693627
0.693634
0.693648
0.693654
0.693714
0.693717
0.693721
0.693731
0.693738
0.693747
0.693758
0.6938
0.693803
0.693803
0.69381
0.693835
0.693844
0.69385
0.69387
0.693871
0.693874
0.693878
0.693881
0.693931
0.693943
0.693964
0.693973
0.693978
0.694017
0.694048
0.694057
0.694058
0.694114
0.694121
0.694131
0.694134
0.694137
0.694144
0.694161
0.694198
0.694203
0.694218
0.694227
0.694238
0.694241
0.694241
0.694261
0.694274
0.694287
0.694307
0.694314
0.694324
0.69436
0.69436
0.694361
0.694378
0.694411
0.694418
0.694424
0.694434
0.694443
0.694447
0.694464
0.694467
0.694474
0.694494
0.694514
0.694538
0.694544
0.694547
0.694587
0.694597
0.694605
0.694624
0.69465
0.69467
0.69467
0.694685
0.694694
0.694731
0.694751
0.694764
0.694771
0.694771
0.694785
0.694791
0.694797
0.694804
0.694814
0.694817
0.694817
0.694818
0.694824
0.694831
0.694833
0.694838
0.694854
0.694858
0.694861
0.694864
0.69487
0.694887
0.694891
0.694894
0.694894
0.694907
0.694941
0.694948
0.694951
0.694953
0.69496
0.694966
0.694967
0.69497
0.694977
0.69498
0.694994
0.695037
0.695041
0.695045
0.69506
0.695061
0.695064
0.695067
0.695091
0.695091
0.695104
0.695111
0.695125
0.695137
0.69514
0.695147
0.695158
0.69516
0.69516
0.695174
0.69518
0.695205
0.695208
0.695213
0.695231
0.695267
0.695275
0.695289
0.695294
0.695303
0.695307
0.695308
0.695314
0.695315
0.695316
0.695334
0.695335
0.695351
0.695394
0.695414
0.695417
0.695441
0.69545
0.695454
0.69547
0.695471
0.69549
0.69549
0.695497
0.69553
0.69554
0.695543
0.695551
0.695554
0.695558
0.695561
0.695563
0.695565
0.695565
0.695571
0.695574
0.695597
0.695604
0.695608
0.695611
0.695637
0.695641
0.695648
0.69565
0.695653
0.695657
0.695661
0.695664
0.69567
0.695673
0.695687
0.695701
0.695701
0.69571
0.695724
0.69573
0.695767
0.695771
0.695783
0.695793
0.695794
0.695801
0.695831
0.695844
0.695877
0.695951
0.695964
0.695964
0.695967
0.695981
0.695984
0.696
0.696
0.696008
0.696008
0.696027
0.696037
0.696054
0.696114
0.696114
0.696207
0.696211
0.696221
0.696224
0.696231
0.696244
0.696247
0.696247
0.696265
0.69627
0.696271
0.696284
0.696298
0.696304
0.696306
0.696307
0.696327
0.696334
0.696337
0.696344
0.696357
0.696381
0.696384
0.696397
0.696424
0.696455
0.696457
0.696464
0.696464
0.696471
0.696481
0.696508
0.696518
0.696544
0.696558
0.69657
0.696581
0.696608
0.696611
0.696613
0.69666
0.696667
0.69672
0.696721
0.696724
0.696724
0.69677
0.696778
0.696786
0.696788
0.69679
0.696807
0.696811
0.696817
0.696821
0.69683
0.696834
0.69684
0.69685
0.696861
0.696861
0.696898
0.696898
0.696907
0.696925
0.696927
0.696944
0.696947
0.696961
0.696961
0.696977
0.696981
0.697017
0.697034
0.697034
0.697053
0.697054
0.697054
0.697058
0.697074
0.69708
0.69709
0.697094
0.697125
0.697137
0.697143
0.69723
0.697231
0.697244
0.697263
0.697294
0.697294
0.697298
0.697309
0.697354
0.69736
0.697364
0.697371
0.69743
0.697434
0.697436
0.697441
0.697451
0.697473
0.697477
0.697493
0.697498
0.697523
0.697548
0.697564
0.697568
0.697568
0.69757
0.697573
0.697574
0.697577
0.697581
0.697591
0.697594
0.697617
0.697634
0.6977
0.697717
0.69772
0.697747
0.697751
0.697757
0.697758
0.69777
0.697801
0.697821
0.697863
0.697871
0.697881
0.697884
0.697887
0.697887
0.697904
0.697911
0.697914
0.697921
0.697923
0.697958
0.697975
0.697984
0.698001
0.698001
0.698008
0.698014
0.698037
0.698041
0.698051
0.698076
0.69809
0.698091
0.698121
0.698131
0.698135
0.698138
0.698151
0.698151
0.698151
0.69816
0.698163
0.698164
0.698218
0.698231
0.698238
0.698248
0.698261
0.698267
0.698271
0.698277
0.69828
0.698305
0.698318
0.698321
0.698347
0.698351
0.698351
0.698353
0.698377
0.698387
0.698391
0.6984
0.69841
0.69843
0.698441
0.698444
0.698457
0.698476
0.698484
0.698491
0.698494
0.698504
0.698505
0.69852
0.698521
0.698534
0.698541
0.698545
0.69855
0.698571
0.698574
0.698594
0.698614
0.698647
0.698653
0.698654
0.698654
0.69867
0.698674
0.6987
0.698704
0.698733
0.698737
0.698738
0.698787
0.698817
0.698821
0.698824
0.698843
0.69889
0.698891
0.698895
0.698898
0.6989
0.698951
0.69896
0.698971
0.698995
0.699004
0.69901
0.699017
0.699034
0.699051
0.699063
0.699104
0.699117
0.699118
0.699121
0.699126
0.699138
0.69914
0.699141
0.699144
0.699161
0.699184
0.699187
0.699195
0.699214
0.699214
0.699214
0.699234
0.699268
0.699271
0.699285
0.699301
0.699334
0.699341
0.699344
0.699345
0.699385
0.699397
0.699421
0.699427
0.699437
0.69945
0.699456
0.699457
0.699458
0.699468
0.699468
0.699485
0.699488
0.699494
0.699501
0.699504
0.69951
0.69952
0.699534
0.699534
0.69954
0.699544
0.699551
0.699567
0.699575
0.699587
0.699607
0.699614
0.699627
0.699637
0.699641
0.699668
0.699681
0.699693
0.6997
0.699707
0.699741
0.699744
0.699765
0.699768
0.699771
0.699775
0.699788
0.699817
0.699821
0.699824
0.699828
0.699841
0.699844
0.699864
0.699915
0.699944
0.699954
0.69999
0.700011
0.700014
0.700028
0.700028
0.700031
0.700044
0.700045
0.700054
0.7001
0.700105
0.700108
0.70011
0.700117
0.700164
0.700174
0.700181
0.70019
0.700191
0.700205
0.700214
0.700221
0.700244
0.700247
0.700257
0.700268
0.700274
0.700277
0.700284
0.700287
0.700291
0.700297
0.700314
0.70032
0.700328
0.700334
0.700338
0.700343
0.700347
0.700361
0.700367
0.700397
0.7004
0.700414
0.700415
0.700415
0.700506
0.70051
0.700528
0.700528
0.700544
0.700544
0.700561
0.700561
0.700571
0.70061
0.700623
0.700637
0.700637
0.700641
0.700643
0.70065
0.700654
0.70067
0.700686
0.700687
0.700694
0.70073
0.700764
0.700767
0.700767
0.700815
0.70082
0.700874
0.700891
0.700893
0.7009
0.700903
0.700951
0.700977
0.700985
0.700987
0.700993
0.701008
0.701023
0.701024
0.70107
0.701071
0.701074
0.701123
0.701124
0.701125
0.701131
0.701134
0.701147
0.70115
0.701154
0.70116
0.701161
0.701167
0.701184
0.701188
0.701202
0.701211
0.701244
0.701251
0.701256
0.701261
0.701281
0.701284
0.701315
0.701331
0.701357
0.70136
0.701361
0.70137
0.701376
0.701385
0.701388
0.701401
0.70141
0.701444
0.701468
0.701497
0.701517
0.701518
0.701528
0.70154
0.70154
0.701566
0.701571
0.701581
0.701594
0.7016
0.701637
0.701644
0.701668
0.701675
0.701678
0.701681
0.701683
0.701714
0.701735
0.701741
0.701747
0.701757
0.70176
0.701767
0.701771
0.701773
0.701787
0.701798
0.701848
0.701854
0.701861
0.701864
0.701881
0.70189
0.701897
0.701981
0.701988
0.70199
0.701994
0.701997
0.702002
0.702024
0.702033
0.702041
0.702045
0.70207
0.70207
0.702077
0.702108
0.702118
0.70213
0.702131
0.702134
0.70214
0.702141
0.702165
0.702181
0.702183
0.702191
0.702218
0.70223
0.702241
0.702257
0.70227
0.70229
0.702297
0.702321
0.702324
0.702338
0.702361
0.70237
0.702384
0.702394
0.702424
0.702425
0.702427
0.70243
0.702431
0.702433
0.702437
0.702437
0.702441
0.70245
0.702451
0.70249
0.702491
0.702495
0.702501
0.702504
0.702548
0.702554
0.702561
0.702565
0.702574
0.702591
0.702608
0.702637
0.702638
0.702648
0.702674
0.702704
0.702721
0.702734
0.702737
0.70274
0.702741
0.702741
0.702741
0.702745
0.702761
0.70279
0.702801
0.702815
0.702827
0.702829
0.702831
0.702841
0.702844
0.702861
0.702874
0.702878
0.702917
0.702918
0.70293
0.702945
0.702961
0.702977
0.702987
0.703004
0.703031
0.703041
0.703051
0.703054
0.703057
0.703074
0.703074
0.703081
0.703084
0.703087
0.7031
0.703103
0.703118
0.703123
0.703124
0.70313
0.703141
0.703143
0.703144
0.703145
0.703147
0.703159
0.703177
0.70319
0.703191
0.703201
0.703221
0.70324
0.703247
0.703254
0.703257
0.703258
0.703263
0.703271
0.703278
0.703281
0.703287
0.703291
0.703301
0.703331
0.703344
0.703344
0.703354
0.703367
0.703384
0.703394
0.7034
0.703408
0.703435
0.703447
0.703447
0.703455
0.703481
0.70349
0.703507
0.703521
0.703521
0.703551
0.703553
0.703553
0.703561
0.703564
0.703575
0.703587
0.703588
0.703614
0.703641
0.703644
0.703647
0.70365
0.703655
0.70368
0.703707
0.703718
0.70372
0.703727
0.70373
0.703737
0.703737
0.70374
0.703747
0.703777
0.703777
0.703784
0.703801
0.703808
0.703813
0.703817
0.703857
0.703867
0.703867
0.703894
0.703917
0.703921
0.703931
0.703941
0.703948
0.703958
0.703998
0.704004
0.704018
0.704035
0.704047
0.704051
0.704081
0.7041
0.704101
0.704111
0.704116
0.704118
0.704124
0.704125
0.704127
0.704155
0.704177
0.704181
0.704185
0.704194
0.704197
0.704198
0.704203
0.704204
0.704208
0.704213
0.704243
0.704254
0.704261
0.704264
0.704297
0.70431
0.704324
0.704324
0.704337
0.70437
0.704397
0.70443
0.704444
0.704474
0.704477
0.704501
0.704537
0.704551
0.704577
0.704583
0.704588
0.704618
0.70462
0.704664
0.7047
0.704711
0.704738
0.704761
0.704764
0.704768
0.704771
0.704774
0.704781
0.704788
0.704828
0.704841
0.704847
0.704848
0.704848
0.704864
0.704911
0.704911
0.704911
0.704947
0.704958
0.704967
0.704997
0.705031
0.705037
0.705038
0.705041
0.705081
0.705091
0.7051
0.705178
0.705187
0.705214
0.70523
0.70523
0.705237
0.705255
0.705287
0.705291
0.705293
0.705334
0.705344
0.705345
0.70537
0.705377
0.705381
0.705391
0.705393
0.705474
0.705507
0.705508
0.705514
0.705517
0.705544
0.70556
0.705568
0.705593
0.705594
0.705597
0.705601
0.705603
0.705611
0.705614
0.70562
0.705631
0.705635
0.705644
0.70565
0.705655
0.70566
0.705667
0.70567
0.705671
0.705681
0.705691
0.705701
0.705711
0.705718
0.705721
0.705755
0.705794
0.705807
0.705824
0.705864
0.705867
0.705877
0.70588
0.705881
0.705885
0.705885
0.705887
0.705887
0.705891
0.705894
0.7059
0.705925
0.705951
0.705963
0.705977
0.70598
0.70599
0.706023
0.706024
0.706031
0.706035
0.706054
0.706054
0.706103
0.706123
0.706126
0.706151
0.706173
0.70618
0.706181
0.706187
0.706197
0.706228
0.706237
0.706251
0.706264
0.706283
0.706291
0.706298
0.706307
0.706314
0.706317
0.70633
0.706335
0.706347
0.706348
0.706363
0.706407
0.70641
0.706411
0.706428
0.706431
0.706445
0.706448
0.706461
0.706464
0.706471
0.706484
0.706498
0.706514
0.706527
0.706533
0.706537
0.706543
0.706561
0.706574
0.706574
0.706611
0.706641
0.706643
0.706647
0.706651
0.70666
0.70668
0.706691
0.706713
0.706714
0.706757
0.706764
0.706771
0.706794
0.706814
0.70684
0.706857
0.706861
0.706861
0.706864
0.706897
0.706898
0.706904
0.706948
0.706974
0.706977
0.706978
0.706978
0.70698
0.707021
0.707024
0.707037
0.70704
0.707054
0.707055
0.707067
0.707073
0.707094
0.707116
0.707118
0.707124
0.70716
0.707188
0.707198
0.707211
0.707231
0.707234
0.707236
0.707244
0.707256
0.707273
0.707274
0.707274
0.707331
0.70734
0.707355
0.707373
0.707378
0.70738
0.707384
0.707385
0.707413
0.707434
0.707438
0.707444
0.707448
0.707451
0.707471
0.707481
0.707495
0.707507
0.707507
0.707511
0.707537
0.707543
0.70757
0.707577
0.707581
0.707594
0.707594
0.707597
0.707599
0.707601
0.707604
0.707607
0.707611
0.707644
0.707661
0.707666
0.707667
0.707671
0.707671
0.707701
0.707704
0.707713
0.707728
0.707731
0.707737
0.707748
0.707757
0.707757
0.70776
0.707767
0.707778
0.707794
0.707824
0.707831
0.707837
0.707841
0.707847
0.707857
0.707864
0.70787
0.707884
0.707894
0.707901
0.707911
0.707944
0.707947
0.707964
0.707983
0.708
0.708031
0.708037
0.70804
0.708046
0.708094
0.708097
0.708097
0.708107
0.708121
0.708143
0.708157
0.708157
0.708157
0.708171
0.708184
0.708228
0.708241
0.708251
0.708258
0.70826
0.70827
0.708291
0.70831
0.708327
0.708384
0.708408
0.708427
0.708441
0.708495
0.708508
0.708537
0.708568
0.708661
0.70867
0.708684
0.708694
0.708697
0.708701
0.708728
0.708791
0.708861
0.708867
0.708867
0.708878
0.7089
0.708918
0.708931
0.708938
0.708958
0.708961
0.708969
0.709
0.709024
0.70904
0.709041
0.709101
0.70913
0.709144
0.70919
0.709197
0.709207
0.709207
0.709231
0.709234
0.709237
0.709246
0.709261
0.709264
0.70929
0.709304
0.709304
0.709307
0.709308
0.709314
0.70932
0.709327
0.70933
0.709331
0.709337
0.709347
0.709348
0.709357
0.709364
0.709374
0.709384
0.70941
0.709417
0.709421
0.709428
0.709431
0.709445
0.709457
0.709488
0.709498
0.70951
0.709513
0.709524
0.709534
0.709543
0.709584
0.709587
0.709588
0.709598
0.709618
0.70962
0.709634
0.709644
0.709661
0.709668
0.709674
0.709681
0.709693
0.709698
0.7097
0.709715
0.70972
0.709727
0.709741
0.709753
0.709765
0.709771
0.709791
0.709794
0.709801
0.709821
0.709823
0.709827
0.709827
0.70983
0.709837
0.709841
0.709846
0.70985
0.709854
0.709907
0.709918
0.709938
0.709941
0.709944
0.709945
0.709971
0.709981
0.709997
0.709998
0.710001
0.710004
0.710004
0.710008
0.710008
0.71002
0.710046
0.710061
0.710064
0.710065
0.710067
0.71007
0.71007
0.710081
0.710091
0.710117
0.710148
0.710158
0.710161
0.710161
0.710174
0.710175
0.710187
0.710191
0.710218
0.710221
0.710227
0.710227
0.710227
0.710234
0.710264
0.710278
0.710287
0.710291
0.710331
0.710353
0.710358
0.710388
0.710398
0.710434
0.71045
0.710451
0.710454
0.7105
0.710508
0.710517
0.71052
0.710527
0.710537
0.710538
0.710541
0.710541
0.710551
0.71056
0.710587
0.710594
0.710607
0.710646
0.710651
0.710656
0.710677
0.710691
0.710698
0.710717
0.710771
0.710773
0.710775
0.71081
0.710813
0.710831
0.710841
0.71087
0.710877
0.710897
0.71091
0.710948
0.710953
0.710981
0.711008
0.711013
0.711026
0.71104
0.711053
0.71107
0.711077
0.711097
0.711114
0.711117
0.711123
0.711127
0.711152
0.711157
0.711157
0.711167
0.711174
0.711181
0.711182
0.711191
0.711201
0.711203
0.711234
0.711243
0.711244
0.711267
0.711274
0.711295
0.711297
0.71131
0.711325
0.711327
0.711331
0.711341
0.71136
0.711371
0.711381
0.711395
0.711398
0.711401
0.711421
0.711428
0.711434
0.711454
0.711457
0.71147
0.711474
0.711483
0.711488
0.711494
0.711507
0.711524
0.711531
0.711541
0.711551
0.711551
0.711557
0.711561
0.711567
0.711568
0.711568
0.711584
0.711597
0.711618
0.711621
0.711627
0.711643
0.711644
0.711656
0.71166
0.711664
0.711671
0.711691
0.711701
0.711707
0.711714
0.71173
0.711734
0.711734
0.711741
0.711744
0.71175
0.711754
0.711761
0.711783
0.711784
0.711787
0.711804
0.711857
0.711867
0.711875
0.711901
0.711911
0.711938
0.711957
0.711978
0.712003
0.712011
0.712013
0.712025
0.712037
0.712061
0.712078
0.712078
0.71209
0.712097
0.712097
0.712111
0.712114
0.712118
0.712121
0.712124
0.712128
0.712141
0.712227
0.712227
0.712234
0.712241
0.712294
0.712344
0.712348
0.712354
0.712417
0.712431
0.712491
0.712494
0.712497
0.712498
0.712501
0.712527
0.712535
0.712568
0.71257
0.712577
0.712585
0.712594
0.712597
0.7126
0.712604
0.712617
0.71266
0.712693
0.712697
0.712706
0.712713
0.712718
0.712721
0.712741
0.712791
0.712801
0.712821
0.712843
0.712878
0.712878
0.712904
0.712914
0.712918
0.712922
0.712927
0.712934
0.712937
0.712946
0.712948
0.712957
0.712958
0.712961
0.712961
0.712968
0.712977
0.712993
0.712994
0.713001
0.713001
0.713008
0.713034
0.713064
0.713074
0.713104
0.713114
0.713125
0.713126
0.713131
0.713151
0.713181
0.713201
0.713207
0.713217
0.71322
0.713234
0.713278
0.713288
0.713296
0.713337
0.713343
0.713351
0.713355
0.71336
0.713364
0.713397
0.713404
0.713414
0.713445
0.713474
0.713477
0.713477
0.713494
0.713501
0.713504
0.713511
0.713515
0.713515
0.713521
0.713527
0.713531
0.713541
0.713558
0.713564
0.713567
0.713567
0.713591
0.713601
0.713644
0.713647
0.713681
0.713697
0.713718
0.713774
0.713781
0.713781
0.713791
0.713794
0.713804
0.713824
0.713837
0.713838
0.713844
0.713851
0.713851
0.713914
0.713918
0.713921
0.713921
0.713928
0.713944
0.713948
0.71395
0.713954
0.713984
0.713984
0.71399
0.714001
0.714017
0.714017
0.714037
0.714043
0.714061
0.714084
0.714088
0.714094
0.714124
0.714177
0.714197
0.714203
0.714214
0.714224
0.714228
0.714231
0.714271
0.714275
0.714277
0.714281
0.714285
0.71433
0.714334
0.714334
0.714341
0.714351
0.714354
0.714357
0.714364
0.714366
0.714398
0.714401
0.714401
0.714408
0.714415
0.714431
0.714451
0.714468
0.714524
0.714538
0.714566
0.714578
0.714591
0.714597
0.7146
0.714615
0.714624
0.714638
0.714644
0.71465
0.714657
0.71466
0.714681
0.714681
0.714691
0.714705
0.714711
0.714717
0.714717
0.714724
0.714747
0.714754
0.71476
0.714766
0.714768
0.714774
0.714777
0.714824
0.714831
0.714835
0.714873
0.714898
0.714901
0.714908
0.714914
0.714937
0.714954
0.714954
0.714961
0.714967
0.714984
0.715004
0.715024
0.715035
0.715037
0.715048
0.715051
0.715054
0.715067
0.715071
0.715104
0.71512
0.715137
0.71514
0.715141
0.715144
0.71515
0.715168
0.715174
0.715177
0.715187
0.715194
0.715197
0.715217
0.715237
0.715237
0.715243
0.715251
0.715251
0.71527
0.715271
0.715277
0.715278
0.71529
0.715301
0.715311
0.715316
0.715356
0.715364
0.715368
0.715381
0.715387
0.715391
0.715403
0.715414
0.715421
0.715421
0.715431
0.715463
0.715484
0.715504
0.715511
0.715526
0.71553
0.715536
0.715537
0.715547
0.715558
0.715561
0.715565
0.715578
0.715593
0.715601
0.715617
0.715621
0.715638
0.71567
0.71568
0.71573
0.71573
0.71576
0.715768
0.715784
0.715787
0.715798
0.715831
0.715853
0.715857
0.715859
0.715874
0.715878
0.715891
0.715897
0.715904
0.715923
0.715927
0.715951
0.715954
0.715961
0.715975
0.715977
0.716004
0.716014
0.71603
0.71608
0.716091
0.716091
0.716091
0.716131
0.716144
0.716146
0.716158
0.71617
0.716197
0.716203
0.716221
0.716231
0.716231
0.716241
0.716244
0.716247
0.716261
0.716274
0.71628
0.716281
0.716286
0.716288
0.716301
0.716301
0.716347
0.716354
0.716364
0.716364
0.716457
0.716466
0.716467
0.716474
0.716511
0.716527
0.716531
0.716537
0.71654
0.716541
0.716558
0.716567
0.716571
0.716611
0.716621
0.716628
0.716628
0.716641
0.716644
0.716658
0.716668
0.716678
0.71669
0.716701
0.716703
0.71672
0.716728
0.716747
0.716761
0.716767
0.716801
0.716814
0.716824
0.716877
0.71688
0.716914
0.716946
0.716964
0.716965
0.71699
0.716994
0.717001
0.717044
0.717051
0.717053
0.717073
0.71709
0.717114
0.717124
0.717128
0.717131
0.717137
0.717137
0.717154
0.717158
0.717164
0.71718
0.717183
0.717203
0.717208
0.717227
0.717227
0.717227
0.717271
0.717274
0.717287
0.717295
0.717295
0.717297
0.717317
0.717336
0.717344
0.717351
0.717357
0.717378
0.717384
0.717401
0.717401
0.71743
0.71745
0.717464
0.717464
0.717471
0.717517
0.717541
0.717554
0.717558
0.717565
0.717584
0.717598
0.717605
0.717608
0.717635
0.717647
0.717654
0.717668
0.717704
0.717704
0.717721
0.717725
0.717737
0.717764
0.717781
0.717784
0.717785
0.717797
0.717797
0.717803
0.717805
0.717813
0.717818
0.717863
0.717874
0.717885
0.717887
0.717891
0.717894
0.717901
0.717901
0.717908
0.717928
0.71793
0.71795
0.717951
0.717961
0.717964
0.71797
0.717977
0.718021
0.718025
0.718028
0.718038
0.718044
0.718057
0.718057
0.718084
0.718087
0.718088
0.718091
0.718091
0.718114
0.718117
0.718121
0.718121
0.71815
0.718154
0.718157
0.7182
0.718217
0.718241
0.718241
0.71825
0.718254
0.718264
0.718271
0.718274
0.718314
0.718324
0.718334
0.718371
0.718374
0.718384
0.718396
0.718404
0.718411
0.718421
0.718427
0.718427
0.718443
0.718474
0.71848
0.718487
0.718495
0.718508
0.71852
0.718531
0.71855
0.718568
0.71857
0.718577
0.718581
0.718585
0.718601
0.718606
0.718645
0.718661
0.718681
0.718718
0.718721
0.718743
0.718763
0.718771
0.718777
0.71879
0.718801
0.71883
0.718831
0.718831
0.718834
0.718856
0.718858
0.718874
0.71888
0.718881
0.718884
0.718898
0.718914
0.718928
0.71893
0.718948
0.718951
0.718974
0.718991
0.718995
0.718996
0.719011
0.719017
0.719018
0.71902
0.719024
0.719024
0.719038
0.719054
0.719057
0.719071
0.719074
0.719101
0.719103
0.719104
0.719114
0.719144
0.719161
0.719161
0.719176
0.719176
0.7192
0.719201
0.719218
0.719228
0.719241
0.719264
0.719275
0.719311
0.719331
0.719344
0.719347
0.719348
0.71935
0.719408
0.719408
0.719424
0.719438
0.71944
0.719444
0.719461
0.719494
0.719507
0.719507
0.719538
0.719551
0.719561
0.719563
0.719567
0.719568
0.719571
0.719587
0.71959
0.719597
0.71961
0.719654
0.719657
0.719664
0.719677
0.719683
0.71969
0.719708
0.719731
0.719761
0.719781
0.7198
0.7198
0.719803
0.719814
0.719825
0.719828
0.719837
0.719847
0.719887
0.719891
0.719903
0.719904
0.719926
0.719928
0.71993
0.719931
0.71996
0.719965
0.719968
0.719977
0.719977
0.719993
0.720001
0.720017
0.720041
0.720047
0.720056
0.720063
0.720091
0.720093
0.720094
0.720098
0.720104
0.720111
0.72013
0.720135
0.720137
0.720184
0.720184
0.720194
0.720194
0.720251
0.720305
0.720306
0.720318
0.720321
0.720353
0.720374
0.720384
0.720431
0.720444
0.720446
0.720457
0.72047
0.720508
0.720517
0.720527
0.720531
0.720534
0.720587
0.720608
0.720631
0.720637
0.720638
0.720653
0.720663
0.720678
0.720691
0.720691
0.720731
0.720735
0.720738
0.720738
0.720754
0.72076
0.720765
0.720765
0.720767
0.720801
0.720808
0.720811
0.720814
0.720818
0.720818
0.720825
0.720854
0.720857
0.720881
0.72089
0.72089
0.720897
0.720897
0.720904
0.720905
0.72092
0.720924
0.720937
0.720937
0.72095
0.720961
0.720974
0.721004
0.721043
0.721057
0.721057
0.721077
0.721077
0.721098
0.721098
0.721101
0.721105
0.721115
0.721128
0.721137
0.721141
0.721155
0.721158
0.721168
0.721194
0.721201
0.72122
0.72122
0.721228
0.72126
0.721267
0.721267
0.72128
0.721287
0.721305
0.721324
0.721367
0.721377
0.721378
0.721381
0.721388
0.721404
0.721438
0.72144
0.721445
0.721494
0.721521
0.721528
0.72153
0.721531
0.72155
0.721566
0.721571
0.721573
0.721584
0.721594
0.721617
0.721627
0.721638
0.721641
0.721675
0.721677
0.721681
0.72169
0.721721
0.721728
0.721747
0.721761
0.721797
0.721805
0.721827
0.721828
0.721838
0.721841
0.721844
0.72186
0.721881
0.721881
0.72189
0.721908
0.721911
0.721917
0.721923
0.721938
0.721951
0.721957
0.721964
0.721977
0.721994
0.722044
0.72205
0.722061
0.722061
0.722064
0.722068
0.72207
0.722071
0.722074
0.722087
0.722093
0.722181
0.722201
0.722203
0.722221
0.722221
0.722223
0.722238
0.722244
0.722248
0.722307
0.722318
0.722331
0.722335
0.722343
0.722361
0.722367
0.722371
0.722381
0.722415
0.722444
0.72245
0.722461
0.722478
0.722501
0.722511
0.722537
0.722541
0.722554
0.722574
0.722585
0.722587
0.722631
0.722661
0.722684
0.722684
0.722687
0.722691
0.722717
0.722724
0.722727
0.722744
0.722761
0.72279
0.722805
0.722811
0.722851
0.722877
0.722881
0.722881
0.722884
0.722908
0.722914
0.722928
0.72294
0.722968
0.722974
0.723037
0.723041
0.723044
0.723113
0.723114
0.723116
0.723124
0.723131
0.723173
0.723181
0.723188
0.723204
0.723213
0.723214
0.723226
0.723227
0.723227
0.723237
0.723277
0.723284
0.723304
0.723333
0.723344
0.723355
0.723361
0.723367
0.723394
0.72345
0.723457
0.723487
0.723497
0.723521
0.723524
0.723534
0.723574
0.723577
0.72358
0.723594
0.723611
0.723624
0.723637
0.723644
0.723657
0.72366
0.723661
0.723661
0.723671
0.723684
0.7237
0.723701
0.723708
0.723711
0.723717
0.723734
0.723744
0.723754
0.723758
0.723758
0.72376
0.723774
0.723814
0.723835
0.723844
0.723857
0.723867
0.723871
0.723888
0.723891
0.723931
0.723934
0.723934
0.723941
0.723961
0.723961
0.723964
0.72398
0.723984
0.724001
0.724017
0.724038
0.724046
0.724047
0.72406
0.72407
0.724095
0.724104
0.724108
0.724121
0.724131
0.724166
0.724167
0.724178
0.724187
0.724191
0.72424
0.724241
0.724268
0.724274
0.724277
0.724284
0.72429
0.724291
0.724294
0.724294
0.724305
0.724311
0.724316
0.724347
0.724358
0.724381
0.724387
0.724391
0.724405
0.724411
0.724415
0.724418
0.724471
0.724497
0.724498
0.724534
0.724544
0.724555
0.724567
0.724575
0.724594
0.724621
0.72465
0.724654
0.724671
0.724676
0.724678
0.72468
0.724681
0.72469
0.724714
0.724724
0.724738
0.724744
0.724748
0.724761
0.724767
0.724781
0.724797
0.724834
0.724861
0.724866
0.724868
0.724871
0.724884
0.724914
0.724915
0.724917
0.724923
0.72495
0.724954
0.724971
0.725014
0.725024
0.72503
0.725041
0.725051
0.725061
0.725073
0.7251
0.725124
0.725133
0.725147
0.725153
0.725155
0.725163
0.725201
0.725204
0.725205
0.725211
0.725227
0.725234
0.725244
0.725257
0.725264
0.725278
0.725288
0.72529
0.725291
0.72532
0.725324
0.725365
0.72538
0.725401
0.725436
0.725438
0.725444
0.725464
0.725474
0.725487
0.725521
0.725531
0.725538
0.725548
0.725555
0.725561
0.72558
0.725611
0.72562
0.725631
0.725641
0.725661
0.725664
0.725666
0.725674
0.7257
0.725718
0.72572
0.725731
0.725741
0.725744
0.725758
0.725761
0.725785
0.7258
0.725808
0.725834
0.725851
0.725864
0.72587
0.725911
0.725927
0.725938
0.725948
0.725974
0.725991
0.72601
0.726014
0.726018
0.726037
0.726041
0.726093
0.726097
0.726101
0.726114
0.726117
0.726124
0.726169
0.72617
0.726177
0.726191
0.726194
0.726198
0.7262
0.726203
0.726254
0.72627
0.726287
0.7263
0.726328
0.726331
0.726354
0.726358
0.726361
0.726385
0.726388
0.726393
0.7264
0.726407
0.72644
0.726444
0.726447
0.726458
0.726464
0.726464
0.726468
0.726474
0.726477
0.726484
0.7265
0.726504
0.726518
0.726554
0.726574
0.72658
0.726594
0.726601
0.726604
0.726617
0.726647
0.726708
0.726715
0.726718
0.726735
0.726735
0.726757
0.726757
0.726778
0.726791
0.726828
0.726833
0.726844
0.726881
0.726907
0.726931
0.726934
0.726944
0.72696
0.726971
0.726981
0.726987
0.727017
0.727021
0.727024
0.727111
0.727113
0.727124
0.727125
0.727147
0.72717
0.727181
0.727188
0.727191
0.727237
0.72724
0.727258
0.727274
0.727275
0.727304
0.727314
0.727321
0.727344
0.727357
0.727371
0.727374
0.72738
0.727385
0.72739
0.727411
0.727411
0.727417
0.727425
0.727447
0.72748
0.727535
0.727541
0.72756
0.727561
0.727564
0.727571
0.727578
0.727588
0.727601
0.727613
0.727634
0.727638
0.727665
0.727674
0.727683
0.727705
0.72772
0.727728
0.727738
0.727741
0.727744
0.727774
0.727797
0.727807
0.727814
0.727814
0.727821
0.727838
0.727857
0.727861
0.727867
0.727871
0.727898
0.727914
0.727917
0.727921
0.727923
0.727968
0.727974
0.727977
0.727984
0.727994
0.727998
0.728008
0.728008
0.728011
0.728017
0.728027
0.728034
0.728053
0.728054
0.728075
0.72808
0.728091
0.728098
0.728157
0.728164
0.728174
0.728181
0.728187
0.728197
0.728207
0.72821
0.728233
0.728307
0.728307
0.728314
0.728317
0.72833
0.728344
0.728381
0.728398
0.728414
0.728454
0.728478
0.728481
0.728484
0.728501
0.728527
0.728544
0.728547
0.728561
0.728577
0.728601
0.728621
0.728624
0.728664
0.728678
0.728724
0.728726
0.728741
0.728767
0.728786
0.728791
0.728794
0.728821
0.72887
0.728875
0.728884
0.728901
0.728911
0.728914
0.728931
0.728944
0.728947
0.728954
0.728961
0.728983
0.729011
0.729014
0.729021
0.729025
0.729027
0.729041
0.729084
0.729124
0.729124
0.729134
0.729174
0.729187
0.729191
0.729201
0.729207
0.729224
0.729224
0.729251
0.729291
0.729318
0.729344
0.729355
0.729357
0.729363
0.729367
0.72937
0.729371
0.729425
0.729438
0.729467
0.729467
0.729478
0.729478
0.729507
0.729531
0.729534
0.729546
0.729548
0.729582
0.729617
0.729624
0.729631
0.729631
0.729634
0.729696
0.729718
0.729728
0.729735
0.729745
0.729777
0.72978
0.729801
0.729803
0.72981
0.729823
0.72984
0.729841
0.729853
0.729854
0.729857
0.729858
0.729898
0.729904
0.729911
0.729914
0.729927
0.729971
0.729974
0.730007
0.730028
0.730034
0.730045
0.730074
0.730074
0.730081
0.730084
0.730088
0.73009
0.730104
0.730127
0.730148
0.730154
0.730187
0.730194
0.730204
0.730207
0.730208
0.730221
0.730235
0.730236
0.730271
0.73031
0.730324
0.730348
0.730391
0.730407
0.730427
0.730454
0.730464
0.730464
0.730464
0.730493
0.730506
0.730508
0.730511
0.730514
0.730533
0.730565
0.730604
0.730608
0.730611
0.730624
0.73064
0.730658
0.730668
0.730681
0.73072
0.730734
0.730757
0.730771
0.730775
0.730784
0.730787
0.730807
0.73081
0.730811
0.730834
0.730851
0.730887
0.730914
0.730931
0.730948
0.730956
0.730984
0.730985
0.730988
0.730991
0.730997
0.731027
0.731028
0.731036
0.731037
0.731048
0.731054
0.731067
0.731068
0.731076
0.7311
0.731131
0.731133
0.731155
0.731164
0.731168
0.731171
0.731187
0.731204
0.73121
0.731227
0.731231
0.731231
0.731255
0.73126
0.731264
0.731274
0.731277
0.731287
0.731337
0.731341
0.731344
0.731348
0.731351
0.731371
0.731374
0.73138
0.731467
0.731483
0.731504
0.731537
0.731544
0.731571
0.731574
0.731601
0.731625
0.731644
0.73165
0.731658
0.731661
0.731661
0.731687
0.731694
0.731697
0.73171
0.731711
0.731711
0.731714
0.731755
0.731764
0.731778
0.731787
0.731788
0.731791
0.731813
0.731817
0.731821
0.731824
0.731827
0.731868
0.731871
0.731883
0.731911
0.731913
0.731924
0.731934
0.73198
0.73199
0.732014
0.732027
0.732045
0.732047
0.732057
0.732061
0.732087
0.732091
0.7321
0.73212
0.732141
0.732141
0.732161
0.732164
0.732174
0.732204
0.732208
0.73223
0.732234
0.732243
0.732254
0.732254
0.732274
0.732274
0.732288
0.732301
0.732301
0.732303
0.732313
0.732314
0.732337
0.732348
0.732358
0.732401
0.732418
0.732434
0.732441
0.73246
0.732487
0.732487
0.732504
0.732524
0.732547
0.732551
0.732567
0.732608
0.732608
0.732613
0.732616
0.73263
0.732638
0.732644
0.732651
0.732657
0.732664
0.732668
0.732677
0.732697
0.732702
0.732758
0.732768
0.732771
0.732775
0.732791
0.732851
0.732881
0.732894
0.732905
0.732914
0.732961
0.73297
0.733005
0.733023
0.733038
0.73304
0.733054
0.733078
0.733101
0.733117
0.733121
0.733148
0.733163
0.733171
0.733184
0.733187
0.733217
0.733224
0.73323
0.733231
0.733231
0.733234
0.733247
0.733257
0.733257
0.733257
0.733261
0.733271
0.733278
0.733284
0.733284
0.733287
0.733298
0.733303
0.733324
0.733388
0.733434
0.733441
0.733461
0.733507
0.733527
0.733531
0.733547
0.733591
0.7336
0.733614
0.733615
0.73364
0.733654
0.733654
0.733661
0.733661
0.73371
0.733721
0.733743
0.73378
0.733781
0.733787
0.733798
0.733804
0.733805
0.733824
0.73384
0.733887
0.733898
0.733911
0.733924
0.733934
0.733945
0.733958
0.733968
0.733971
0.733984
0.734008
0.73401
0.734034
0.734038
0.734051
0.734068
0.734077
0.734107
0.734114
0.734137
0.734164
0.734184
0.734227
0.734244
0.734258
0.734264
0.734274
0.734281
0.734293
0.734318
0.734324
0.734368
0.734381
0.734384
0.734387
0.73441
0.734411
0.734425
0.734426
0.734434
0.734471
0.734477
0.734554
0.734557
0.734557
0.734578
0.734584
0.734591
0.734604
0.734633
0.734646
0.734661
0.734667
0.73467
0.734671
0.734681
0.734681
0.734681
0.734694
0.734708
0.734714
0.734751
0.734751
0.734754
0.734804
0.734814
0.73482
0.734847
0.73491
0.734935
0.734951
0.73496
0.734964
0.734967
0.734968
0.73499
0.734997
0.734998
0.735015
0.735027
0.735038
0.735038
0.735044
0.735121
0.735134
0.735154
0.735158
0.735167
0.735177
0.735207
0.73522
0.735251
0.73527
0.735274
0.735274
0.735275
0.735277
0.735278
0.735298
0.735301
0.735324
0.735337
0.735338
0.735374
0.735381
0.735384
0.735407
0.735408
0.735411
0.735427
0.735457
0.735477
0.735501
0.735513
0.735513
0.735534
0.735581
0.735596
0.735651
0.735661
0.735693
0.735698
0.735704
0.735726
0.735784
0.735794
0.73581
0.735811
0.735821
0.735875
0.73588
0.735881
0.735924
0.735924
0.73593
0.735955
0.735968
0.735971
0.735981
0.735987
0.735991
0.736
0.736011
0.736014
0.736017
0.73602
0.73602
0.736041
0.736064
0.736064
0.73608
0.736087
0.736114
0.736174
0.736175
0.736177
0.736197
0.736227
0.736231
0.736233
0.736244
0.736255
0.736271
0.736274
0.736284
0.736327
0.736328
0.73635
0.736354
0.736377
0.736388
0.736394
0.736397
0.73641
0.736411
0.736418
0.736474
0.736475
0.736485
0.736491
0.736504
0.73652
0.736534
0.736537
0.736547
0.736553
0.736554
0.736557
0.736564
0.736567
0.736591
0.736625
0.736625
0.736633
0.736648
0.73665
0.736664
0.736681
0.736694
0.736714
0.736724
0.736755
0.736764
0.736797
0.736815
0.736824
0.736827
0.736851
0.736868
0.736874
0.736881
0.736901
0.736944
0.737004
0.737024
0.737087
0.737094
0.737107
0.737131
0.73716
0.737168
0.737177
0.737196
0.737197
0.73721
0.737213
0.737213
0.737235
0.737261
0.737274
0.737275
0.737281
0.7373
0.737308
0.737331
0.737334
0.737358
0.737365
0.737371
0.737447
0.737471
0.737477
0.737483
0.737493
0.737494
0.737504
0.737504
0.737534
0.737541
0.737571
0.737573
0.737587
0.737601
0.737615
0.737637
0.737638
0.73764
0.737678
0.73776
0.737768
0.737778
0.73781
0.737834
0.73784
0.73784
0.737847
0.737891
0.737897
0.73795
0.738011
0.738037
0.738078
0.738081
0.738207
0.738264
0.738281
0.738307
0.738311
0.738333
0.738341
0.738354
0.738354
0.738357
0.738371
0.738397
0.738413
0.738421
0.738435
0.738471
0.738516
0.738527
0.738568
0.73857
0.738581
0.738624
0.738631
0.738644
0.738667
0.738668
0.738743
0.738751
0.73878
0.738787
0.738798
0.738811
0.738837
0.738851
0.738878
0.738879
0.738911
0.738914
0.738924
0.738924
0.738927
0.738947
0.738961
0.738961
0.738964
0.738987
0.738988
0.73899
0.739014
0.739021
0.73904
0.739043
0.739054
0.739083
0.739108
0.73911
0.739127
0.739138
0.739138
0.7392
0.739247
0.739248
0.739251
0.739258
0.739291
0.739294
0.739297
0.739301
0.739328
0.739351
0.739368
0.739368
0.739387
0.739395
0.7394
0.739431
0.739438
0.739441
0.739461
0.739474
0.739481
0.739497
0.739501
0.739508
0.739536
0.73957
0.739571
0.739585
0.739595
0.739598
0.739604
0.739671
0.739681
0.739691
0.739694
0.739704
0.739717
0.739721
0.739755
0.739771
0.739794
0.739798
0.739806
0.73981
0.739818
0.739821
0.739821
0.739838
0.739844
0.739844
0.739874
0.73988
0.739978
0.739978
0.73998
0.739991
0.74003
0.74004
0.740058
0.740098
0.740098
0.740111
0.740121
0.740124
0.740157
0.740164
0.740171
0.740204
0.740204
0.74021
0.740214
0.740254
0.740267
0.740283
0.740341
0.74035
0.740357
0.740371
0.740404
0.740444
0.740447
0.740461
0.740485
0.740511
0.740575
0.74063
0.740634
0.740661
0.740721
0.74074
0.740761
0.740765
0.740784
0.740785
0.740786
0.740817
0.740818
0.740823
0.740841
0.740853
0.740866
0.740963
0.740977
0.740983
0.740997
0.741024
0.74103
0.741071
0.741118
0.741147
0.741178
0.741184
0.741191
0.741194
0.741217
0.741221
0.741234
0.74126
0.741271
0.741271
0.741284
0.741287
0.741298
0.741308
0.741317
0.741324
0.74133
0.741347
0.741358
0.741398
0.741398
0.741418
0.741418
0.74145
0.741503
0.741505
0.741507
0.74152
0.741521
0.741554
0.74157
0.741571
0.741574
0.74158
0.741581
0.741607
0.741627
0.741651
0.741651
0.741656
0.741688
0.741718
0.741721
0.741734
0.741744
0.74178
0.741784
0.741814
0.74182
0.741847
0.741877
0.74189
0.741903
0.741903
0.741931
0.741947
0.741976
0.742021
0.742037
0.742054
0.742055
0.742077
0.742121
0.742121
0.742134
0.742141
0.74215
0.742183
0.742201
0.74225
0.742277
0.742307
0.742331
0.742338
0.742341
0.74235
0.742361
0.742441
0.742477
0.742477
0.742481
0.742487
0.742507
0.74252
0.742524
0.742533
0.742537
0.742537
0.742548
0.742574
0.742621
0.742681
0.742697
0.742708
0.742711
0.742711
0.742723
0.742741
0.742741
0.742758
0.742771
0.742841
0.742853
0.742887
0.742959
0.743013
0.743017
0.743021
0.743023
0.743044
0.743045
0.7431
0.743108
0.743177
0.743201
0.74321
0.743217
0.743227
0.743277
0.743281
0.743298
0.743301
0.743331
0.743334
0.743334
0.743341
0.743354
0.743377
0.743394
0.7434
0.74345
0.743491
0.743501
0.743501
0.743501
0.743528
0.743545
0.743551
0.743586
0.743594
0.743625
0.743634
0.743638
0.743661
0.74369
0.74371
0.74374
0.743743
0.743764
0.743771
0.743777
0.743777
0.743787
0.74379
0.743794
0.743841
0.743854
0.743891
0.743934
0.743942
0.743981
0.744013
0.744025
0.74409
0.744108
0.744147
0.744244
0.744287
0.744301
0.744304
0.744311
0.744407
0.744444
0.744444
0.744467
0.744468
0.744474
0.74455
0.74458
0.7446
0.744615
0.74462
0.74463
0.744647
0.744651
0.744677
0.744687
0.744708
0.744728
0.744734
0.744744
0.744758
0.744814
0.74485
0.744867
0.744876
0.744877
0.744908
0.744924
0.744985
0.744993
0.745017
0.745061
0.745117
0.745127
0.745161
0.745191
0.745193
0.745241
0.745261
0.745277
0.745287
0.745358
0.745381
0.74541
0.745428
0.745434
0.745464
0.745493
0.745504
0.745507
0.745507
0.745508
0.745511
0.74552
0.745535
0.745551
0.745587
0.745604
0.745661
0.745671
0.745677
0.745687
0.74573
0.745751
0.745751
0.745788
0.745827
0.745834
0.745834
0.745878
0.745893
0.745904
0.74591
0.74592
0.745921
0.74595
0.745977
0.745981
0.745998
0.746011
0.746035
0.74605
0.746084
0.74609
0.746093
0.746116
0.746117
0.746151
0.746151
0.746158
0.746161
0.746181
0.746204
0.746207
0.746208
0.746217
0.746225
0.746251
0.746257
0.74632
0.746337
0.746354
0.746358
0.746364
0.746388
0.746401
0.746441
0.746451
0.746504
0.746527
0.746528
0.746567
0.746587
0.74659
0.746591
0.746607
0.746611
0.74664
0.746655
0.746664
0.746681
0.746688
0.746691
0.746708
0.746721
0.746727
0.746734
0.746754
0.746758
0.746761
0.746775
0.746787
0.746801
0.746807
0.746834
0.746835
0.746844
0.746861
0.746877
0.746921
0.74701
0.747011
0.747021
0.747044
0.747057
0.747067
0.747074
0.747077
0.74709
0.747098
0.747101
0.747117
0.74712
0.74712
0.74713
0.747174
0.747187
0.747194
0.747201
0.74722
0.747231
0.747288
0.747301
0.747304
0.747334
0.747397
0.747401
0.747405
0.747437
0.747461
0.747474
0.747511
0.747517
0.74752
0.747528
0.747531
0.747541
0.747564
0.747593
0.7476
0.747601
0.747604
0.747615
0.74762
0.747638
0.74765
0.747657
0.74768
0.747753
0.747754
0.747911
0.747914
0.747931
0.747957
0.748001
0.748007
0.74801
0.748061
0.748097
0.748127
0.748144
0.748155
0.748191
0.748194
0.748197
0.748204
0.748208
0.748251
0.748255
0.748268
0.74827
0.748288
0.748311
0.748314
0.748357
0.748371
0.748378
0.748391
0.748404
0.748427
0.748438
0.748441
0.748451
0.748464
0.748484
0.748554
0.748577
0.748586
0.748597
0.748614
0.748641
0.748651
0.748653
0.74869
0.748707
0.748751
0.748784
0.748857
0.748874
0.74888
0.748887
0.748894
0.748914
0.748925
0.748947
0.748974
0.748977
0.748977
0.749007
0.749088
0.7491
0.749111
0.749117
0.749124
0.749127
0.74914
0.749148
0.749154
0.74918
0.749207
0.749221
0.749224
0.749234
0.74926
0.749271
0.749274
0.749361
0.749417
0.749466
0.74947
0.749537
0.749541
0.749555
0.749631
0.749635
0.749663
0.74969
0.749694
0.749701
0.749701
0.749717
0.749731
0.74975
0.749754
0.749767
0.749771
0.749771
0.749774
0.749804
0.749811
0.749824
0.749837
0.749848
0.749878
0.749887
0.749917
0.749925
0.749941
0.749954
0.749978
0.75
0.750014
0.750027
0.750037
0.750051
0.750141
0.750184
0.750207
0.750251
0.750257
0.75029
0.750313
0.750318
0.750338
0.750364
0.750367
0.750418
0.750437
0.750484
0.750535
0.750564
0.750571
0.750577
0.75059
0.750597
0.750611
0.75063
0.75065
0.750738
0.750777
0.750794
0.750814
0.750827
0.750854
0.750856
0.750861
0.750864
0.750868
0.750904
0.750908
0.750921
0.750924
0.750927
0.750931
0.750947
0.750998
0.750998
0.751017
0.751057
0.751081
0.751121
0.751164
0.75117
0.75122
0.75124
0.751301
0.751308
0.751401
0.751401
0.751437
0.751444
0.751444
0.751445
0.751457
0.751484
0.751487
0.751507
0.751571
0.751577
0.751581
0.751581
0.751584
0.751607
0.751644
0.751654
0.751654
0.751673
0.751778
0.751781
0.751791
0.751868
0.751888
0.751894
0.751917
0.751948
0.751951
0.751967
0.751977
0.751984
0.752004
0.752087
0.752091
0.752091
0.752094
0.752144
0.752177
0.752178
0.752181
0.752184
0.752204
0.75223
0.752248
0.752261
0.752274
0.752308
0.752318
0.752323
0.752331
0.752374
0.752385
0.75239
0.752391
0.752401
0.752411
0.752411
0.752484
0.752507
0.752521
0.752567
0.752584
0.752597
0.752627
0.752634
0.752684
0.752707
0.752726
0.752765
0.752784
0.752801
0.752822
0.752847
0.752868
0.75287
0.752873
0.75288
0.752888
0.752904
0.752908
0.752954
0.752955
0.753008
0.753021
0.753034
0.753037
0.753074
0.75309
0.753103
0.753138
0.75314
0.753148
0.753214
0.753214
0.753218
0.753231
0.753251
0.753317
0.753324
0.753361
0.753364
0.75337
0.753371
0.753384
0.753421
0.753454
0.753457
0.7535
0.753511
0.753574
0.753581
0.753644
0.753664
0.753695
0.753801
0.753958
0.754051
0.754094
0.75418
0.754197
0.754204
0.754231
0.754264
0.754301
0.754304
0.754308
0.754314
0.754357
0.754364
0.754371
0.754384
0.754391
0.754398
0.754408
0.754431
0.754434
0.754458
0.754465
0.754487
0.754508
0.754517
0.754543
0.754558
0.754561
0.754567
0.754581
0.754591
0.754617
0.754627
0.754684
0.754688
0.754697
0.754707
0.75471
0.754735
0.754825
0.754835
0.75492
0.754931
0.754948
0.75498
0.755027
0.755058
0.755061
0.755081
0.755121
0.755164
0.755181
0.755191
0.755211
0.755234
0.755234
0.755244
0.755251
0.75528
0.75532
0.755374
0.755395
0.755447
0.755451
0.755503
0.755518
0.75555
0.755588
0.755605
0.755605
0.755624
0.755637
0.755684
0.755697
0.755698
0.755698
0.755704
0.755741
0.755803
0.755856
0.755894
0.755961
0.755961
0.756004
0.756008
0.756041
0.756055
0.756064
0.756097
0.756114
0.756153
0.756158
0.75616
0.756171
0.756195
0.756204
0.756214
0.756231
0.756234
0.756265
0.756301
0.756301
0.756308
0.756344
0.75643
0.756485
0.756531
0.756551
0.75657
0.75658
0.75658
0.756628
0.756653
0.756678
0.756721
0.756731
0.756737
0.75677
0.756781
0.75679
0.756848
0.756864
0.756878
0.756904
0.756928
0.756954
0.756961
0.756978
0.75703
0.75704
0.75705
0.757071
0.757078
0.757171
0.757186
0.757214
0.757263
0.757267
0.757278
0.757283
0.75732
0.757338
0.757345
0.757348
0.757381
0.757451
0.757461
0.757471
0.757474
0.757525
0.757533
0.757547
0.757554
0.757564
0.757571
0.757574
0.757593
0.757604
0.757607
0.757608
0.757631
0.757724
0.757753
0.757807
0.757834
0.757865
0.757871
0.757904
0.757904
0.757914
0.757921
0.757991
0.758004
0.758043
0.758047
0.758067
0.758087
0.758131
0.758143
0.758147
0.75815
0.758157
0.758191
0.758191
0.758207
0.758211
0.758217
0.758236
0.758314
0.758404
0.75843
0.75843
0.758434
0.758464
0.758471
0.758568
0.75858
0.75861
0.758654
0.758658
0.758684
0.758688
0.758723
0.758748
0.758784
0.758868
0.758908
0.758931
0.758938
0.75894
0.758954
0.758961
0.758967
0.759018
0.759026
0.7591
0.759108
0.759133
0.759135
0.759145
0.759166
0.759224
0.759287
0.759307
0.759314
0.75933
0.759354
0.759421
0.759421
0.759498
0.759515
0.759578
0.759584
0.759588
0.759603
0.759618
0.759624
0.759641
0.759651
0.759661
0.759707
0.759784
0.759791
0.759817
0.759898
0.759908
0.759911
0.759914
0.759927
0.759967
0.759974
0.759978
0.759985
0.760054
0.760141
0.760148
0.760201
0.760227
0.760251
0.760275
0.760281
0.760281
0.760327
0.760344
0.760365
0.760368
0.760381
0.760387
0.76041
0.760418
0.760424
0.760431
0.76045
0.760456
0.760458
0.760463
0.760494
0.760528
0.760551
0.760617
0.760624
0.760627
0.760647
0.76071
0.760718
0.76078
0.76079
0.760808
0.760857
0.760857
0.760861
0.760881
0.760898
0.7609
0.761027
0.761044
0.761091
0.761094
0.761127
0.761181
0.761184
0.761194
0.761228
0.761233
0.761331
0.761367
0.761377
0.761424
0.761468
0.761477
0.761517
0.761534
0.761543
0.761581
0.761608
0.761631
0.761647
0.761654
0.761674
0.761687
0.761694
0.761711
0.761724
0.761737
0.761764
0.761765
0.761884
0.76189
0.76191
0.761917
0.761931
0.761961
0.761971
0.762008
0.762011
0.762014
0.762047
0.762094
0.762117
0.762118
0.76213
0.762131
0.76215
0.762183
0.762185
0.76222
0.762244
0.762256
0.762264
0.762274
0.762354
0.762364
0.762366
0.762433
0.762497
0.762567
0.762631
0.762654
0.762661
0.762674
0.762701
0.762731
0.762767
0.762801
0.762855
0.762864
0.762887
0.762894
0.762907
0.762907
0.762957
0.76298
0.763051
0.763058
0.763071
0.763084
0.763094
0.763173
0.763178
0.763204
0.76333
0.763374
0.763393
0.763408
0.763438
0.763441
0.763451
0.763521
0.763551
0.763567
0.763578
0.763601
0.763628
0.763637
0.763661
0.763715
0.76376
0.763854
0.76386
0.763867
0.763894
0.763918
0.76392
0.763945
0.763954
0.763954
0.764007
0.76405
0.764064
0.764068
0.764101
0.764111
0.764121
0.764258
0.764274
0.764277
0.764287
0.76429
0.764344
0.764393
0.764405
0.764406
0.76441
0.764417
0.764434
0.764471
0.764501
0.764521
0.76455
0.764554
0.764581
0.764654
0.76466
0.764684
0.764721
0.76479
0.764808
0.764904
0.764924
0.764927
0.764957
0.764985
0.765031
0.765071
0.765144
0.76518
0.765191
0.765274
0.76532
0.765398
0.765454
0.765495
0.76551
0.765521
0.765571
0.765598
0.765664
0.765747
0.76576
0.765801
0.765844
0.765855
0.765881
0.765914
0.765918
0.765937
0.76599
0.766011
0.766024
0.766061
0.766138
0.766144
0.766155
0.766174
0.766206
0.766211
0.766261
0.766294
0.76631
0.766341
0.766461
0.766471
0.766514
0.766547
0.766571
0.766611
0.766621
0.766628
0.766635
0.766644
0.766744
0.766754
0.766801
0.766807
0.766871
0.766908
0.766924
0.766938
0.766967
0.76699
0.767001
0.767081
0.767164
0.767176
0.767211
0.767234
0.767324
0.767387
0.767416
0.767471
0.767487
0.767547
0.767551
0.767585
0.767637
0.767637
0.767647
0.767667
0.767668
0.767681
0.767681
0.767758
0.767781
0.767871
0.76794
0.767977
0.767995
0.768074
0.76809
0.768091
0.768164
0.768203
0.768208
0.768261
0.768301
0.768351
0.768377
0.768378
0.768381
0.768401
0.76847
0.768547
0.7686
0.768611
0.768648
0.76865
0.768655
0.76868
0.76869
0.76871
0.76875
0.768755
0.768791
0.7688
0.768825
0.768831
0.768854
0.768854
0.768951
0.769034
0.769043
0.769048
0.769071
0.769121
0.769124
0.769188
0.769231
0.769274
0.769397
0.769401
0.769427
0.769485
0.769501
0.769504
0.769505
0.769525
0.769541
0.769547
0.769548
0.769551
0.769565
0.769584
0.769604
0.769648
0.769667
0.769671
0.769733
0.769785
0.769843
0.769873
0.769884
0.7699
0.769908
0.769931
0.769985
0.769998
0.770066
0.77008
0.770155
0.770244
0.77025
0.770254
0.770267
0.770321
0.770378
0.770381
0.770391
0.770455
0.770503
0.770565
0.770597
0.770604
0.770691
0.770713
0.770721
0.770741
0.770767
0.77095
0.771014
0.771067
0.771126
0.771211
0.771227
0.771277
0.771285
0.771338
0.771383
0.771384
0.771464
0.771464
0.771471
0.771553
0.771564
0.771581
0.771638
0.771641
0.771678
0.771685
0.771695
0.771714
0.771745
0.771784
0.771804
0.771828
0.771864
0.771918
0.771961
0.771978
0.772014
0.772015
0.772017
0.772038
0.772048
0.772086
0.772088
0.772114
0.772124
0.772131
0.772151
0.772207
0.77222
0.772267
0.772327
0.772417
0.772418
0.772441
0.772461
0.772475
0.772484
0.772567
0.77257
0.772571
0.772571
0.772581
0.77263
0.772651
0.772684
0.772684
0.772725
0.772773
0.772777
0.772834
0.772994
0.773001
0.773073
0.773115
0.773174
0.773175
0.773297
0.773304
0.77333
0.773331
0.773418
0.773451
0.773477
0.773477
0.773514
0.773545
0.773554
0.773644
0.773674
0.773707
0.773727
0.77373
0.773753
0.773761
0.773864
0.773868
0.773871
0.773887
0.773891
0.773907
0.773968
0.774028
0.77413
0.774137
0.774153
0.774164
0.77422
0.774325
0.774344
0.774344
0.774358
0.774391
0.774397
0.774434
0.774457
0.774468
0.77454
0.774571
0.774578
0.774593
0.774714
0.77477
0.774804
0.774824
0.774834
0.774891
0.775
0.775021
0.775034
0.775047
0.775087
0.775087
0.775111
0.775137
0.775148
0.775167
0.775181
0.775238
0.775304
0.775311
0.775344
0.77538
0.775404
0.775428
0.775443
0.775454
0.775461
0.775481
0.775521
0.775521
0.775577
0.775614
0.775671
0.775674
0.775705
0.775744
0.77575
0.77578
0.775781
0.775793
0.775798
0.775804
0.77582
0.775861
0.775884
0.77592
0.775944
0.775983
0.776017
0.776041
0.776074
0.776147
0.776174
0.77625
0.776281
0.776317
0.776336
0.776351
0.776391
0.776407
0.776476
0.776567
0.776577
0.776603
0.776715
0.776731
0.776791
0.776921
0.776958
0.777001
0.777058
0.777071
0.777087
0.777108
0.77715
0.777231
0.777291
0.777311
0.777375
0.777404
0.777461
0.777471
0.777521
0.77753
0.777581
0.777615
0.777667
0.777827
0.777834
0.777844
0.777864
0.777898
0.777904
0.778037
0.778053
0.778105
0.778167
0.778167
0.778327
0.778378
0.778394
0.778484
0.778564
0.778657
0.778657
0.778662
0.778754
0.778767
0.778768
0.778771
0.778784
0.77883
0.778844
0.778858
0.778863
0.778927
0.778947
0.778994
0.779027
0.779094
0.779103
0.779104
0.77912
0.779231
0.77924
0.779288
0.779351
0.779424
0.779457
0.779458
0.779467
0.779485
0.779644
0.779781
0.779831
0.77989
0.779897
0.779981
0.779991
0.780027
0.780067
0.780091
0.780115
0.780204
0.780287
0.780288
0.78031
0.780351
0.780354
0.780361
0.780377
0.780405
0.780494
0.780533
0.78059
0.780594
0.780691
0.780704
0.780743
0.780781
0.780858
0.780934
0.780964
0.780981
0.780994
0.781001
0.781061
0.781113
0.781134
0.781164
0.781234
0.781246
0.781251
0.781268
0.781357
0.781476
0.781501
0.781631
0.781678
0.781776
0.781791
0.781817
0.781887
0.782033
0.782283
0.782331
0.782334
0.782433
0.782448
0.782477
0.782545
0.782707
0.782748
0.782953
0.78297
0.782971
0.782987
0.783001
0.783027
0.783041
0.783088
0.783218
0.783308
0.78343
0.783481
0.783524
0.783634
0.783641
0.783737
0.783764
0.783863
0.783907
0.78394
0.784165
0.784245
0.784301
0.784315
0.784418
0.784441
0.784443
0.784521
0.78459
0.784671
0.784684
0.78469
0.784704
0.784807
0.784818
0.784834
0.784897
0.784921
0.784944
0.785054
0.785058
0.785113
0.785158
0.785231
0.785248
0.785258
0.785301
0.78534
0.785498
0.785518
0.785561
0.785643
0.785658
0.785728
0.785821
0.785844
0.785983
0.786018
0.786061
0.786134
0.78618
0.786195
0.786211
0.786234
0.786294
0.786337
0.786367
0.786384
0.786428
0.786725
0.786931
0.786964
0.78702
0.78711
0.787123
0.787228
0.787255
0.787267
0.787274
0.7873
0.787437
0.787451
0.787571
0.787744
0.787803
0.787908
0.787946
0.787964
0.788014
0.788021
0.788124
0.788147
0.788171
0.788187
0.788225
0.788325
0.788345
0.7884
0.7884
0.788414
0.788451
0.788464
0.78847
0.788488
0.788507
0.788541
0.788545
0.788597
0.788621
0.788623
0.788677
0.788678
0.788778
0.788818
0.788898
0.788928
0.788941
0.78898
0.789014
0.789037
0.789055
0.789077
0.789084
0.789115
0.789129
0.789138
0.789208
0.789234
0.789468
0.789534
0.789581
0.789671
0.789733
0.789767
0.78983
0.789861
0.789861
0.789868
0.789914
0.789915
0.790104
0.790138
0.790154
0.790161
0.790178
0.79021
0.790297
0.790331
0.79034
0.790391
0.790463
0.790534
0.790608
0.790667
0.790787
0.790828
0.790831
0.790931
0.79105
0.791121
0.791124
0.791161
0.791198
0.791335
0.791397
0.791574
0.791721
0.791747
0.791817
0.791838
0.79189
0.792121
0.792124
0.792137
0.79238
0.792474
0.792574
0.792671
0.792711
0.792773
0.792774
0.792861
0.792979
0.793181
0.793231
0.793234
0.79326
0.793268
0.793387
0.793434
0.793508
0.793514
0.79352
0.793547
0.793584
0.793657
0.793894
0.793941
0.794105
0.79412
0.794171
0.794201
0.794258
0.794478
0.794533
0.794574
0.794597
0.794601
0.794676
0.794711
0.79472
0.794731
0.794734
0.794834
0.79503
0.795035
0.795051
0.795091
0.79515
0.795194
0.795211
0.795284
0.795291
0.795311
0.795341
0.795374
0.795377
0.795416
0.795757
0.795893
0.795928
0.795974
0.796264
0.796284
0.796345
0.796377
0.796388
0.79641
0.796527
0.796607
0.796681
0.796698
0.796738
0.796929
0.797
0.797001
0.797014
0.797014
0.797105
0.797231
0.797303
0.797377
0.797404
0.797427
0.797741
0.797798
0.797874
0.798001
0.798194
0.798241
0.798245
0.7983
0.798477
0.798584
0.798607
0.79862
0.798697
0.798775
0.798854
0.798967
0.799071
0.799084
0.799324
0.799455
0.799487
0.799531
0.799564
0.799644
0.799648
0.79973
0.799747
0.799774
0.799908
0.799947
0.800008
0.800054
0.800101
0.800167
0.800197
0.800228
0.800251
0.800263
0.800271
0.800317
0.800471
0.800497
0.80074
0.800897
0.800968
0.800984
0.801087
0.801088
0.801124
0.801181
0.80122
0.801278
0.801547
0.801564
0.801724
0.801741
0.80178
0.801901
0.801968
0.802028
0.802105
0.80257
0.802591
0.802681
0.802818
0.802911
0.803023
0.803067
0.8032
0.803294
0.803441
0.803554
0.803597
0.803707
0.803767
0.804034
0.804084
0.804131
0.80414
0.804158
0.804171
0.804173
0.804294
0.804338
0.804387
0.80443
0.804685
0.804788
0.804951
0.805007
0.805008
0.805075
0.805157
0.805337
0.805431
0.805584
0.805707
0.805767
0.805793
0.8059
0.806021
0.806107
0.806157
0.80617
0.806277
0.806427
0.806434
0.806538
0.806757
0.806788
0.806861
0.807118
0.807361
0.807418
0.807591
0.807664
0.807741
0.807901
0.808137
0.808294
0.808294
0.808294
0.808554
0.808594
0.808837
0.808884
0.808904
0.808904
0.808908
0.809321
0.809458
0.809464
0.809617
0.809828
0.809868
0.809888
0.81005
0.810094
0.810114
0.810241
0.810311
0.81048
0.810497
0.810543
0.810571
0.810617
0.810748
0.810791
0.81095
0.811104
0.811125
0.81137
0.811607
0.811657
0.811754
0.811788
0.811874
0.812003
0.812008
0.812104
0.812205
0.812256
0.812427
0.812657
0.812867
0.813286
0.813371
0.813404
0.813611
0.813647
0.813687
0.813711
0.813768
0.813941
0.813961
0.813967
0.81412
0.814625
0.814681
0.814801
0.815184
0.815331
0.81572
0.815761
0.815864
0.816204
0.816271
0.816325
0.816561
0.816644
0.81682
0.816988
0.817104
0.817404
0.817448
0.817578
0.817874
0.817881
0.818184
0.81834
0.818361
0.818408
0.818507
0.818514
0.818571
0.818725
0.818778
0.818867
0.819144
0.819561
0.819707
0.819728
0.819734
0.819807
0.819847
0.820024
0.820041
0.820058
0.820064
0.820268
0.820491
0.820547
0.820565
0.821221
0.821341
0.821441
0.821554
0.821631
0.821734
0.821737
0.822011
0.822214
0.822324
0.822575
0.822871
0.822891
0.823075
0.823194
0.82344
0.823467
0.823804
0.823938
0.824088
0.824141
0.824174
0.824521
0.824637
0.824848
0.825174
0.825197
0.825238
0.825491
0.825584
0.825594
0.825718
0.825917
0.826007
0.826097
0.826168
0.826241
0.826378
0.8265
0.826768
0.826801
0.826811
0.827088
0.827187
0.827224
0.82723
0.827291
0.827417
0.827421
0.827461
0.827534
0.827555
0.827844
0.828188
0.828243
0.828271
0.828374
0.828486
0.828884
0.828983
0.829224
0.829241
0.829918
0.829951
0.830064
0.830364
0.830674
0.830777
0.830867
0.830884
0.83095
0.83097
0.830987
0.831037
0.831097
0.831298
0.831393
0.831497
0.831921
0.832241
0.832474
0.832747
0.832983
0.833074
0.833368
0.833408
0.833798
0.833831
0.833843
0.834158
0.834235
0.834384
0.834591
0.834901
0.834974
0.835201
0.835214
0.835371
0.835508
0.835568
0.835644
0.835677
0.83568
0.835878
0.835968
0.83602
0.836055
0.836234
0.836387
0.836427
0.836701
0.836763
0.836924
0.836925
0.836991
0.837114
0.837667
0.837961
0.838081
0.838224
0.83857
0.838901
0.838964
0.839131
0.839221
0.839264
0.839484
0.839574
0.839577
0.839677
0.839711
0.839947
0.83997
0.840044
0.840198
0.840431
0.840611
0.840624
0.84111
0.841344
0.841408
0.841484
0.841671
0.841761
0.841834
0.841846
0.841921
0.842027
0.842641
0.842935
0.843581
0.843694
0.844298
0.844454
0.844723
0.845724
0.845988
0.846178
0.846228
0.846341
0.846747
0.847011
0.847307
0.847331
0.847564
0.847735
0.847755
0.848165
0.848241
0.848557
0.848848
0.848917
0.849011
0.849096
0.849318
0.849353
0.849694
0.849978
0.85013
0.850141
0.850207
0.850554
0.850705
0.851414
0.851751
0.852381
0.8527
0.852927
0.853444
0.85372
0.854038
0.854514
0.855141
0.855185
0.855234
0.855384
0.855423
0.855638
0.855763
0.856141
0.856145
0.856171
0.856391
0.856497
0.856554
0.856561
0.856961
0.857191
0.857324
0.857504
0.857521
0.858474
0.858517
0.85857
0.858597
0.858787
0.859437
0.859737
0.859904
0.859921
0.860044
0.860751
0.86078
0.860811
0.861334
0.861544
0.861627
0.861684
0.862218
0.862421
0.862468
0.862631
0.86283
0.863304
0.86342
0.863628
0.864071
0.864237
0.864758
0.865111
0.865401
0.865723
0.865784
0.865788
0.865961
0.866061
0.866148
0.867177
0.867561
0.867779
0.867824
0.867984
0.868173
0.868184
0.868287
0.868314
0.868457
0.868524
0.868648
0.868757
0.869018
0.869678
0.869784
0.869967
0.870334
0.870418
0.870754
0.870774
0.870998
0.871063
0.871264
0.871301
0.871767
0.871984
0.872298
0.872454
0.872475
0.872621
0.872897
0.873028
0.873464
0.873521
0.873721
0.87384
0.873854
0.874004
0.874211
0.874419
0.874631
0.874678
0.874747
0.874771
0.874917
0.874985
0.875548
0.8758
0.875804
0.876244
0.876968
0.877048
0.877341
0.877361
0.877487
0.877661
0.877868
0.878461
0.878511
0.878641
0.879134
0.879398
0.87941
0.879698
0.880028
0.880224
0.880668
0.881994
0.882735
0.884824
0.884924
0.885031
0.885047
0.885141
0.885934
0.886254
0.886508
0.886664
0.886907
0.886991
0.887077
0.887728
0.888354
0.888748
0.88885
0.889148
0.889558
0.889744
0.889904
0.890548
0.890678
0.892751
0.893421
0.893647
0.893901
0.894004
0.894168
0.894281
0.894357
0.894501
0.895311
0.89591
0.896118
0.896181
0.896504
0.896878
0.897934
0.897977
0.89822
0.89848
0.898921
0.899145
0.899515
0.899667
0.899791
0.900068
0.900211
0.902201
0.90231
0.902547
0.903371
0.904111
0.904875
0.905311
0.905574
0.905815
0.906221
0.906631
0.90701
0.907941
0.90806
0.908351
0.909371
0.909561
0.910397
0.910511
0.911704
0.911731
0.911811
0.912081
0.912284
0.912347
0.912457
0.912547
0.913471
0.914114
0.914138
0.915121
0.916155
0.916567
0.916588
0.916647
0.916828
0.917068
0.917344
0.917408
0.918348
0.918461
0.920301
0.920474
0.920805
0.921181
0.921184
0.921514
0.922501
0.922684
0.922704
0.922801
0.922905
0.922941
0.923524
0.924158
0.924714
0.926158
0.92661
0.926681
0.926754
0.926761
0.928701
0.928731
0.929767
0.931674
0.932148
0.932585
0.932647
0.933361
0.933827
0.934241
0.934484
0.934611
0.934624
0.935094
0.935914
0.936471
0.937377
0.937642
0.937954
0.939481
0.941235
0.943094
0.943664
0.944997
0.945694
0.945734
0.946007
0.94629
0.946514
0.946564
0.947844
0.947915
0.94802
0.949284
0.949327
0.950381
0.951134
0.951404
0.952657
0.954081
0.954677
0.955964
0.956241
0.958074
0.958497
0.958603
0.958668
0.959237
0.959264
0.960071
0.960108
0.960297
0.960514
0.964814
0.965028
0.965471
0.966264
0.966891
0.967188
0.968088
0.968254
0.968281
0.968483
0.970995
0.971488
0.973471
0.974508
0.975977
0.976134
0.976274
0.977014
0.979434
0.979784
0.980464
0.981721
0.981841
0.982141
0.982198
0.983004
0.983211
0.983281
0.984894
0.985365
0.986107
0.987207
0.98817
0.988427
0.988714
0.988748
0.988901
0.989797
0.989824
0.989938
0.991244
0.991375
0.993251
0.993325
0.993331
0.993538
0.993774
0.994694
0.994841
0.995808
0.996061
0.996141
0.997304
0.997794
0.998781
0.998877
0.998974
1.000667
1.00237
1.00286
1.004688
1.005224
1.005267
1.00957
1.012817
1.01345
1.015418
1.017708
1.019354
1.020054
1.020091
1.024311
1.024328
1.028301
1.034221
1.035288
1.035947
1.036357
1.036801
1.037594
1.040207
1.041064
1.041501
1.045697
1.046941
1.049321
1.049458
1.050074
1.052215
1.052711
1.054108
1.054234
1.058621
1.059588
1.059785
1.062457
1.064097
1.065977
1.066564
1.066894
1.067395
1.070318
1.070504
1.072207
1.072446
1.073644
1.077565
1.078522
1.080154
1.081318
1.081401
1.083474
1.086664
1.087831
1.091757
1.092188
1.093658
1.094337
1.098501
1.105201
1.106121
1.106828
1.109711
1.109845
1.115178
1.116631
1.117864
1.118697
1.119955
1.120217
1.121181
1.121581
1.122247
1.123441
1.125721
1.125791
1.126186
1.126301
1.127101
1.128141
1.128614
1.130578
1.130788
1.133788
1.135408
1.136601
1.143684
1.147044
1.147455
1.147861
1.153507
1.157108
1.157421
1.158478
1.158801
1.161388
1.163625
1.165601
1.167951
1.168878
1.169108
1.169625
1.173077
1.182934
1.183731
1.184108
1.185021
1.185118
1.185375
1.190145
1.190218
1.190318
1.191551
1.192288
1.193031
1.194035
1.196564
1.196678
1.198094
1.200158
1.200571
1.201201
1.204631
1.204669
1.211201
1.211565
1.212048
1.212871
1.214204
1.215428
1.216078
1.216878
1.217508
1.218391
1.220918
1.221674
1.224277
1.225208
1.227368
1.229531
1.230481
1.231035
1.234365
1.235151
1.235805
1.237598
1.238695
1.239261
1.244691
1.246165
1.247934
1.249955
1.251471
1.251641
1.253835
1.254034
1.260047
1.263074
1.265755
1.266039
1.272808
1.278101
1.278404
1.284215
1.287411
1.291374
1.292058
1.293158
1.304075
1.308147
1.308997
1.309244
1.313095
1.316418
1.316661
1.316888
1.317507
1.320531
1.321318
1.325951
1.329247
1.334427
1.342214
1.345398
1.347861
1.356391
1.363518
1.364894
1.364961
1.368214
1.378071
1.392991
1.396504
1.439874
1.448654
1.553459
1.579941
