1.618652
1.653365
1.693218
1.700362
1.719652
1.770121
1.787951
1.787968
1.807741
1.808549
1.812629
1.813505
1.818455
1.822145
1.836162
1.844625
1.850158
1.861405
1.864605
1.866742
1.877092
1.880315
1.881161
1.881169
1.883152
1.885002
1.886249
1.896129
1.896426
1.899125
1.899412
1.904256
1.906101
1.908148
1.909492
1.916035
1.916706
1.926282
1.928038
1.928588
1.928759
1.929549
1.932692
1.935942
1.939265
1.943359
1.944045
1.945092
1.945835
1.950068
1.954368
1.956821
1.958935
1.960799
1.960919
1.961474
1.962005
1.968015
1.969069
1.969375
1.970449
1.970468
1.971776
1.972508
1.972896
1.973852
1.973902
1.978175
1.979528
1.981965
1.982356
1.983498
1.984072
1.985015
1.985272
1.988035
1.988209
1.990039
1.990845
1.991452
1.991776
1.991778
1.992469
1.992535
1.995046
1.995279
1.995306
1.995696
1.995842
1.997099
1.997719
1.998536
1.998845
2.002459
2.002985
2.004005
2.004049
2.004105
2.005596
2.006934
2.006948
2.007495
2.008335
2.008764
2.009126
2.009849
2.010778
2.011372
2.011545
2.011548
2.012348
2.013414
2.013432
2.013595
2.014146
2.014666
2.015299
2.015962
2.015999
2.017325
2.017492
2.018088
2.018531
2.019679
2.020432
2.020885
2.021292
2.022381
2.023935
2.024652
2.025349
2.025392
2.026065
2.026646
2.026915
2.027499
2.027515
2.027785
2.028229
2.028605
2.030722
2.031979
2.032615
2.033082
2.034386
2.036665
2.036845
2.037545
2.037675
2.037905
2.038245
2.039121
2.039515
2.040772
2.040975
2.041022
2.041572
2.041832
2.041966
2.044205
2.046095
2.047951
2.048545
2.049571
2.049893
2.050229
2.052169
2.052595
2.052716
2.053534
2.053861
2.054029
2.054478
2.056475
2.057712
2.057762
2.058645
2.058842
2.060398
2.060559
2.060975
2.061565
2.061732
2.062085
2.062422
2.062822
2.063536
2.064252
2.065738
2.066412
2.067478
2.068011
2.068629
2.068662
2.070212
2.071245
2.071285
2.072565
2.073332
2.073779
2.073979
2.074411
2.077072
2.078152
2.078378
2.078882
2.078965
2.079482
2.079696
2.080005
2.080342
2.080572
2.081212
2.081278
2.082429
2.082999
2.083812
2.083838
2.084389
2.084519
2.085666
2.087408
2.088339
2.088465
2.089846
2.090902
2.090982
2.091345
2.092602
2.092995
2.092998
2.093955
2.094005
2.094132
2.094576
2.094624
2.095812
2.096242
2.096555
2.096655
2.097018
2.098438
2.098875
2.099485
2.100055
2.101452
2.101482
2.102172
2.102829
2.105942
2.106608
2.107526
2.107908
2.108153
2.108375
2.108509
2.108586
2.109532
2.109849
2.109905
2.110518
2.110592
2.110708
2.110822
2.110959
2.111008
2.111749
2.112062
2.112242
2.112473
2.112959
2.112992
2.113032
2.113225
2.113419
2.113852
2.114079
2.114275
2.114335
2.114525
2.114909
2.115543
2.116076
2.117013
2.117382
2.117756
2.117778
2.118366
2.118486
2.118965
2.119078
2.119272
2.119459
2.119812
2.119932
2.120368
2.120868
2.121003
2.121179
2.121215
2.121632
2.122266
2.122524
2.123061
2.123132
2.123166
2.123385
2.123508
2.124605
2.125335
2.125706
2.126575
2.126842
2.127566
2.127589
2.128109
2.128372
2.128465
2.128728
2.129325
2.129679
2.129948
2.130065
2.130282
2.130765
2.131385
2.131455
2.131475
2.133045
2.133512
2.133832
2.134436
2.134592
2.136238
2.136442
2.136526
2.136568
2.136642
2.136662
2.136749
2.136925
2.136998
2.137688
2.137905
2.137915
2.138051
2.138256
2.138669
2.138915
2.139118
2.139406
2.140266
2.140765
2.140968
2.141052
2.141265
2.141391
2.142472
2.142612
2.143029
2.143182
2.143262
2.143318
2.143672
2.143729
2.143755
2.144235
2.144565
2.144759
2.144919
2.145715
2.145972
2.145989
2.146456
2.147272
2.147275
2.148262
2.148538
2.148866
2.148882
2.149445
2.149546
2.149659
2.149812
2.149909
2.150175
2.150892
2.151169
2.151242
2.151326
2.151395
2.152316
2.152432
2.152472
2.152486
2.152579
2.152598
2.152726
2.152812
2.152972
2.152978
2.153155
2.153409
2.153436
2.153682
2.153731
2.153776
2.154269
2.154532
2.154892
2.154975
2.155089
2.155162
2.155275
2.155602
2.155802
2.155868
2.156042
2.156079
2.156105
2.156162
2.156222
2.156236
2.156266
2.156612
2.156768
2.157099
2.157172
2.157399
2.157409
2.157689
2.157752
2.157822
2.157959
2.158059
2.158212
2.158369
2.158602
2.158605
2.158662
2.158742
2.158892
2.158952
2.159025
2.159082
2.159229
2.159472
2.159579
2.159598
2.160032
2.160162
2.160308
2.160318
2.160676
2.161142
2.161171
2.161275
2.161286
2.161359
2.161595
2.161599
2.161636
2.161759
2.161845
2.161898
2.162132
2.162289
2.162578
2.162772
2.162822
2.163021
2.163266
2.163389
2.163528
2.163716
2.164156
2.164656
2.164685
2.164815
2.164992
2.165252
2.165296
2.165426
2.165529
2.165626
2.165699
2.166008
2.166152
2.166159
2.166418
2.166568
2.166766
2.166842
2.166968
2.167065
2.167178
2.167302
2.167435
2.167512
2.167533
2.167659
2.167669
2.167688
2.167859
2.168048
2.168075
2.168122
2.168129
2.168159
2.168172
2.168178
2.168262
2.168416
2.168582
2.168695
2.168849
2.169125
2.169192
2.169305
2.169625
2.169849
2.169862
2.170035
2.170082
2.170219
2.170255
2.170512
2.170515
2.170742
2.170835
2.170899
2.171096
2.171112
2.171259
2.171282
2.171605
2.171783
2.171786
2.171939
2.171965
2.172006
2.172041
2.172109
2.172338
2.172362
2.172393
2.172422
2.172432
2.172492
2.172512
2.172939
2.172945
2.172972
2.172975
2.172999
2.173075
2.173386
2.173389
2.173415
2.173529
2.173729
2.173736
2.174076
2.174279
2.174359
2.174405
2.174429
2.174442
2.174472
2.174478
2.174556
2.174596
2.174645
2.174751
2.174765
2.1748
2.175446
2.175518
2.175522
2.175669
2.175782
2.175795
2.175832
2.175917
2.176052
2.176072
2.176179
2.176376
2.176415
2.176489
2.176822
2.176826
2.176862
2.177102
2.177133
2.177166
2.177175
2.177228
2.177249
2.177256
2.177367
2.177449
2.177802
2.177995
2.178045
2.178085
2.178126
2.178178
2.178188
2.178425
2.178446
2.178525
2.178527
2.178533
2.178546
2.178592
2.178669
2.178822
2.178919
2.179042
2.179178
2.179222
2.179265
2.179318
2.179365
2.179528
2.179616
2.179622
2.17965
2.179742
2.179786
2.179882
2.179929
2.179935
2.179942
2.179959
2.180055
2.180085
2.180299
2.180322
2.180595
2.180686
2.180759
2.180872
2.180925
2.181022
2.181046
2.181096
2.181125
2.181182
2.181222
2.181276
2.181282
2.181302
2.181336
2.181342
2.181452
2.181742
2.181822
2.181889
2.181928
2.181948
2.182012
2.182018
2.182199
2.182249
2.182272
2.182289
2.182476
2.182543
2.182576
2.182679
2.182702
2.182722
2.182892
2.183059
2.183062
2.183159
2.183225
2.183232
2.183709
2.183722
2.183906
2.184019
2.184076
2.184112
2.184171
2.184219
2.184255
2.184308
2.184385
2.184409
2.184455
2.184558
2.184572
2.184665
2.184749
2.184931
2.185042
2.185125
2.185282
2.185465
2.185602
2.185669
2.185685
2.185896
2.185902
2.185909
2.185912
2.185992
2.186039
2.186135
2.186382
2.186392
2.186412
2.186412
2.186462
2.186523
2.186556
2.186709
2.186882
2.186965
2.187135
2.187142
2.187218
2.187232
2.187405
2.187452
2.187529
2.187535
2.187625
2.187759
2.187872
2.187902
2.187933
2.188088
2.188089
2.188143
2.188232
2.188269
2.188429
2.188452
2.188505
2.188539
2.188632
2.188666
2.189088
2.189089
2.189112
2.189319
2.189352
2.189418
2.189512
2.189569
2.189712
2.189769
2.189835
2.189836
2.189878
2.189902
2.189906
2.189926
2.189955
2.190145
2.190192
2.190232
2.190252
2.190262
2.190355
2.190392
2.190469
2.190513
2.190575
2.190619
2.190675
2.190716
2.190826
2.190849
2.190869
2.190948
2.190965
2.190975
2.190979
2.191019
2.191072
2.191076
2.191119
2.191235
2.191242
2.191358
2.191386
2.191542
2.191658
2.191725
2.191799
2.191869
2.192202
2.192249
2.192259
2.192413
2.192514
2.192515
2.192608
2.192649
2.192665
2.192768
2.192792
2.192838
2.192886
2.193086
2.193112
2.193225
2.193249
2.193349
2.193429
2.193539
2.193602
2.193656
2.193715
2.193726
2.193756
2.193766
2.193786
2.193902
2.193912
2.193972
2.194069
2.194155
2.194195
2.194225
2.194296
2.194322
2.194412
2.194435
2.194506
2.194512
2.194543
2.194565
2.194619
2.194645
2.194669
2.194748
2.194819
2.194872
2.194892
2.194929
2.194946
2.194992
2.194999
2.195015
2.195022
2.195053
2.195065
2.195068
2.195159
2.195205
2.195205
2.195238
2.195322
2.195452
2.195459
2.195559
2.195649
2.195666
2.195699
2.19574
2.195742
2.195885
2.195905
2.195912
2.195925
2.195929
2.195965
2.196099
2.196165
2.196282
2.196285
2.196312
2.196425
2.196426
2.196538
2.196592
2.196596
2.196642
2.196749
2.196749
2.196759
2.196861
2.196868
2.196869
2.196962
2.197015
2.197028
2.197045
2.197178
2.197209
2.197215
2.197285
2.197362
2.197379
2.197388
2.197393
2.197595
2.197642
2.197662
2.197739
2.197803
2.197822
2.197846
2.197862
2.197969
2.197972
2.198058
2.198129
2.198135
2.198149
2.198165
2.198169
2.198219
2.198236
2.198279
2.198283
2.198375
2.198509
2.198548
2.198559
2.198568
2.198655
2.198748
2.198769
2.198779
2.198798
2.198835
2.198849
2.198849
2.198966
2.199035
2.199036
2.199042
2.199112
2.199117
2.199168
2.199179
2.199185
2.199202
2.199232
2.199249
2.199306
2.199399
2.199418
2.199463
2.199481
2.199568
2.199585
2.199595
2.199602
2.199772
2.199775
2.199872
2.199938
2.199959
2.199977
2.200029
2.200032
2.200082
2.200135
2.200242
2.200289
2.200296
2.200298
2.200312
2.200368
2.200385
2.200409
2.200439
2.200499
2.200529
2.200539
2.200592
2.200632
2.200682
2.200742
2.200749
2.200766
2.200812
2.200838
2.200869
2.200902
2.200906
2.201019
2.201025
2.201052
2.201052
2.201055
2.201132
2.201178
2.201179
2.201232
2.201242
2.201255
2.201269
2.201375
2.201405
2.201452
2.201455
2.201476
2.201479
2.201488
2.201489
2.201562
2.201576
2.201578
2.201582
2.201595
2.201665
2.201672
2.201782
2.201799
2.201932
2.201959
2.201972
2.202002
2.202022
2.202032
2.202059
2.202152
2.202212
2.202242
2.202246
2.202249
2.202315
2.202322
2.202342
2.202376
2.202435
2.202542
2.202588
2.202705
2.202766
2.202782
2.202785
2.202855
2.202875
2.203015
2.203035
2.203179
2.203199
2.203269
2.203272
2.203325
2.203338
2.203466
2.203469
2.203489
2.203489
2.203655
2.203692
2.203696
2.203718
2.203795
2.203815
2.203816
2.203848
2.203852
2.203895
2.203969
2.203978
2.204035
2.204051
2.204092
2.204115
2.204136
2.204225
2.204239
2.204265
2.204272
2.204276
2.204333
2.204359
2.204365
2.204442
2.204449
2.204499
2.204512
2.204522
2.204522
2.204542
2.204559
2.204582
2.204625
2.204662
2.204672
2.204929
2.204932
2.205013
2.205035
2.205045
2.205065
2.205105
2.205129
2.205149
2.205159
2.205169
2.205219
2.205226
2.205296
2.205359
2.205392
2.205422
2.205482
2.205512
2.205599
2.205609
2.205642
2.205675
2.205815
2.205829
2.205889
2.205906
2.205915
2.205922
2.205958
2.205962
2.205979
2.206023
2.206082
2.206098
2.206108
2.206125
2.206168
2.206198
2.206231
2.206249
2.206292
2.206302
2.206315
2.206362
2.206365
2.206462
2.206718
2.206728
2.206765
2.206772
2.206818
2.206866
2.206895
2.206975
2.207039
2.207162
2.207176
2.20725
2.207252
2.207259
2.207286
2.207328
2.207378
2.207428
2.207498
2.207542
2.207555
2.207649
2.207656
2.207732
2.207735
2.207812
2.207868
2.207882
2.207892
2.207895
2.207896
2.207909
2.207919
2.207926
2.207939
2.208029
2.208129
2.208139
2.208149
2.208158
2.208166
2.208169
2.208175
2.208212
2.208248
2.208265
2.208402
2.208453
2.208456
2.208462
2.208495
2.208532
2.208589
2.208609
2.208609
2.208695
2.208719
2.208732
2.208779
2.208798
2.208988
2.209025
2.209062
2.209096
2.209129
2.209145
2.209146
2.209152
2.209155
2.209165
2.209169
2.209188
2.209202
2.209222
2.209236
2.209252
2.209289
2.209312
2.209313
2.209315
2.209343
2.209363
2.209372
2.209395
2.209509
2.209605
2.209638
2.209679
2.209682
2.209742
2.209749
2.209765
2.209829
2.209832
2.209922
2.210035
2.210068
2.210106
2.210122
2.210139
2.210146
2.210155
2.210228
2.210242
2.210249
2.210255
2.210278
2.210282
2.210372
2.210395
2.210408
2.210439
2.210459
2.210482
2.210532
2.210555
2.210569
2.210579
2.210633
2.210642
2.210688
2.210695
2.210762
2.210812
2.210856
2.210895
2.210972
2.211026
2.211055
2.211085
2.211095
2.211122
2.211122
2.211169
2.211182
2.211189
2.211192
2.211293
2.211322
2.211332
2.211369
2.211382
2.211388
2.211412
2.211415
2.211432
2.211436
2.211439
2.211472
2.211492
2.211532
2.211542
2.211542
2.211545
2.211552
2.211649
2.211692
2.211696
2.211698
2.211719
2.211742
2.211749
2.211832
2.211842
2.211915
2.212015
2.212019
2.212059
2.212085
2.212105
2.212109
2.212122
2.212168
2.212172
2.212195
2.212208
2.212222
2.212248
2.212276
2.212292
2.212292
2.212309
2.212312
2.212329
2.212358
2.212399
2.212472
2.212482
2.212565
2.212572
2.212572
2.212592
2.212615
2.212672
2.212722
2.212755
2.212785
2.212785
2.212865
2.213016
2.213052
2.213118
2.213139
2.213185
2.213222
2.213232
2.213249
2.213305
2.213376
2.213445
2.213455
2.213459
2.213478
2.213479
2.213482
2.213512
2.213535
2.213626
2.213642
2.213643
2.213658
2.213695
2.213708
2.213769
2.213792
2.213822
2.213835
2.213863
2.213872
2.213872
2.213875
2.213949
2.213958
2.213986
2.214042
2.214116
2.214216
2.214219
2.214232
2.214235
2.214246
2.214269
2.214345
2.214399
2.214422
2.214422
2.214462
2.214546
2.214575
2.214612
2.214689
2.214692
2.214702
2.214702
2.214732
2.214762
2.214808
2.214829
2.214855
2.214882
2.215062
2.215066
2.215089
2.215092
2.215095
2.215139
2.215152
2.215165
2.215209
2.215229
2.215235
2.215282
2.215292
2.215315
2.215315
2.215322
2.215346
2.215373
2.215445
2.215449
2.215488
2.215492
2.215539
2.215546
2.215549
2.215549
2.215555
2.215602
2.215615
2.215622
2.215665
2.215682
2.215719
2.215772
2.215778
2.215789
2.215835
2.215859
2.215872
2.215879
2.215882
2.215889
2.215909
2.215942
2.215942
2.215948
2.215998
2.216002
2.216085
2.216089
2.216175
2.216232
2.216235
2.216385
2.216415
2.216415
2.216436
2.216449
2.216495
2.216498
2.216499
2.216525
2.216542
2.216589
2.216592
2.216603
2.216616
2.216642
2.216675
2.216675
2.216692
2.216692
2.216718
2.216739
2.216745
2.216752
2.216756
2.216796
2.216805
2.216829
2.216859
2.216869
2.216889
2.216932
2.216949
2.216968
2.216969
2.216985
2.216986
2.216989
2.217008
2.217025
2.217055
2.217152
2.217155
2.217172
2.217193
2.217193
2.217202
2.217212
2.217226
2.217232
2.217259
2.217262
2.217262
2.217272
2.217342
2.217348
2.217348
2.217369
2.217392
2.217402
2.217412
2.217448
2.217502
2.217566
2.217602
2.217682
2.217685
2.217695
2.217712
2.217722
2.217755
2.217822
2.217832
2.217839
2.217842
2.217845
2.217868
2.217885
2.217888
2.21789
2.217932
2.217952
2.217969
2.218066
2.218068
2.218086
2.218118
2.218122
2.218192
2.218239
2.218243
2.218253
2.218259
2.218276
2.218285
2.218338
2.218349
2.218368
2.218378
2.218466
2.218496
2.218545
2.218546
2.218582
2.218598
2.218609
2.218612
2.218626
2.218665
2.218682
2.218702
2.218708
2.218715
2.218882
2.218892
2.218979
2.218982
2.219009
2.219038
2.219046
2.219049
2.219049
2.219058
2.219075
2.219092
2.219092
2.219095
2.219106
2.219119
2.219192
2.219206
2.219212
2.219226
2.219295
2.219359
2.219372
2.219385
2.219386
2.219441
2.219443
2.219512
2.219528
2.219559
2.219589
2.219599
2.219602
2.219622
2.219648
2.219742
2.219759
2.219765
2.219782
2.219792
2.219832
2.219846
2.219866
2.219919
2.219939
2.219958
2.219969
2.220072
2.220105
2.220176
2.220188
2.220192
2.220209
2.220245
2.220252
2.220252
2.220252
2.220269
2.220272
2.220298
2.220332
2.220366
2.220366
2.220368
2.220375
2.220375
2.220405
2.220405
2.220449
2.220452
2.220475
2.220492
2.220496
2.220542
2.220563
2.220566
2.220572
2.220622
2.220662
2.220685
2.220735
2.22074
2.220772
2.220819
2.220832
2.220842
2.220872
2.220882
2.220889
2.220905
2.220923
2.220945
2.220962
2.220969
2.221035
2.221099
2.221102
2.221176
2.221203
2.221223
2.221269
2.221282
2.221328
2.221362
2.221399
2.221406
2.221435
2.221496
2.221555
2.221586
2.221592
2.221602
2.221616
2.221618
2.221636
2.221646
2.221658
2.221659
2.221715
2.221725
2.221735
2.221815
2.221858
2.221869
2.221889
2.221896
2.221958
2.221958
2.221968
2.221992
2.222015
2.222055
2.222089
2.222108
2.222125
2.222226
2.222229
2.222242
2.222245
2.222269
2.222292
2.222345
2.222362
2.222392
2.222396
2.222402
2.222425
2.222452
2.222459
2.222489
2.222499
2.222538
2.222592
2.222632
2.222661
2.222672
2.222692
2.222705
2.222726
2.222729
2.222755
2.222825
2.222835
2.222839
2.222945
2.222992
2.223076
2.223112
2.223122
2.223132
2.223165
2.223169
2.223206
2.223209
2.223212
2.223219
2.223237
2.223308
2.223309
2.223409
2.223429
2.22344
2.223475
2.223519
2.223521
2.223559
2.223569
2.223609
2.223628
2.223642
2.223649
2.223662
2.223662
2.223742
2.223749
2.223759
2.223766
2.223775
2.223802
2.223815
2.223832
2.223835
2.223962
2.223969
2.224036
2.224049
2.224082
2.224082
2.224089
2.224119
2.224125
2.224143
2.224272
2.224276
2.224286
2.224288
2.224322
2.224322
2.224326
2.224349
2.224356
2.224375
2.224402
2.22446
2.224495
2.224535
2.224606
2.224628
2.224699
2.224705
2.224729
2.224733
2.224772
2.224788
2.224812
2.224816
2.224869
2.224905
2.224949
2.224952
2.224972
2.225002
2.225082
2.225083
2.225116
2.225132
2.225172
2.225189
2.225199
2.225216
2.225238
2.225246
2.225275
2.225282
2.225313
2.225342
2.225346
2.225396
2.225406
2.225409
2.225445
2.225458
2.225462
2.225489
2.225515
2.225526
2.225538
2.225543
2.225572
2.225596
2.225615
2.225622
2.225635
2.225643
2.225655
2.225662
2.225665
2.225675
2.225676
2.225682
2.225699
2.225785
2.225802
2.225805
2.225812
2.225832
2.225868
2.225896
2.225909
2.225945
2.225952
2.225992
2.225995
2.225998
2.226069
2.226073
2.226075
2.226142
2.226152
2.226165
2.226169
2.226185
2.226195
2.226248
2.226252
2.226252
2.226259
2.226316
2.226325
2.226332
2.226335
2.226376
2.226379
2.226395
2.226399
2.226432
2.226445
2.226445
2.226502
2.226512
2.226558
2.226572
2.226596
2.226692
2.226692
2.226809
2.22682
2.226825
2.226842
2.226886
2.226902
2.226957
2.226966
2.226971
2.226982
2.226986
2.227002
2.227011
2.227023
2.227029
2.227029
2.227045
2.227059
2.227062
2.227089
2.227092
2.227129
2.227156
2.227156
2.22717
2.227186
2.227188
2.227192
2.227232
2.227242
2.227282
2.227285
2.227298
2.227332
2.227335
2.227442
2.227446
2.227478
2.227512
2.227518
2.227529
2.227549
2.227582
2.227602
2.227606
2.227609
2.227645
2.227829
2.227869
2.227909
2.227919
2.227929
2.228022
2.228025
2.228059
2.228059
2.228068
2.228106
2.228159
2.228179
2.228232
2.228238
2.228322
2.228328
2.228329
2.228383
2.228385
2.228405
2.228426
2.228435
2.228448
2.228453
2.228503
2.228536
2.228596
2.228615
2.228616
2.228642
2.228649
2.228656
2.228665
2.228809
2.228848
2.228865
2.228932
2.228959
2.228962
2.229019
2.229019
2.229059
2.229082
2.229125
2.229126
2.229135
2.229169
2.229186
2.229216
2.229232
2.229232
2.229289
2.229382
2.229389
2.229405
2.229462
2.229475
2.229485
2.229495
2.229505
2.229555
2.229579
2.229588
2.229602
2.229608
2.229623
2.229645
2.229679
2.229715
2.229719
2.229719
2.229778
2.229782
2.229798
2.229822
2.229832
2.229862
2.229872
2.229893
2.229902
2.229912
2.229921
2.229935
2.229952
2.230036
2.230062
2.230068
2.230068
2.230069
2.230092
2.230109
2.230132
2.230135
2.230152
2.230189
2.230192
2.230196
2.230199
2.230212
2.230295
2.230316
2.230348
2.230365
2.230385
2.230413
2.230419
2.230426
2.230499
2.230516
2.230539
2.230548
2.230565
2.230579
2.230609
2.230628
2.230682
2.230682
2.230728
2.230829
2.230845
2.230862
2.230879
2.230892
2.230895
2.230905
2.230979
2.230982
2.230982
2.231022
2.231042
2.231078
2.231142
2.231149
2.231149
2.231166
2.231192
2.231222
2.231262
2.231335
2.231355
2.231359
2.231379
2.231449
2.231522
2.231532
2.231542
2.231568
2.231569
2.23157
2.231592
2.231602
2.231621
2.231649
2.231699
2.231699
2.231702
2.231712
2.231749
2.231849
2.231858
2.231862
2.231872
2.231882
2.231909
2.231926
2.231929
2.231968
2.231979
2.232052
2.232079
2.232099
2.232142
2.232165
2.232206
2.232209
2.232218
2.232221
2.232222
2.232275
2.232341
2.232349
2.232352
2.232376
2.232379
2.232439
2.232482
2.232522
2.23256
2.232562
2.232585
2.232589
2.232662
2.232678
2.232688
2.232745
2.232749
2.232752
2.232752
2.232765
2.232775
2.232786
2.232795
2.232812
2.232822
2.232852
2.232858
2.232865
2.232872
2.232876
2.232882
2.232892
2.232909
2.232962
2.232972
2.233016
2.233036
2.233036
2.233042
2.233055
2.233072
2.233095
2.23313
2.233155
2.233182
2.233206
2.233222
2.233229
2.233232
2.233268
2.233282
2.233285
2.233345
2.233349
2.233375
2.233379
2.233386
2.233396
2.233406
2.233423
2.233438
2.233456
2.233468
2.233469
2.233472
2.233482
2.233509
2.233535
2.233538
2.233582
2.233608
2.233619
2.233685
2.233692
2.233712
2.233733
2.233742
2.233742
2.233752
2.233769
2.233772
2.233775
2.233782
2.233792
2.233792
2.233812
2.233842
2.233868
2.233885
2.233889
2.233895
2.233902
2.233902
2.233905
2.233942
2.233972
2.233982
2.233982
2.234035
2.234045
2.234072
2.234099
2.234109
2.234136
2.234153
2.234176
2.234191
2.234216
2.234246
2.234275
2.234422
2.234422
2.234422
2.234469
2.234526
2.234532
2.234545
2.234562
2.234575
2.234585
2.234639
2.234668
2.234709
2.234749
2.234765
2.234773
2.234852
2.234866
2.234869
2.234909
2.23493
2.234942
2.234948
2.234952
2.234952
2.234968
2.234989
2.235006
2.235022
2.235042
2.235069
2.235102
2.235106
2.235108
2.235112
2.235116
2.235129
2.235195
2.235202
2.235212
2.235236
2.235246
2.235286
2.235288
2.235303
2.235345
2.235368
2.235382
2.235386
2.235402
2.235421
2.235422
2.235442
2.235509
2.235543
2.235549
2.235556
2.235615
2.235629
2.235632
2.235635
2.235646
2.235709
2.235729
2.235732
2.235735
2.235739
2.235768
2.235768
2.235769
2.235795
2.235799
2.235802
2.235808
2.235842
2.235842
2.235845
2.235889
2.235895
2.235899
2.235902
2.235903
2.235919
2.235922
2.235932
2.235942
2.235949
2.235966
2.235995
2.235999
2.236042
2.236072
2.236088
2.236105
2.236119
2.236128
2.236169
2.236175
2.236192
2.236206
2.236206
2.236222
2.236228
2.236242
2.236268
2.236276
2.236339
2.236362
2.236386
2.236409
2.236425
2.236426
2.236429
2.236439
2.236469
2.236469
2.236502
2.236522
2.236522
2.236522
2.236533
2.236575
2.236586
2.236592
2.236596
2.236629
2.236638
2.236642
2.236658
2.236709
2.236732
2.236742
2.236762
2.236769
2.236769
2.236799
2.236813
2.236822
2.236825
2.236912
2.236942
2.236985
2.236986
2.237038
2.237045
2.23706
2.237079
2.237115
2.237125
2.237153
2.237168
2.237179
2.237189
2.237203
2.237205
2.237215
2.237225
2.237228
2.237236
2.237245
2.237248
2.237249
2.237289
2.237299
2.237365
2.237389
2.237405
2.237412
2.237419
2.237452
2.237462
2.237478
2.237515
2.237532
2.237576
2.237593
2.237595
2.237612
2.237629
2.237645
2.237652
2.23766
2.237726
2.237732
2.237766
2.237772
2.237775
2.237782
2.237786
2.237799
2.237802
2.23781
2.237819
2.237855
2.237895
2.237909
2.237922
2.237925
2.237928
2.23796
2.237988
2.237999
2.237999
2.237999
2.238003
2.238026
2.238049
2.238062
2.238072
2.238079
2.238135
2.238145
2.238145
2.238159
2.238162
2.238162
2.238173
2.238175
2.238195
2.238235
2.238249
2.238265
2.238305
2.238306
2.238345
2.238348
2.238388
2.2384
2.238422
2.238435
2.238436
2.238482
2.238502
2.238509
2.238548
2.238562
2.238566
2.238572
2.238576
2.238582
2.238602
2.238672
2.238686
2.238699
2.238702
2.238719
2.238742
2.238861
2.238885
2.238892
2.238942
2.238986
2.239012
2.239026
2.239052
2.23908
2.239089
2.239112
2.239116
2.239136
2.239149
2.239166
2.239169
2.239176
2.239176
2.239195
2.239199
2.239228
2.239236
2.239256
2.239262
2.239268
2.239268
2.239282
2.239299
2.239306
2.239309
2.239312
2.239335
2.239339
2.239372
2.239372
2.23938
2.239382
2.239385
2.239408
2.239452
2.239462
2.239469
2.239476
2.239478
2.239519
2.239526
2.239545
2.239549
2.239549
2.239569
2.239572
2.239609
2.239622
2.239642
2.239655
2.239659
2.239719
2.239738
2.239765
2.239775
2.239782
2.239798
2.239805
2.239805
2.239823
2.239839
2.239856
2.239859
2.239859
2.239892
2.239898
2.2399
2.239956
2.239975
2.239989
2.240032
2.240061
2.240069
2.240072
2.240085
2.240106
2.240152
2.240152
2.240169
2.240175
2.240176
2.240186
2.240229
2.240232
2.240233
2.240245
2.240252
2.240252
2.240272
2.240299
2.240332
2.240342
2.240368
2.240372
2.240395
2.240402
2.240425
2.240442
2.240488
2.240505
2.240529
2.240585
2.240592
2.240605
2.240659
2.240662
2.240675
2.240675
2.240678
2.240742
2.240743
2.240776
2.240799
2.24086
2.240909
2.240912
2.240915
2.240925
2.240929
2.240929
2.240949
2.240952
2.240969
2.240985
2.240986
2.240999
2.241002
2.241022
2.241056
2.241062
2.241069
2.241088
2.24109
2.241092
2.241093
2.241122
2.241133
2.241136
2.241142
2.241176
2.241189
2.241202
2.241202
2.241222
2.241226
2.241252
2.241279
2.241405
2.241415
2.241418
2.241425
2.241446
2.241452
2.241488
2.241506
2.241546
2.241586
2.241595
2.241602
2.241609
2.241616
2.241622
2.241648
2.241649
2.241655
2.241726
2.241735
2.241748
2.241786
2.241812
2.241812
2.241839
2.241859
2.241862
2.241889
2.241898
2.241905
2.241995
2.242003
2.242022
2.242028
2.242052
2.242132
2.242146
2.242222
2.242222
2.242228
2.242229
2.242242
2.242246
2.242272
2.242279
2.242281
2.242292
2.242319
2.242326
2.242355
2.242436
2.242449
2.242466
2.242476
2.242485
2.242489
2.242495
2.242512
2.242525
2.24253
2.242559
2.242579
2.242635
2.242642
2.242682
2.242689
2.242705
2.242708
2.242715
2.242735
2.242776
2.24278
2.242782
2.242785
2.242792
2.242802
2.242802
2.242815
2.242862
2.242869
2.242882
2.242893
2.242896
2.242902
2.242902
2.242962
2.242966
2.242972
2.242977
2.24298
2.242996
2.243005
2.243012
2.243032
2.243036
2.243062
2.243075
2.243092
2.243092
2.243109
2.243146
2.243152
2.243155
2.243229
2.243262
2.243279
2.243302
2.243332
2.243339
2.243389
2.243439
2.243459
2.243462
2.243465
2.243466
2.243482
2.243489
2.243528
2.243576
2.243585
2.243592
2.243658
2.243679
2.243702
2.243705
2.243713
2.243719
2.243732
2.243748
2.243756
2.243763
2.243769
2.243785
2.243789
2.243789
2.243802
2.243805
2.243825
2.243835
2.243836
2.243846
2.243869
2.243872
2.243882
2.243892
2.24392
2.243932
2.243948
2.243998
2.244005
2.244022
2.244022
2.244048
2.244052
2.244092
2.244095
2.244099
2.244116
2.244142
2.244142
2.244166
2.244176
2.244205
2.244215
2.244231
2.244239
2.244245
2.244278
2.244282
2.244302
2.244306
2.244329
2.244329
2.244335
2.244336
2.244339
2.244346
2.244352
2.244382
2.244412
2.244439
2.244443
2.244476
2.244485
2.244505
2.244518
2.244525
2.244529
2.244535
2.244549
2.244579
2.244592
2.244612
2.244632
2.244635
2.244642
2.244676
2.244683
2.244695
2.244698
2.244699
2.244699
2.244715
2.244716
2.244749
2.244789
2.244792
2.244795
2.244799
2.244872
2.244876
2.244916
2.244916
2.244919
2.244919
2.244919
2.244942
2.244952
2.245012
2.245032
2.245045
2.245058
2.245063
2.245068
2.245088
2.245089
2.245089
2.245095
2.245109
2.245109
2.245129
2.245129
2.245142
2.245142
2.245162
2.245165
2.245169
2.245172
2.245172
2.245172
2.245202
2.245222
2.245228
2.245232
2.245248
2.245255
2.245295
2.245315
2.245325
2.245332
2.245338
2.24534
2.245393
2.245402
2.245415
2.245425
2.245475
2.245475
2.245498
2.245499
2.245512
2.245515
2.245535
2.245575
2.245585
2.245616
2.245636
2.245642
2.245645
2.245672
2.245705
2.245726
2.245759
2.245782
2.245789
2.245838
2.245845
2.245875
2.245882
2.245969
2.245969
2.245982
2.245983
2.245985
2.246008
2.246013
2.246016
2.246019
2.246035
2.246042
2.246048
2.246092
2.246095
2.246105
2.246115
2.246125
2.246125
2.246128
2.246155
2.246175
2.246175
2.246185
2.246192
2.246222
2.246258
2.246275
2.246282
2.246299
2.246299
2.246302
2.246322
2.246368
2.246376
2.246386
2.246416
2.246429
2.246436
2.246455
2.246492
2.246539
2.246545
2.246558
2.246582
2.246583
2.246592
2.246595
2.246672
2.246686
2.246695
2.246719
2.246732
2.246733
2.246762
2.246769
2.246778
2.246782
2.246812
2.246838
2.246859
2.246862
2.246866
2.246875
2.246908
2.246919
2.246935
2.246935
2.246936
2.246962
2.247005
2.247012
2.247022
2.247032
2.247039
2.247069
2.247105
2.247129
2.247135
2.247159
2.247166
2.24718
2.247185
2.247188
2.247206
2.247219
2.247249
2.247265
2.247268
2.247285
2.247302
2.247312
2.247313
2.247315
2.247339
2.247352
2.247365
2.247433
2.247435
2.247442
2.247446
2.247495
2.247508
2.247509
2.247509
2.247522
2.247528
2.247528
2.247538
2.247542
2.247545
2.247566
2.247605
2.247666
2.247679
2.247728
2.247759
2.247782
2.247802
2.247805
2.247829
2.247865
2.247869
2.247879
2.247906
2.247935
2.247942
2.247945
2.247948
2.247959
2.247962
2.247978
2.247992
2.247998
2.248012
2.248029
2.248042
2.248099
2.248142
2.248152
2.24816
2.248169
2.248182
2.248212
2.248222
2.248235
2.248242
2.248276
2.248279
2.248322
2.248336
2.248351
2.248362
2.24837
2.248372
2.248372
2.248382
2.248402
2.248402
2.248415
2.248448
2.248479
2.248483
2.248488
2.248499
2.248502
2.248509
2.248509
2.248532
2.248562
2.248576
2.248592
2.248615
2.248619
2.248632
2.248665
2.248679
2.248688
2.248688
2.248695
2.248709
2.248712
2.24874
2.248742
2.248749
2.248765
2.248789
2.248813
2.248819
2.248819
2.248829
2.248865
2.248866
2.248868
2.248905
2.248906
2.248912
2.248919
2.248932
2.248966
2.248979
2.249002
2.249005
2.249009
2.249019
2.249052
2.249052
2.249059
2.249122
2.249156
2.249169
2.249175
2.249192
2.249193
2.249239
2.249242
2.249249
2.249275
2.249292
2.249302
2.249326
2.249342
2.249382
2.249408
2.249413
2.249429
2.249429
2.249456
2.249505
2.249545
2.249559
2.249599
2.249615
2.249623
2.249649
2.249655
2.249709
2.249719
2.249742
2.249756
2.249782
2.249793
2.249802
2.249822
2.249852
2.249862
2.249888
2.249902
2.249905
2.249922
2.249926
2.249926
2.249952
2.250009
2.250045
2.250056
2.250059
2.250059
2.250069
2.250095
2.250109
2.250115
2.250135
2.25016
2.250209
2.250219
2.250228
2.250232
2.250246
2.250246
2.250249
2.250256
2.250263
2.250276
2.250282
2.250302
2.250315
2.250326
2.25033
2.250335
2.250339
2.250356
2.250362
2.250372
2.250402
2.250402
2.250415
2.250419
2.250476
2.250539
2.250572
2.250579
2.250629
2.250629
2.250652
2.250655
2.250692
2.250705
2.250722
2.25074
2.250745
2.250745
2.250795
2.250836
2.250842
2.250852
2.250885
2.250888
2.250905
2.250928
2.250932
2.250935
2.250945
2.250952
2.250969
2.250972
2.250972
2.250979
2.250985
2.250992
2.250999
2.251002
2.251032
2.251059
2.251112
2.251119
2.251138
2.251145
2.251155
2.251175
2.251206
2.251215
2.251259
2.251259
2.251262
2.251318
2.251349
2.251359
2.251402
2.251403
2.251405
2.251405
2.251436
2.251439
2.251449
2.251452
2.251465
2.251575
2.251595
2.251605
2.251608
2.251619
2.251622
2.251658
2.251662
2.251675
2.251686
2.251689
2.251692
2.251709
2.251732
2.251739
2.251749
2.251766
2.251819
2.251819
2.25182
2.251823
2.251835
2.251865
2.251915
2.251919
2.251922
2.251926
2.251959
2.251959
2.251962
2.251976
2.251982
2.251989
2.252042
2.252099
2.2521
2.252102
2.252106
2.252112
2.252141
2.252169
2.252179
2.252275
2.252275
2.252279
2.252306
2.252319
2.252319
2.252346
2.252349
2.252368
2.252369
2.252382
2.252383
2.252402
2.252456
2.252466
2.252508
2.252518
2.252518
2.252525
2.252532
2.252565
2.252578
2.252585
2.252589
2.252595
2.252596
2.252609
2.252612
2.252612
2.252618
2.252619
2.252632
2.252659
2.252665
2.252689
2.252712
2.252716
2.252729
2.252738
2.25274
2.252742
2.252752
2.252755
2.252779
2.252789
2.252792
2.252808
2.252818
2.252819
2.252852
2.252875
2.252876
2.252902
2.252952
2.252952
2.252979
2.252986
2.252998
2.253003
2.253009
2.253025
2.253029
2.253052
2.253052
2.253059
2.253069
2.253102
2.253152
2.253155
2.253162
2.253165
2.253185
2.253196
2.253202
2.253215
2.253216
2.253235
2.253262
2.253299
2.253309
2.253345
2.253405
2.253408
2.253442
2.253445
2.253488
2.253489
2.253498
2.253506
2.253522
2.253529
2.253539
2.253539
2.253589
2.253605
2.253612
2.253632
2.253639
2.253646
2.253669
2.253709
2.253715
2.253725
2.253739
2.253755
2.253762
2.253769
2.253769
2.253778
2.25378
2.253829
2.253866
2.253869
2.253879
2.253889
2.253889
2.253892
2.253936
2.253942
2.253945
2.253945
2.253969
2.254006
2.254019
2.254019
2.254022
2.254022
2.254025
2.254035
2.254045
2.254073
2.254082
2.254085
2.254138
2.254142
2.254152
2.254169
2.254179
2.254189
2.254189
2.254192
2.254209
2.254258
2.254259
2.254312
2.254322
2.254325
2.254345
2.254346
2.254346
2.254349
2.254359
2.254362
2.254366
2.254379
2.254406
2.254512
2.254527
2.254529
2.254546
2.254551
2.254565
2.254592
2.254605
2.254612
2.254621
2.254652
2.254659
2.254678
2.254685
2.254712
2.254735
2.254738
2.254742
2.254762
2.254762
2.254773
2.254776
2.254806
2.254813
2.254832
2.254836
2.254865
2.254909
2.254959
2.254996
2.254998
2.255009
2.255009
2.255042
2.255062
2.255096
2.255102
2.255105
2.255112
2.255112
2.255115
2.255143
2.255169
2.255269
2.255289
2.255306
2.255323
2.255325
2.255336
2.255358
2.255358
2.255379
2.255383
2.255402
2.255418
2.255426
2.255426
2.255432
2.255445
2.255446
2.255466
2.255476
2.255476
2.255486
2.255502
2.255515
2.255532
2.255592
2.255626
2.255632
2.255642
2.255646
2.255655
2.255655
2.255655
2.255662
2.255702
2.255712
2.255729
2.255742
2.255748
2.255792
2.255792
2.255795
2.255802
2.255808
2.255828
2.255829
2.255852
2.255869
2.255875
2.255895
2.255912
2.255925
2.255936
2.255962
2.255966
2.255972
2.256012
2.256025
2.256056
2.256062
2.256125
2.256156
2.256159
2.256172
2.256175
2.256182
2.256188
2.256202
2.256212
2.256232
2.256232
2.256232
2.256245
2.256265
2.256278
2.256285
2.256285
2.256295
2.256308
2.256329
2.256402
2.256403
2.256415
2.256415
2.256539
2.256552
2.256555
2.256632
2.256659
2.256662
2.256692
2.256702
2.256702
2.256705
2.256705
2.256708
2.256719
2.256735
2.256746
2.256779
2.256782
2.2568
2.256802
2.256802
2.256805
2.256809
2.256835
2.256875
2.25688
2.256892
2.256913
2.256932
2.256949
2.256952
2.256955
2.256958
2.256962
2.256962
2.256972
2.256979
2.256982
2.256986
2.256993
2.257002
2.257005
2.257005
2.257019
2.257045
2.257065
2.257082
2.257095
2.257109
2.257115
2.257116
2.257148
2.257165
2.257169
2.257172
2.257185
2.257199
2.257218
2.257226
2.257228
2.257252
2.257266
2.257279
2.257282
2.257286
2.257289
2.257312
2.257316
2.257319
2.257329
2.257348
2.257378
2.257382
2.257388
2.257395
2.257399
2.257402
2.257429
2.257449
2.257452
2.257462
2.257476
2.257486
2.257492
2.257508
2.257515
2.257536
2.257559
2.257562
2.257565
2.257642
2.257648
2.257662
2.257682
2.257686
2.257688
2.257702
2.257729
2.257732
2.257735
2.257736
2.257745
2.257771
2.257779
2.257782
2.257836
2.257845
2.257873
2.257889
2.257928
2.257955
2.257959
2.257962
2.257975
2.258039
2.258042
2.258052
2.258062
2.258075
2.258112
2.258119
2.258142
2.258159
2.258169
2.258169
2.258172
2.258175
2.258179
2.258192
2.258199
2.258202
2.258212
2.258219
2.258232
2.25824
2.258252
2.258269
2.258285
2.258306
2.258329
2.258336
2.258342
2.258342
2.258345
2.258379
2.258406
2.258408
2.258412
2.258445
2.258462
2.258502
2.258526
2.258528
2.258529
2.258532
2.258536
2.258542
2.258572
2.258575
2.258586
2.258598
2.258642
2.258643
2.258645
2.258662
2.258665
2.258695
2.258712
2.258715
2.258725
2.258729
2.258772
2.258818
2.258819
2.258859
2.258889
2.258892
2.258898
2.258916
2.258932
2.258936
2.258995
2.259002
2.259032
2.259049
2.259062
2.259085
2.259108
2.259122
2.259122
2.259129
2.259159
2.25919
2.259192
2.259199
2.259235
2.259262
2.259269
2.259285
2.259289
2.259309
2.259313
2.259332
2.259359
2.259362
2.259369
2.259402
2.259413
2.259419
2.259422
2.259422
2.259436
2.259448
2.259455
2.259462
2.259462
2.259469
2.259495
2.259499
2.259519
2.259539
2.259562
2.259562
2.259568
2.259642
2.259645
2.259675
2.259725
2.259732
2.259796
2.259832
2.259849
2.25986
2.259862
2.259945
2.259952
2.259992
2.259998
2.260009
2.260035
2.260039
2.260075
2.26008
2.260082
2.260096
2.260135
2.260143
2.260149
2.260172
2.260185
2.260185
2.260186
2.260216
2.260219
2.260242
2.260263
2.260265
2.260322
2.260336
2.260382
2.260385
2.260385
2.260388
2.260402
2.260426
2.260472
2.260475
2.260478
2.260502
2.260515
2.260565
2.260576
2.260582
2.260606
2.260606
2.260616
2.260626
2.260632
2.260642
2.260656
2.260676
2.260702
2.260705
2.260705
2.260729
2.260733
2.260735
2.260736
2.260749
2.260756
2.260765
2.260769
2.260783
2.260785
2.260793
2.260809
2.260809
2.260818
2.260826
2.260879
2.260879
2.260882
2.260886
2.260889
2.260906
2.260966
2.260999
2.261002
2.261035
2.261042
2.261063
2.261076
2.261102
2.261112
2.261126
2.261132
2.261169
2.261186
2.261188
2.261202
2.261212
2.261259
2.261276
2.261315
2.261316
2.261317
2.261329
2.261339
2.261349
2.261352
2.261355
2.261356
2.26137
2.261382
2.2614
2.261415
2.261436
2.261472
2.261475
2.261479
2.261496
2.261502
2.261506
2.261515
2.261536
2.261546
2.261575
2.261582
2.261582
2.261589
2.261599
2.261642
2.261676
2.261706
2.261718
2.26173
2.261766
2.261799
2.261835
2.261835
2.261849
2.26185
2.261882
2.261882
2.2619
2.261949
2.261992
2.262076
2.262089
2.262119
2.262168
2.262169
2.262192
2.262192
2.262199
2.262215
2.262216
2.262222
2.262229
2.262262
2.262266
2.262293
2.262302
2.262316
2.262366
2.262382
2.262445
2.262452
2.262479
2.2625
2.262505
2.262509
2.262512
2.262515
2.262525
2.262529
2.262532
2.262546
2.262555
2.262582
2.262589
2.262593
2.262605
2.262626
2.262629
2.262652
2.262665
2.262666
2.262706
2.262706
2.262736
2.262739
2.262751
2.262755
2.262775
2.262775
2.262809
2.262853
2.262855
2.262925
2.262932
2.262942
2.262998
2.26301
2.263016
2.263019
2.263025
2.263035
2.26305
2.263056
2.263059
2.263062
2.263063
2.263065
2.263072
2.263082
2.263095
2.263109
2.263162
2.263163
2.263165
2.263172
2.263195
2.263236
2.263239
2.263252
2.263258
2.263262
2.263282
2.263289
2.263312
2.263345
2.263349
2.263359
2.263368
2.263369
2.263372
2.263406
2.263408
2.263422
2.263445
2.263449
2.263469
2.263472
2.263475
2.263495
2.263502
2.263538
2.263545
2.263549
2.263559
2.263559
2.263566
2.263632
2.263652
2.263672
2.263689
2.263702
2.263703
2.263709
2.263737
2.263755
2.263759
2.263782
2.263803
2.263812
2.263822
2.263849
2.263869
2.263916
2.263925
2.263929
2.263939
2.263982
2.263999
2.264015
2.264032
2.264035
2.264079
2.264112
2.26412
2.264128
2.264129
2.264139
2.264206
2.264238
2.264258
2.264278
2.264292
2.264313
2.264342
2.264365
2.264365
2.264379
2.264379
2.264382
2.264385
2.264392
2.264409
2.264455
2.264509
2.264509
2.264512
2.264526
2.264532
2.264535
2.264539
2.264559
2.264583
2.264593
2.264619
2.264642
2.264646
2.264666
2.264669
2.264715
2.264718
2.264726
2.264755
2.264756
2.264758
2.264809
2.264815
2.264822
2.264843
2.264855
2.264862
2.264863
2.264866
2.264868
2.264873
2.264939
2.264942
2.264952
2.264982
2.264989
2.265015
2.265019
2.265028
2.265052
2.265091
2.265092
2.265092
2.265109
2.265135
2.265228
2.265248
2.265262
2.265262
2.265296
2.265365
2.265389
2.265429
2.265439
2.265472
2.265473
2.265515
2.265575
2.265635
2.265635
2.265636
2.265646
2.265672
2.265678
2.265678
2.265679
2.265686
2.265686
2.265692
2.265697
2.265732
2.265732
2.265735
2.265796
2.265808
2.265819
2.265826
2.265852
2.265869
2.265922
2.265923
2.265965
2.265986
2.265988
2.266009
2.266009
2.266049
2.266119
2.266152
2.266159
2.266172
2.266173
2.266176
2.266198
2.266199
2.266209
2.266216
2.266238
2.266255
2.266282
2.266292
2.266315
2.266355
2.266383
2.266416
2.266422
2.266472
2.266475
2.266485
2.266503
2.266503
2.266519
2.266529
2.26653
2.266536
2.266555
2.266575
2.266576
2.266589
2.266615
2.266632
2.266642
2.266672
2.266696
2.266705
2.266733
2.266739
2.266749
2.266753
2.266775
2.266806
2.266816
2.266833
2.266835
2.266845
2.266848
2.266849
2.266852
2.266862
2.26687
2.266879
2.266882
2.266895
2.266898
2.266925
2.266935
2.266946
2.266988
2.266996
2.267012
2.267019
2.267029
2.267039
2.267072
2.267092
2.267092
2.267098
2.267109
2.267109
2.267112
2.267129
2.267129
2.267129
2.267179
2.267208
2.267219
2.267269
2.267272
2.267273
2.267278
2.267348
2.267365
2.267383
2.267388
2.267418
2.267429
2.267451
2.267458
2.267469
2.267491
2.267496
2.2675
2.267506
2.267529
2.267538
2.267542
2.267542
2.267545
2.267555
2.267599
2.267622
2.267625
2.267705
2.267719
2.267732
2.267745
2.267745
2.267752
2.267759
2.267775
2.267779
2.267798
2.267822
2.267839
2.267839
2.267842
2.267846
2.267849
2.267849
2.267862
2.267876
2.267909
2.267909
2.26792
2.267939
2.267975
2.267992
2.267999
2.268002
2.268006
2.268036
2.268042
2.268045
2.268052
2.268056
2.268066
2.268066
2.268082
2.268088
2.268092
2.268092
2.268099
2.268122
2.268136
2.268142
2.268159
2.268183
2.268189
2.268203
2.268209
2.268222
2.268243
2.268262
2.268273
2.268302
2.268302
2.268309
2.268312
2.268318
2.268325
2.268332
2.268338
2.268343
2.268359
2.268372
2.268405
2.268413
2.268446
2.268455
2.268476
2.268572
2.268579
2.268579
2.268582
2.268589
2.268599
2.268608
2.268613
2.268629
2.268636
2.268649
2.268662
2.268662
2.268732
2.268749
2.268762
2.26877
2.268789
2.268812
2.268833
2.268842
2.268849
2.26885
2.268862
2.268885
2.268889
2.268918
2.268945
2.268966
2.26897
2.269015
2.269016
2.269038
2.269075
2.269125
2.269129
2.269133
2.269145
2.269149
2.269228
2.269236
2.269262
2.269286
2.269372
2.269379
2.269385
2.269415
2.269422
2.269452
2.269458
2.269472
2.269526
2.269532
2.269535
2.269542
2.269562
2.269695
2.269702
2.269729
2.269742
2.269752
2.269778
2.269798
2.269836
2.269852
2.269866
2.269886
2.269889
2.269889
2.269915
2.269915
2.269942
2.269949
2.269972
2.269992
2.269999
2.270042
2.270162
2.270172
2.270206
2.270213
2.270222
2.270226
2.270239
2.270252
2.270255
2.270305
2.270312
2.270325
2.270378
2.270393
2.270408
2.270409
2.270465
2.270472
2.270479
2.270486
2.270492
2.270499
2.270505
2.270538
2.270549
2.270549
2.270578
2.270582
2.270602
2.270635
2.270682
2.270686
2.270688
2.270696
2.270708
2.270709
2.270722
2.270745
2.270756
2.270762
2.270772
2.270772
2.270779
2.270832
2.270852
2.270863
2.270898
2.270905
2.270908
2.270933
2.270949
2.270952
2.270985
2.270986
2.271032
2.271038
2.271038
2.271052
2.271056
2.271059
2.271079
2.271112
2.271112
2.271132
2.271189
2.271202
2.271215
2.271222
2.271229
2.271238
2.271258
2.271322
2.271335
2.271335
2.271348
2.271352
2.271392
2.271409
2.271422
2.271433
2.271436
2.271453
2.271462
2.271468
2.271472
2.271496
2.271512
2.271516
2.271522
2.271565
2.271586
2.271592
2.271598
2.271605
2.271629
2.271636
2.271636
2.271659
2.271672
2.271762
2.271766
2.271857
2.271869
2.271886
2.271902
2.271915
2.271932
2.271989
2.272019
2.272023
2.272052
2.272069
2.272072
2.272072
2.272076
2.272129
2.272142
2.272143
2.272149
2.272182
2.272185
2.272196
2.272222
2.272222
2.272255
2.272255
2.272263
2.272282
2.272292
2.272312
2.272315
2.272346
2.272382
2.272386
2.272389
2.272395
2.272402
2.272442
2.272496
2.272499
2.272519
2.272539
2.272552
2.272592
2.272595
2.272596
2.272658
2.272672
2.272692
2.272693
2.272703
2.272712
2.272716
2.272778
2.272789
2.272882
2.272885
2.272885
2.272948
2.272959
2.272962
2.273002
2.273015
2.273018
2.273019
2.273025
2.273032
2.273042
2.273055
2.273086
2.273095
2.273102
2.273112
2.273132
2.273149
2.273165
2.273172
2.273175
2.273189
2.273192
2.273209
2.273263
2.273272
2.273306
2.273329
2.273342
2.273352
2.273352
2.273365
2.273375
2.273386
2.273392
2.273435
2.273455
2.273479
2.273482
2.273488
2.273489
2.273496
2.273502
2.273515
2.273529
2.273532
2.273563
2.273565
2.273606
2.273616
2.273622
2.273636
2.273652
2.273672
2.273682
2.273699
2.273702
2.273722
2.273725
2.273749
2.273759
2.273789
2.273793
2.273795
2.273822
2.273836
2.273842
2.273845
2.273859
2.273926
2.273932
2.273972
2.273975
2.273982
2.273995
2.273996
2.274012
2.274029
2.274032
2.274042
2.274058
2.274149
2.274236
2.274242
2.274268
2.274306
2.274309
2.274329
2.274338
2.274349
2.274379
2.27438
2.274385
2.274392
2.274416
2.274416
2.274443
2.274455
2.274473
2.274499
2.274499
2.274508
2.274512
2.274523
2.274525
2.274539
2.274548
2.274548
2.274575
2.274603
2.274682
2.274692
2.274715
2.274719
2.274726
2.274738
2.274835
2.274866
2.274902
2.274906
2.274939
2.274986
2.275015
2.275015
2.275048
2.275056
2.275115
2.275116
2.275126
2.275136
2.275145
2.275155
2.275156
2.275175
2.275192
2.275272
2.275282
2.275292
2.275299
2.275319
2.275366
2.275428
2.275428
2.275435
2.275452
2.275466
2.275515
2.275556
2.275632
2.275642
2.275699
2.275705
2.275722
2.275745
2.275745
2.275765
2.275772
2.275773
2.275776
2.275786
2.275826
2.275886
2.275886
2.275898
2.275922
2.275965
2.275972
2.275972
2.276025
2.276035
2.276102
2.276102
2.276119
2.276129
2.276132
2.276139
2.276159
2.276159
2.276178
2.276185
2.276186
2.276192
2.276202
2.276206
2.276212
2.276215
2.276219
2.276219
2.276273
2.276279
2.276285
2.276288
2.276289
2.276292
2.276302
2.276306
2.276382
2.276385
2.276392
2.276422
2.276422
2.276445
2.276462
2.276466
2.276472
2.276479
2.276492
2.276495
2.276499
2.276505
2.276529
2.276572
2.276602
2.276602
2.276612
2.276619
2.276626
2.276628
2.276662
2.276672
2.276678
2.276682
2.276752
2.276769
2.276782
2.276789
2.276792
2.276815
2.276815
2.276832
2.276835
2.276872
2.276875
2.276879
2.276879
2.276895
2.276939
2.276949
2.276962
2.276992
2.276999
2.277035
2.277072
2.277109
2.277122
2.277156
2.27716
2.277182
2.277196
2.277206
2.277215
2.277235
2.27724
2.277276
2.277292
2.27731
2.277322
2.277346
2.277352
2.277372
2.277413
2.277439
2.277539
2.277542
2.277545
2.277583
2.277605
2.277649
2.277682
2.277688
2.277705
2.277716
2.277729
2.277736
2.277742
2.277742
2.277748
2.277792
2.277828
2.277832
2.277915
2.277932
2.277965
2.277966
2.277986
2.278033
2.278052
2.278089
2.278102
2.278123
2.278155
2.278166
2.278172
2.278176
2.278196
2.278222
2.278272
2.278272
2.278289
2.278289
2.278312
2.278322
2.278369
2.278379
2.278392
2.278422
2.278443
2.278445
2.278496
2.278515
2.278532
2.278535
2.278549
2.278599
2.278608
2.278632
2.278645
2.278652
2.278668
2.278698
2.278702
2.278752
2.27876
2.278785
2.278792
2.278836
2.278855
2.278859
2.278869
2.278878
2.278885
2.278886
2.278902
2.278909
2.278962
2.279012
2.279019
2.279025
2.279039
2.279045
2.279082
2.279099
2.279112
2.279126
2.279135
2.279179
2.279196
2.279219
2.279235
2.279242
2.279253
2.279279
2.279302
2.279322
2.279342
2.279345
2.279365
2.279366
2.279379
2.279398
2.279432
2.279459
2.279489
2.279506
2.279509
2.279559
2.279572
2.279616
2.279616
2.279629
2.279653
2.279672
2.27969
2.279693
2.279719
2.279726
2.279738
2.279738
2.279746
2.279756
2.279762
2.279802
2.279818
2.279826
2.279839
2.279855
2.279862
2.279869
2.279932
2.279965
2.279969
2.279969
2.279972
2.279977
2.280015
2.280052
2.280072
2.280082
2.280085
2.280088
2.280095
2.280119
2.280155
2.280182
2.280182
2.280189
2.280239
2.28025
2.280262
2.280282
2.280302
2.280335
2.280346
2.280346
2.280372
2.280376
2.280385
2.280422
2.280435
2.280465
2.280469
2.280479
2.280522
2.280528
2.280542
2.280549
2.280579
2.280606
2.280636
2.280717
2.280746
2.280748
2.280752
2.28078
2.280795
2.280829
2.280842
2.280872
2.280882
2.280892
2.280892
2.280903
2.280955
2.280956
2.280962
2.280963
2.280969
2.281029
2.281048
2.281056
2.281078
2.281095
2.281102
2.281106
2.281108
2.281125
2.281152
2.281175
2.281179
2.281236
2.281246
2.281252
2.281252
2.281262
2.281276
2.281293
2.281296
2.281305
2.281309
2.281312
2.281342
2.281349
2.281365
2.281372
2.281399
2.281408
2.281426
2.281428
2.281445
2.281476
2.281512
2.281543
2.281573
2.281593
2.281605
2.281639
2.281652
2.281699
2.281712
2.281726
2.281726
2.281726
2.281749
2.281756
2.281769
2.281805
2.281825
2.281856
2.281882
2.281888
2.281895
2.281898
2.281922
2.282046
2.282055
2.282062
2.282102
2.282105
2.282122
2.282135
2.282148
2.282159
2.282203
2.282212
2.282232
2.282232
2.282245
2.282248
2.282249
2.282266
2.282269
2.282269
2.282282
2.282332
2.282332
2.282339
2.282375
2.282398
2.282492
2.282505
2.282509
2.282589
2.282592
2.282625
2.282645
2.282645
2.282649
2.282669
2.282673
2.282688
2.282715
2.282739
2.282742
2.282762
2.282782
2.282789
2.282799
2.282862
2.282878
2.282902
2.282932
2.282949
2.282952
2.282952
2.283082
2.283092
2.283115
2.283198
2.283245
2.283262
2.283295
2.283315
2.283326
2.283326
2.283345
2.283362
2.283366
2.283419
2.283478
2.283482
2.283496
2.283512
2.283539
2.283546
2.283555
2.283576
2.283605
2.283629
2.283643
2.283665
2.283706
2.283729
2.283782
2.283806
2.283856
2.283892
2.283902
2.283953
2.283986
2.283989
2.283992
2.284019
2.284022
2.284039
2.284068
2.284076
2.284108
2.284132
2.284132
2.284138
2.284166
2.284172
2.284172
2.284179
2.284188
2.284192
2.284219
2.284229
2.284236
2.284259
2.284282
2.284301
2.284305
2.284379
2.28445
2.284455
2.284459
2.28448
2.284482
2.284482
2.284512
2.284528
2.284562
2.284579
2.284595
2.284642
2.284645
2.284652
2.284675
2.284685
2.284725
2.284729
2.28481
2.284819
2.284829
2.284853
2.284853
2.284856
2.284862
2.284865
2.284879
2.284939
2.284982
2.285048
2.285049
2.285052
2.285069
2.285082
2.285182
2.285186
2.285222
2.285225
2.285232
2.285252
2.285266
2.285286
2.285292
2.285296
2.285377
2.285389
2.285398
2.285419
2.285445
2.285482
2.285489
2.285502
2.285522
2.285522
2.285582
2.285592
2.285609
2.285625
2.285642
2.285645
2.285692
2.285716
2.285742
2.285779
2.285792
2.285806
2.285832
2.285838
2.285839
2.285848
2.285862
2.285862
2.285889
2.285893
2.285907
2.285939
2.285946
2.285972
2.285992
2.286015
2.286022
2.286023
2.286068
2.286143
2.286146
2.286149
2.286162
2.286196
2.286232
2.286249
2.286258
2.286289
2.286289
2.286293
2.286305
2.286312
2.286325
2.286332
2.28637
2.28639
2.286402
2.286409
2.286459
2.286495
2.286502
2.286502
2.286509
2.286515
2.286532
2.286538
2.286552
2.286562
2.286583
2.286606
2.286696
2.286722
2.286745
2.286775
2.286789
2.286829
2.286832
2.286836
2.286842
2.286866
2.286868
2.286882
2.286888
2.286896
2.286922
2.286948
2.286968
2.287003
2.287049
2.287058
2.287058
2.287085
2.287088
2.287109
2.287109
2.287115
2.287125
2.287125
2.287128
2.287136
2.287153
2.287178
2.287199
2.287215
2.287235
2.287252
2.28727
2.287285
2.287296
2.287366
2.287392
2.287412
2.287415
2.287423
2.287468
2.287542
2.287549
2.287562
2.287572
2.287585
2.287633
2.287639
2.287662
2.287668
2.287699
2.287702
2.287735
2.287895
2.287913
2.287989
2.288005
2.28805
2.288052
2.288092
2.288095
2.288105
2.288109
2.288129
2.288182
2.288183
2.28819
2.288192
2.288208
2.288222
2.288232
2.288259
2.288262
2.288269
2.288289
2.288292
2.288296
2.288309
2.288322
2.288342
2.288345
2.288352
2.288352
2.288352
2.288365
2.288388
2.288402
2.288438
2.288448
2.288459
2.288499
2.288512
2.288563
2.288625
2.288629
2.288632
2.288659
2.288726
2.288752
2.288772
2.288782
2.288802
2.288802
2.288855
2.288859
2.288885
2.288896
2.288908
2.288915
2.288922
2.288925
2.288938
2.288942
2.288949
2.288982
2.289038
2.289049
2.289052
2.289059
2.289089
2.289089
2.289115
2.289122
2.289136
2.289155
2.289216
2.289242
2.289259
2.289262
2.289272
2.289329
2.289336
2.289339
2.289346
2.289358
2.289405
2.289409
2.289415
2.289425
2.289432
2.28945
2.289482
2.289508
2.289532
2.289562
2.289605
2.289622
2.289705
2.289722
2.289745
2.289755
2.289756
2.289762
2.289769
2.289776
2.289789
2.289816
2.289822
2.289846
2.289859
2.289862
2.289865
2.289885
2.289889
2.289893
2.289899
2.289905
2.289913
2.289932
2.289952
2.289959
2.289979
2.289999
2.290015
2.290022
2.290035
2.290059
2.290073
2.290076
2.290082
2.290099
2.290102
2.290115
2.290116
2.290155
2.290175
2.290189
2.290225
2.290239
2.290286
2.290312
2.290312
2.290315
2.290319
2.290349
2.290362
2.290392
2.290405
2.290409
2.290425
2.290425
2.290435
2.29045
2.290488
2.290525
2.290542
2.290573
2.290575
2.290596
2.290622
2.290632
2.290639
2.290662
2.290672
2.290712
2.290752
2.290792
2.290806
2.290806
2.290832
2.290849
2.290862
2.290896
2.290922
2.290942
2.290948
2.290958
2.290976
2.290976
2.290995
2.291009
2.291045
2.291082
2.291099
2.291149
2.291182
2.291186
2.291202
2.291218
2.291245
2.291299
2.291305
2.291325
2.291348
2.291376
2.291382
2.291409
2.291442
2.291459
2.291496
2.291519
2.291535
2.291538
2.291545
2.291552
2.291626
2.291643
2.291652
2.291692
2.291729
2.291786
2.291795
2.291845
2.291862
2.291862
2.291865
2.291868
2.291899
2.291965
2.291992
2.292039
2.292149
2.292165
2.292172
2.2922
2.292206
2.292262
2.292265
2.292276
2.292286
2.292313
2.292319
2.292349
2.292362
2.292372
2.292392
2.292422
2.292435
2.292462
2.292496
2.292502
2.292506
2.292549
2.292555
2.292559
2.292575
2.292608
2.292659
2.292665
2.292722
2.292787
2.2928
2.292846
2.292862
2.292862
2.292922
2.292928
2.292932
2.292935
2.292939
2.292942
2.292949
2.292962
2.292975
2.292999
2.293009
2.293009
2.293043
2.293055
2.293136
2.293156
2.293185
2.293228
2.293256
2.293282
2.293326
2.293335
2.293359
2.293398
2.293402
2.293407
2.293422
2.293449
2.293475
2.293478
2.293488
2.293492
2.293499
2.293559
2.293598
2.293609
2.293612
2.293625
2.293632
2.293663
2.293665
2.293693
2.293696
2.293792
2.293839
2.293842
2.293845
2.293886
2.293909
2.293915
2.293943
2.293959
2.293979
2.293986
2.293988
2.293989
2.293993
2.294008
2.294042
2.294086
2.294086
2.294105
2.294119
2.294122
2.294122
2.294135
2.294182
2.29421
2.294215
2.294252
2.294272
2.294288
2.294305
2.294306
2.294309
2.294326
2.294335
2.294352
2.294372
2.294398
2.294416
2.294442
2.294532
2.294536
2.294567
2.294572
2.294588
2.2946
2.294613
2.294629
2.294642
2.294662
2.294728
2.294782
2.294805
2.294822
2.294922
2.294933
2.294955
2.294957
2.294962
2.295003
2.295018
2.295032
2.295042
2.295046
2.295052
2.295052
2.295099
2.295139
2.295145
2.295146
2.295189
2.295199
2.295252
2.295282
2.295282
2.295282
2.295285
2.295309
2.295332
2.295342
2.295365
2.295369
2.295413
2.295419
2.295445
2.295479
2.295492
2.295516
2.295532
2.295542
2.295555
2.295576
2.295589
2.295599
2.295636
2.295659
2.295702
2.295722
2.295742
2.295745
2.295769
2.295806
2.295862
2.295866
2.295902
2.295932
2.295956
2.295956
2.295969
2.295972
2.295975
2.295982
2.295996
2.296002
2.296025
2.296036
2.296078
2.296219
2.296219
2.296278
2.296282
2.296349
2.296353
2.296405
2.296405
2.296415
2.296418
2.296439
2.296455
2.296465
2.296489
2.296529
2.296569
2.296588
2.296589
2.296632
2.296675
2.296676
2.296699
2.296932
2.296932
2.296942
2.296948
2.296969
2.297009
2.297009
2.297065
2.297085
2.297095
2.297139
2.297158
2.297175
2.297246
2.297255
2.297285
2.297305
2.297312
2.297355
2.297429
2.297462
2.297495
2.297499
2.297515
2.297529
2.297535
2.297549
2.297549
2.297559
2.297569
2.297578
2.297585
2.297599
2.297622
2.297645
2.297666
2.29768
2.297722
2.297756
2.297762
2.297796
2.297809
2.297842
2.297845
2.297868
2.297869
2.297929
2.297945
2.297959
2.298048
2.298125
2.298159
2.298185
2.298219
2.298272
2.298303
2.298338
2.298389
2.298396
2.298396
2.298396
2.298412
2.298439
2.298455
2.298466
2.298488
2.298512
2.298515
2.298532
2.298535
2.298556
2.298559
2.298559
2.298575
2.298592
2.298629
2.298659
2.298706
2.298712
2.298742
2.298745
2.298755
2.298773
2.298782
2.298798
2.298799
2.298802
2.298822
2.298828
2.298838
2.298872
2.298885
2.298889
2.298892
2.298915
2.298915
2.298919
2.298965
2.298982
2.298985
2.298985
2.299005
2.299032
2.299035
2.299045
2.299052
2.299069
2.299082
2.299112
2.299145
2.299166
2.299169
2.299195
2.299209
2.299259
2.299262
2.299276
2.299376
2.299379
2.299392
2.299436
2.299462
2.299552
2.299645
2.299698
2.299725
2.299735
2.299749
2.299758
2.299796
2.299819
2.299838
2.299846
2.299868
2.299876
2.299879
2.299919
2.299922
2.299945
2.30002
2.300053
2.300055
2.300065
2.300072
2.300105
2.300108
2.300109
2.300129
2.300163
2.300163
2.300168
2.300173
2.300176
2.300195
2.300202
2.300252
2.300255
2.300256
2.300309
2.30032
2.300365
2.300366
2.300389
2.300392
2.300426
2.300435
2.300459
2.300492
2.300499
2.300523
2.300562
2.300582
2.300585
2.300609
2.300622
2.300659
2.300703
2.30071
2.300725
2.300739
2.300752
2.300755
2.300766
2.300872
2.300895
2.300913
2.300942
2.300943
2.300949
2.301002
2.301016
2.301022
2.301072
2.301112
2.301122
2.301156
2.301185
2.301195
2.301225
2.301227
2.301235
2.301276
2.301292
2.301295
2.301312
2.301326
2.301352
2.301395
2.301403
2.301405
2.301415
2.301429
2.301436
2.301442
2.301495
2.301508
2.301519
2.301519
2.301526
2.301549
2.301549
2.301568
2.301599
2.301605
2.301605
2.301612
2.301652
2.301672
2.301825
2.301849
2.301855
2.301869
2.301872
2.301882
2.301935
2.301959
2.301976
2.301979
2.301982
2.302089
2.302089
2.302108
2.302119
2.30212
2.302129
2.30213
2.302132
2.302183
2.302286
2.302312
2.302359
2.302379
2.302395
2.302412
2.302432
2.302462
2.302472
2.302492
2.302512
2.302518
2.302529
2.302539
2.302545
2.302558
2.302562
2.302598
2.302609
2.302615
2.30262
2.302712
2.302712
2.302722
2.302725
2.302819
2.302846
2.302859
2.302929
2.302948
2.303009
2.303055
2.303088
2.303112
2.303115
2.303172
2.303192
2.303289
2.303319
2.303342
2.303342
2.303349
2.303355
2.303359
2.303366
2.303425
2.303438
2.303525
2.303525
2.303555
2.303562
2.303646
2.303652
2.303699
2.303702
2.303733
2.303735
2.303758
2.303782
2.303782
2.303799
2.303803
2.303805
2.303846
2.303848
2.303859
2.303888
2.303889
2.303932
2.303939
2.303982
2.304038
2.304085
2.304092
2.304142
2.304182
2.304219
2.304236
2.304265
2.304316
2.304332
2.30441
2.304419
2.304449
2.304475
2.304478
2.304482
2.304492
2.304525
2.304552
2.304573
2.304589
2.304592
2.304598
2.30461
2.304676
2.304682
2.304689
2.304739
2.304745
2.304746
2.304785
2.304789
2.304808
2.304865
2.304876
2.304882
2.304942
2.304942
2.304968
2.305002
2.305008
2.305019
2.305039
2.305049
2.305098
2.305102
2.305117
2.305133
2.305136
2.305142
2.305185
2.305195
2.305218
2.305319
2.305329
2.305348
2.305393
2.305402
2.305455
2.305496
2.30551
2.30555
2.305565
2.305576
2.305635
2.305679
2.305686
2.305698
2.305718
2.305722
2.305722
2.305725
2.305798
2.305835
2.305843
2.305846
2.305852
2.305862
2.305892
2.305895
2.30591
2.305912
2.305956
2.306012
2.306062
2.306096
2.306108
2.306113
2.306132
2.306153
2.306195
2.306226
2.306242
2.306255
2.306309
2.306359
2.306385
2.306408
2.306412
2.306486
2.306533
2.306559
2.306572
2.306612
2.306628
2.306632
2.306636
2.306652
2.306682
2.306685
2.306692
2.306695
2.306695
2.306742
2.306808
2.306826
2.306827
2.306868
2.307009
2.307113
2.307145
2.307169
2.307212
2.307232
2.307239
2.307256
2.307313
2.307326
2.307365
2.307369
2.307369
2.307422
2.30751
2.307516
2.307618
2.307642
2.307659
2.307712
2.307746
2.307755
2.307762
2.307777
2.307836
2.307852
2.307872
2.307899
2.307955
2.307975
2.307982
2.307986
2.307989
2.308002
2.308009
2.308032
2.308052
2.308156
2.308162
2.308222
2.308225
2.308272
2.308365
2.308383
2.308416
2.308435
2.308452
2.308472
2.308529
2.308552
2.308679
2.308682
2.308688
2.308692
2.308696
2.308776
2.308779
2.308785
2.308802
2.308875
2.308882
2.308892
2.308942
2.309033
2.309065
2.309102
2.309179
2.309218
2.309245
2.309288
2.309292
2.309382
2.309405
2.309422
2.309476
2.309476
2.309488
2.309495
2.309495
2.309516
2.309562
2.309566
2.309576
2.309613
2.309615
2.309626
2.309655
2.309732
2.309739
2.309746
2.309798
2.309799
2.309885
2.309896
2.309905
2.309979
2.309999
2.310016
2.310029
2.310036
2.310089
2.310093
2.310142
2.310235
2.310243
2.310255
2.310286
2.310312
2.310322
2.310355
2.310429
2.310443
2.310465
2.310469
2.310475
2.310555
2.310556
2.310559
2.310563
2.310582
2.310595
2.310595
2.310612
2.310635
2.310643
2.31066
2.310755
2.310763
2.310779
2.310779
2.310795
2.310795
2.310869
2.31087
2.310872
2.310882
2.310899
2.310972
2.310986
2.311012
2.311046
2.311182
2.311185
2.311205
2.311232
2.311269
2.311286
2.311365
2.311402
2.311459
2.311479
2.311482
2.311586
2.311595
2.311662
2.311685
2.311713
2.311735
2.311813
2.311819
2.311819
2.311822
2.311878
2.311879
2.311893
2.311912
2.311922
2.311922
2.311978
2.311989
2.312025
2.312085
2.312133
2.312163
2.312182
2.312239
2.312286
2.312442
2.312476
2.312486
2.312499
2.312519
2.312592
2.312618
2.312622
2.312622
2.312668
2.312672
2.312685
2.312726
2.312755
2.312772
2.312776
2.312796
2.312822
2.312839
2.312846
2.3129
2.312905
2.312915
2.312929
2.312995
2.312998
2.313053
2.313058
2.313092
2.313093
2.313115
2.313218
2.313255
2.313262
2.313268
2.313269
2.313279
2.313279
2.313282
2.313308
2.313312
2.313332
2.313339
2.313346
2.31338
2.313403
2.313408
2.313419
2.313429
2.313572
2.313649
2.313666
2.313702
2.313745
2.313749
2.313753
2.313772
2.313792
2.313795
2.313829
2.313876
2.313879
2.313896
2.313898
2.313909
2.313919
2.313928
2.313946
2.313952
2.313965
2.313985
2.314086
2.314089
2.314106
2.314169
2.314178
2.314182
2.314189
2.314196
2.314213
2.314225
2.314226
2.314246
2.314249
2.314278
2.314339
2.314446
2.314472
2.314532
2.314539
2.314579
2.314598
2.314629
2.314676
2.314698
2.314718
2.314722
2.314732
2.314742
2.314789
2.314816
2.314828
2.314925
2.314943
2.314969
2.315082
2.315129
2.315146
2.315158
2.315162
2.315173
2.315186
2.31522
2.315279
2.315352
2.315352
2.315355
2.315406
2.315452
2.315565
2.315569
2.315615
2.315656
2.315656
2.315658
2.315672
2.315672
2.315686
2.315732
2.315762
2.315765
2.315803
2.315869
2.315879
2.315906
2.315959
2.315969
2.315972
2.315976
2.316005
2.316019
2.316175
2.316345
2.316352
2.316369
2.316408
2.316509
2.316518
2.316523
2.316595
2.316652
2.316726
2.316809
2.316822
2.316822
2.316892
2.316895
2.316912
2.31695
2.316952
2.316962
2.316972
2.316976
2.317002
2.317032
2.317059
2.31706
2.317065
2.317082
2.317109
2.317116
2.317265
2.317272
2.317399
2.317472
2.317492
2.317502
2.317512
2.317572
2.317768
2.317825
2.3179
2.317915
2.317929
2.317972
2.318012
2.318029
2.318062
2.318062
2.318069
2.318116
2.318126
2.318146
2.318159
2.318169
2.318188
2.318226
2.318263
2.318365
2.318389
2.318429
2.318472
2.318478
2.318479
2.318483
2.318496
2.318533
2.318545
2.318558
2.318593
2.318679
2.318692
2.318696
2.318716
2.318722
2.318742
2.318786
2.318792
2.318849
2.318883
2.318966
2.318999
2.319036
2.319039
2.319065
2.319073
2.319076
2.319166
2.319175
2.319182
2.319272
2.319315
2.319339
2.319346
2.319375
2.319399
2.319439
2.319442
2.319459
2.31946
2.319462
2.319488
2.319532
2.319562
2.319575
2.319639
2.319642
2.319652
2.319682
2.319685
2.319729
2.319793
2.319802
2.31987
2.319946
2.319973
2.320036
2.320039
2.32008
2.320109
2.320119
2.320159
2.320162
2.320165
2.320205
2.320222
2.320222
2.320239
2.320242
2.320295
2.320309
2.320342
2.320358
2.320402
2.320435
2.320439
2.320453
2.320456
2.320469
2.320469
2.320482
2.320486
2.320499
2.320526
2.320575
2.320579
2.320709
2.320712
2.320736
2.320749
2.320752
2.320762
2.320785
2.320798
2.320805
2.320819
2.320825
2.320898
2.320902
2.320922
2.320956
2.321055
2.321055
2.321092
2.321158
2.321159
2.321175
2.321208
2.321222
2.321229
2.321239
2.321356
2.321389
2.321412
2.321432
2.321432
2.321462
2.321485
2.321496
2.321529
2.321568
2.321612
2.321632
2.321659
2.321725
2.321735
2.321762
2.321766
2.321803
2.321849
2.321902
2.321986
2.322015
2.322059
2.322092
2.322095
2.322125
2.322128
2.322132
2.322149
2.32216
2.322239
2.322249
2.322252
2.322279
2.322345
2.322352
2.322419
2.322436
2.322439
2.322445
2.322452
2.322499
2.322535
2.322546
2.322632
2.322652
2.322665
2.322666
2.322723
2.322756
2.322766
2.3228
2.322899
2.322905
2.322935
2.322972
2.323019
2.323026
2.323063
2.323086
2.323118
2.323222
2.323228
2.323246
2.323323
2.323387
2.323468
2.323485
2.323495
2.323526
2.323549
2.323612
2.323653
2.323669
2.323706
2.323758
2.32377
2.323802
2.323818
2.323838
2.323849
2.323849
2.323872
2.323929
2.323933
2.323939
2.323949
2.32403
2.324072
2.324073
2.324196
2.324229
2.324232
2.324232
2.324235
2.32425
2.324268
2.324302
2.324312
2.324339
2.324362
2.324396
2.324402
2.324445
2.324478
2.324545
2.324576
2.324579
2.324606
2.324642
2.32468
2.324778
2.324793
2.324795
2.324822
2.324825
2.324845
2.324865
2.324878
2.324905
2.324956
2.32499
2.325013
2.325085
2.325149
2.325172
2.325176
2.325192
2.325196
2.325236
2.325268
2.325268
2.325295
2.325299
2.325309
2.325342
2.325405
2.325418
2.325478
2.325506
2.325516
2.325565
2.325612
2.325682
2.325709
2.325825
2.325838
2.325842
2.325972
2.325996
2.326012
2.326036
2.326036
2.326125
2.326143
2.326146
2.326152
2.326169
2.326182
2.326253
2.326336
2.326385
2.326386
2.326392
2.326432
2.326476
2.326579
2.326696
2.326709
2.326798
2.326866
2.326895
2.326942
2.326972
2.326982
2.326989
2.326999
2.327016
2.327082
2.327082
2.327237
2.327246
2.327259
2.327262
2.327288
2.327322
2.327328
2.327353
2.327366
2.327412
2.327489
2.327489
2.32749
2.327492
2.327499
2.327502
2.327548
2.327628
2.327652
2.327742
2.327772
2.327817
2.327846
2.327869
2.327936
2.327936
2.327939
2.327999
2.328039
2.328052
2.32809
2.328118
2.328239
2.32828
2.328375
2.328575
2.328576
2.328593
2.328625
2.328693
2.328709
2.328722
2.328743
2.328755
2.328805
2.328815
2.328825
2.328852
2.328856
2.328868
2.328892
2.328948
2.329059
2.329122
2.329152
2.329172
2.329175
2.329249
2.329266
2.329282
2.329295
2.329332
2.329342
2.329389
2.329393
2.329475
2.329488
2.329545
2.329572
2.329602
2.329629
2.329639
2.329655
2.329677
2.329688
2.329696
2.329725
2.329732
2.329765
2.329772
2.329779
2.329805
2.329835
2.329859
2.329905
2.329958
2.329975
2.330089
2.330096
2.330119
2.330136
2.330166
2.330202
2.330219
2.330259
2.330262
2.330292
2.330362
2.330372
2.330396
2.330406
2.330409
2.330446
2.330498
2.330499
2.330725
2.330759
2.330809
2.330862
2.330902
2.330905
2.330922
2.331019
2.331046
2.331142
2.331178
2.331265
2.331286
2.331349
2.331395
2.331428
2.331449
2.331586
2.331662
2.331769
2.331785
2.331995
2.332035
2.332065
2.332082
2.332156
2.332175
2.332208
2.332342
2.332363
2.332415
2.332482
2.332483
2.332522
2.332543
2.332586
2.332612
2.332632
2.332632
2.332696
2.332715
2.332736
2.332786
2.332805
2.332876
2.332922
2.332926
2.332959
2.333013
2.333246
2.333265
2.333266
2.333316
2.333316
2.333329
2.333369
2.33347
2.333539
2.333676
2.333692
2.333696
2.333696
2.333698
2.333712
2.333732
2.333792
2.333812
2.333922
2.333928
2.334009
2.334019
2.334155
2.334219
2.33423
2.334265
2.334352
2.334462
2.334479
2.334526
2.334532
2.334538
2.33457
2.334612
2.334675
2.334722
2.334733
2.334779
2.334786
2.334832
2.335002
2.335046
2.335122
2.335125
2.335126
2.335162
2.335189
2.335292
2.335302
2.335319
2.335335
2.335366
2.335398
2.335403
2.335452
2.335472
2.335479
2.335532
2.335612
2.335622
2.335736
2.335758
2.335805
2.335805
2.335812
2.335832
2.335862
2.335865
2.335888
2.335896
2.335923
2.335949
2.335956
2.335972
2.335996
2.336032
2.336182
2.336299
2.336395
2.336459
2.336476
2.336478
2.336479
2.336539
2.336542
2.336567
2.336619
2.336675
2.336715
2.336788
2.336816
2.336899
2.336903
2.336905
2.336908
2.336912
2.337033
2.337035
2.337059
2.337062
2.337099
2.337172
2.337218
2.337232
2.337262
2.337269
2.337325
2.337369
2.337409
2.337415
2.337499
2.337539
2.337548
2.337565
2.337572
2.337599
2.337632
2.337822
2.337842
2.337866
2.338058
2.338059
2.338062
2.338065
2.338132
2.338158
2.338175
2.338198
2.338215
2.338306
2.338342
2.338415
2.338436
2.338466
2.338473
2.338492
2.338572
2.338575
2.338589
2.338712
2.338713
2.338726
2.338729
2.338782
2.338782
2.338846
2.338865
2.338889
2.338902
2.338969
2.338996
2.339006
2.339025
2.339026
2.339152
2.339182
2.33919
2.339196
2.339219
2.339282
2.339325
2.339332
2.339368
2.339419
2.339432
2.339492
2.339516
2.339729
2.339812
2.339828
2.339832
2.339889
2.339919
2.339955
2.339958
2.339969
2.340036
2.340142
2.340143
2.340202
2.340209
2.34022
2.340263
2.340383
2.340472
2.340542
2.340682
2.340702
2.340759
2.340819
2.340885
2.340935
2.340962
2.340968
2.341032
2.341066
2.341083
2.341169
2.341182
2.341226
2.341285
2.341309
2.341309
2.341366
2.341419
2.341432
2.341432
2.341455
2.341492
2.341522
2.341545
2.341572
2.341652
2.341692
2.341725
2.341756
2.341782
2.341806
2.341839
2.341895
2.341899
2.341936
2.341979
2.341999
2.342
2.342005
2.342055
2.342058
2.342109
2.342135
2.342146
2.342249
2.342296
2.342422
2.342435
2.342472
2.342475
2.342542
2.342652
2.342662
2.34271
2.342742
2.342802
2.342819
2.342852
2.342886
2.342902
2.34291
2.342912
2.342925
2.342959
2.343079
2.343169
2.343172
2.343202
2.343226
2.343322
2.343352
2.343422
2.343469
2.34348
2.343482
2.343546
2.343596
2.343635
2.343642
2.343682
2.34369
2.343712
2.343716
2.343802
2.343815
2.343829
2.343868
2.343923
2.343933
2.344062
2.344105
2.344155
2.344245
2.344266
2.344312
2.344395
2.344475
2.344479
2.344522
2.344535
2.344539
2.344596
2.344599
2.344673
2.344702
2.344776
2.344786
2.344832
2.344845
2.344852
2.344853
2.344992
2.345005
2.345072
2.345165
2.345179
2.345269
2.345279
2.345292
2.345299
2.345365
2.345403
2.345429
2.345515
2.345582
2.345626
2.345742
2.345795
2.345843
2.345879
2.345905
2.345922
2.345966
2.345985
2.346128
2.346132
2.346135
2.346142
2.346213
2.346246
2.346256
2.346266
2.346288
2.346342
2.346346
2.346832
2.347059
2.34708
2.347086
2.347113
2.347116
2.347119
2.347136
2.34714
2.347205
2.347252
2.347282
2.347323
2.347366
2.347386
2.347395
2.347487
2.347538
2.347575
2.347602
2.34764
2.347662
2.347669
2.347736
2.347765
2.347825
2.347826
2.347879
2.347946
2.347986
2.348152
2.348152
2.348165
2.348185
2.348199
2.348212
2.348235
2.348272
2.348492
2.348506
2.348572
2.348606
2.348627
2.348635
2.348702
2.348745
2.348745
2.348842
2.348849
2.348969
2.349019
2.349182
2.349219
2.349226
2.349305
2.349319
2.349419
2.349432
2.349493
2.349508
2.349562
2.349562
2.349625
2.349626
2.349632
2.349639
2.349752
2.349769
2.349885
2.350012
2.350122
2.350172
2.350173
2.350233
2.350402
2.350432
2.350459
2.350576
2.350626
2.350793
2.350802
2.350892
2.350909
2.350942
2.350959
2.350983
2.350996
2.351028
2.351029
2.351052
2.351115
2.351222
2.351245
2.351305
2.351326
2.351485
2.351492
2.351553
2.351626
2.351633
2.351706
2.351809
2.351819
2.351842
2.351879
2.351889
2.351919
2.351936
2.352019
2.352092
2.352112
2.352146
2.352366
2.352385
2.352485
2.352566
2.352686
2.352768
2.352819
2.352858
2.352898
2.352909
2.352923
2.352925
2.352942
2.352995
2.353023
2.353068
2.353146
2.353193
2.353219
2.353238
2.353299
2.353305
2.353409
2.353485
2.353499
2.353676
2.353696
2.353702
2.353715
2.353718
2.353846
2.353882
2.353912
2.353923
2.35393
2.353982
2.354059
2.354088
2.354132
2.354342
2.354349
2.354352
2.354352
2.354362
2.354366
2.354372
2.354429
2.354582
2.354639
2.354639
2.354682
2.354705
2.354709
2.354735
2.354979
2.35501
2.355065
2.355102
2.355126
2.355135
2.355146
2.355152
2.355195
2.355196
2.355258
2.355313
2.355336
2.355399
2.355408
2.355439
2.35545
2.355473
2.355502
2.35557
2.35564
2.355653
2.355746
2.355802
2.355872
2.355876
2.355909
2.355976
2.356032
2.356052
2.356112
2.356186
2.356199
2.356206
2.356258
2.356329
2.356355
2.356482
2.356575
2.356646
2.356702
2.356779
2.356842
2.356876
2.356909
2.357006
2.357043
2.357062
2.357098
2.357179
2.357186
2.357212
2.357219
2.357222
2.357388
2.357416
2.357465
2.357489
2.357516
2.357545
2.357546
2.357629
2.357636
2.357699
2.357742
2.357832
2.357869
2.357879
2.357879
2.357879
2.357895
2.357922
2.357929
2.357933
2.357939
2.358227
2.358229
2.358232
2.358252
2.358285
2.358342
2.358372
2.358376
2.358443
2.358469
2.358479
2.358486
2.358489
2.358516
2.358688
2.358742
2.358782
2.358835
2.358975
2.359006
2.359022
2.359122
2.359135
2.359156
2.359159
2.359182
2.359235
2.359378
2.359396
2.359413
2.359469
2.359479
2.359488
2.359546
2.359762
2.359768
2.359872
2.359979
2.360005
2.360052
2.360116
2.360166
2.360185
2.360188
2.360269
2.360293
2.360322
2.360365
2.360409
2.360469
2.360519
2.360638
2.360742
2.360779
2.360799
2.360835
2.360899
2.361033
2.361163
2.361205
2.361246
2.361449
2.361462
2.361472
2.361488
2.361516
2.361525
2.361528
2.361709
2.361782
2.361905
2.362003
2.362009
2.362023
2.362102
2.362259
2.362285
2.362292
2.362372
2.362403
2.362488
2.362645
2.362926
2.362958
2.362965
2.362999
2.363052
2.36308
2.363242
2.363329
2.363392
2.363476
2.363535
2.363549
2.363603
2.363615
2.363679
2.36388
2.363925
2.363938
2.364072
2.364082
2.364245
2.364266
2.364412
2.364502
2.364525
2.364588
2.364596
2.364608
2.364649
2.364795
2.364796
2.364825
2.364876
2.364883
2.364896
2.364905
2.364945
2.364949
2.36503
2.365098
2.365155
2.365169
2.365183
2.365188
2.365395
2.365408
2.365513
2.365592
2.365706
2.365789
2.365832
2.365862
2.365886
2.365892
2.365962
2.366052
2.366169
2.366323
2.366335
2.366412
2.366425
2.366495
2.366556
2.366559
2.366616
2.366675
2.366698
2.366742
2.367152
2.367212
2.367213
2.367239
2.36737
2.367459
2.367463
2.367552
2.367652
2.367659
2.367819
2.367836
2.367849
2.367943
2.367952
2.367962
2.36801
2.368088
2.368142
2.368176
2.368282
2.368298
2.368345
2.368406
2.368599
2.368632
2.368888
2.368909
2.368995
2.369032
2.369108
2.369109
2.369132
2.369145
2.369242
2.369268
2.369306
2.369306
2.369335
2.369427
2.369495
2.369542
2.369572
2.369575
2.369739
2.369813
2.369859
2.370036
2.370059
2.370145
2.370232
2.370335
2.370452
2.370472
2.370502
2.370602
2.370615
2.370649
2.37065
2.370692
2.370775
2.370946
2.370955
2.371108
2.371152
2.371222
2.371232
2.371402
2.371482
2.371528
2.371539
2.371955
2.372018
2.372042
2.37205
2.372062
2.372063
2.372142
2.372166
2.372175
2.372195
2.372302
2.372309
2.372666
2.372678
2.372879
2.372949
2.373016
2.373073
2.373103
2.373145
2.373362
2.373369
2.373509
2.373549
2.373585
2.373612
2.373612
2.373618
2.373722
2.373789
2.373806
2.373815
2.373839
2.373899
2.374042
2.374099
2.374186
2.374239
2.374239
2.374316
2.374412
2.374439
2.37446
2.374476
2.374542
2.374622
2.37472
2.374919
2.37504
2.375169
2.375369
2.375459
2.375485
2.375742
2.375796
2.375815
2.375943
2.376002
2.376179
2.376489
2.376622
2.376655
2.376683
2.376696
2.376809
2.376832
2.376839
2.376958
2.376999
2.377189
2.377232
2.377245
2.377282
2.377499
2.377532
2.377586
2.377676
2.377709
2.377759
2.377802
2.377866
2.377908
2.377952
2.377969
2.377985
2.378132
2.378282
2.378339
2.378442
2.378466
2.378568
2.378595
2.37862
2.378812
2.379096
2.379126
2.379156
2.379158
2.379259
2.379362
2.379392
2.379565
2.379613
2.379832
2.380012
2.380096
2.380239
2.380348
2.380359
2.380392
2.380432
2.380455
2.380602
2.380609
2.380647
2.380672
2.380859
2.380882
2.380919
2.380952
2.381099
2.381276
2.381452
2.381462
2.381663
2.381812
2.381848
2.381918
2.382019
2.382042
2.382056
2.382095
2.382308
2.382319
2.382333
2.382435
2.382542
2.382605
2.382608
2.382622
2.382846
2.383146
2.383406
2.383436
2.383439
2.383675
2.383706
2.383866
2.384043
2.384062
2.384149
2.384149
2.384262
2.384542
2.384648
2.384656
2.384879
2.384885
2.384946
2.384975
2.384982
2.385239
2.385272
2.385359
2.385459
2.385479
2.385486
2.385579
2.385708
2.385809
2.385862
2.385976
2.385989
2.386016
2.386089
2.386145
2.386165
2.386192
2.386365
2.386539
2.386586
2.386622
2.386662
2.386748
2.386756
2.386765
2.386796
2.386816
2.386822
2.386865
2.386962
2.386962
2.387062
2.387062
2.387139
2.387235
2.387462
2.387502
2.387655
2.387803
2.387885
2.387895
2.387909
2.387986
2.388126
2.388159
2.388159
2.388249
2.388443
2.388656
2.388675
2.388732
2.388812
2.388839
2.389103
2.389123
2.38915
2.389293
2.389442
2.389462
2.389479
2.389659
2.390089
2.390119
2.390175
2.390222
2.390235
2.390395
2.390645
2.390789
2.390908
2.39101
2.391139
2.391272
2.391339
2.391339
2.391549
2.391628
2.39179
2.391856
2.391989
2.392102
2.392155
2.392412
2.392609
2.392786
2.392795
2.393106
2.393172
2.393282
2.393513
2.393538
2.393563
2.393589
2.393699
2.393728
2.393786
2.393869
2.393985
2.394155
2.394203
2.394496
2.394536
2.394656
2.394693
2.394695
2.394875
2.394876
2.395019
2.395065
2.395229
2.395239
2.395356
2.395512
2.395705
2.395848
2.396178
2.396202
2.396206
2.396339
2.396579
2.396635
2.396649
2.396952
2.397129
2.397222
2.397396
2.397485
2.397922
2.398009
2.398032
2.398036
2.398036
2.398075
2.398099
2.398139
2.398223
2.398269
2.398449
2.398475
2.398602
2.398636
2.398682
2.398792
2.398815
2.399182
2.399183
2.399219
2.399415
2.39949
2.399596
2.399609
2.399669
2.399799
2.400075
2.400246
2.400343
2.400402
2.400508
2.400676
2.400726
2.400792
2.400906
2.400969
2.401226
2.401229
2.401332
2.401548
2.401659
2.401712
2.401796
2.402079
2.402179
2.402286
2.402549
2.402766
2.402816
2.402816
2.402912
2.402932
2.402966
2.403159
2.403176
2.403222
2.403373
2.403522
2.40386
2.404025
2.404115
2.404149
2.404516
2.404536
2.404869
2.405062
2.405319
2.405732
2.405779
2.406099
2.406162
2.406198
2.406276
2.406336
2.406375
2.406392
2.406556
2.406662
2.406695
2.406696
2.406929
2.407102
2.407335
2.407432
2.407699
2.407792
2.407805
2.407892
2.407932
2.408012
2.408078
2.408095
2.408206
2.408306
2.408579
2.408736
2.409016
2.409452
2.409625
2.409766
2.409778
2.409818
2.409845
2.409919
2.409952
2.409959
2.409979
2.410429
2.410572
2.410623
2.410636
2.411262
2.411386
2.411435
2.411475
2.411542
2.411763
2.412069
2.412226
2.412335
2.412438
2.412715
2.412726
2.412809
2.412879
2.413002
2.413025
2.413215
2.413252
2.413269
2.413369
2.413392
2.413509
2.413605
2.413752
2.413839
2.414089
2.41412
2.414199
2.414238
2.414246
2.414509
2.414752
2.414813
2.414856
2.414926
2.415152
2.415202
2.415286
2.415397
2.415593
2.415672
2.415799
2.415825
2.415872
2.415998
2.416262
2.416442
2.416472
2.416619
2.416629
2.417155
2.417346
2.417418
2.417546
2.417602
2.417785
2.417923
2.418076
2.418248
2.418525
2.418839
2.419029
2.419032
2.41907
2.419172
2.41969
2.419855
2.419905
2.420163
2.420305
2.420433
2.420472
2.420655
2.420666
2.4207
2.420879
2.421149
2.421159
2.421229
2.421572
2.421595
2.421723
2.421732
2.421812
2.422409
2.422413
2.422465
2.422699
2.422735
2.422793
2.423299
2.423326
2.423432
2.423685
2.423749
2.424009
2.424072
2.424079
2.424232
2.424323
2.424856
2.425033
2.425815
2.425879
2.425946
2.425989
2.426075
2.426296
2.426619
2.426732
2.426812
2.426816
2.427386
2.427389
2.427483
2.428089
2.428138
2.428396
2.428632
2.428815
2.428915
2.428949
2.429246
2.429506
2.429686
2.42971
2.430238
2.430462
2.430686
2.430889
2.431296
2.431323
2.431372
2.431569
2.431768
2.431803
2.432816
2.432882
2.432957
2.432996
2.433053
2.433155
2.433749
2.433812
2.434326
2.434442
2.434836
2.435045
2.435198
2.435465
2.435672
2.436526
2.436559
2.436716
2.436749
2.436933
2.436972
2.437023
2.437256
2.437448
2.437552
2.437569
2.437702
2.437785
2.437815
2.437822
2.437885
2.437935
2.437976
2.438012
2.438036
2.438242
2.438559
2.439025
2.439083
2.439116
2.439145
2.43917
2.439386
2.439392
2.439682
2.439716
2.439742
2.439769
2.439825
2.439939
2.440019
2.440569
2.440776
2.440899
2.441262
2.441302
2.441389
2.442059
2.442413
2.442765
2.443352
2.443429
2.443569
2.443697
2.44393
2.444
2.444552
2.444562
2.444598
2.445416
2.445842
2.446122
2.446182
2.446189
2.446499
2.446705
2.447095
2.447168
2.44756
2.447692
2.447853
2.447959
2.448002
2.44809
2.448178
2.448282
2.448435
2.448933
2.449352
2.449682
2.449789
2.449812
2.45018
2.450263
2.450812
2.451068
2.451106
2.45227
2.45264
2.453288
2.453945
2.454022
2.454286
2.454296
2.454379
2.454402
2.454775
2.454972
2.455159
2.455322
2.455739
2.4558
2.456298
2.456332
2.456555
2.456635
2.456659
2.456679
2.456716
2.456825
2.456896
2.457142
2.457199
2.457252
2.4574
2.457438
2.457635
2.457749
2.457876
2.457962
2.458052
2.458156
2.458349
2.458783
2.458869
2.459469
2.459846
2.45986
2.460205
2.460362
2.46066
2.460969
2.461295
2.462496
2.463189
2.463379
2.463412
2.463822
2.463909
2.464015
2.464132
2.464403
2.464982
2.465128
2.465196
2.465218
2.465332
2.465343
2.465385
2.465542
2.465866
2.465929
2.46616
2.466646
2.467015
2.467383
2.468263
2.468292
2.468492
2.468692
2.469005
2.469105
2.469232
2.470209
2.470236
2.470455
2.470805
2.470856
2.470938
2.471385
2.471915
2.472399
2.472482
2.472532
2.472546
2.472763
2.472943
2.4732
2.4732
2.473792
2.473915
2.473978
2.474112
2.474428
2.474572
2.475233
2.475362
2.475445
2.476516
2.4768
2.476915
2.477022
2.477163
2.477297
2.477776
2.478149
2.478297
2.478519
2.47852
2.478522
2.478676
2.479778
2.479872
2.479935
2.479975
2.479983
2.480032
2.480092
2.480226
2.480332
2.480376
2.480735
2.480905
2.481052
2.481358
2.481766
2.482642
2.482735
2.482756
2.482759
2.482983
2.483938
2.483996
2.484669
2.484712
2.485042
2.485043
2.485239
2.485365
2.485668
2.486132
2.486166
2.486343
2.48656
2.486659
2.486702
2.486806
2.486989
2.487019
2.487316
2.487569
2.48764
2.487742
2.489623
2.489882
2.489956
2.490282
2.490352
2.490789
2.49119
2.491336
2.491869
2.491892
2.491929
2.492012
2.492083
2.492362
2.492567
2.492766
2.49295
2.492999
2.493102
2.493322
2.494013
2.494412
2.494859
2.494889
2.49513
2.495386
2.495623
2.495666
2.495826
2.496159
2.496189
2.496366
2.496612
2.497046
2.497275
2.497848
2.497859
2.498132
2.498415
2.498552
2.498586
2.498759
2.499195
2.499389
2.499429
2.499549
2.499752
2.500123
2.50035
2.500429
2.500712
2.500797
2.500869
2.501156
2.501205
2.501979
2.502568
2.502986
2.503075
2.503209
2.503432
2.503732
2.503756
2.503809
2.503989
2.504245
2.504508
2.504998
2.505156
2.505402
2.505472
2.506276
2.506429
2.506646
2.506695
2.506883
2.507775
2.508145
2.508579
2.508759
2.509733
2.510666
2.511562
2.511562
2.511572
2.513562
2.513572
2.513676
2.514346
2.515582
2.515749
2.516232
2.516879
2.517015
2.517196
2.517569
2.517872
2.518146
2.518355
2.518619
2.518639
2.519329
2.519963
2.520076
2.520192
2.520205
2.520235
2.520625
2.521022
2.521485
2.521509
2.521712
2.521889
2.522202
2.522548
2.522853
2.523633
2.524266
2.525086
2.525153
2.525576
2.526166
2.526416
2.526439
2.526512
2.526615
2.527189
2.527438
2.527855
2.527876
2.528119
2.528362
2.528552
2.528779
2.529362
2.529462
2.529479
2.529922
2.530462
2.531318
2.53169
2.531856
2.532643
2.533035
2.533549
2.53386
2.534132
2.534453
2.534596
2.534613
2.534883
2.534928
2.535192
2.535529
2.536018
2.536652
2.537025
2.538736
2.53875
2.538826
2.538922
2.539245
2.539435
2.539445
2.539585
2.540087
2.540425
2.540956
2.541219
2.541359
2.541666
2.541942
2.542215
2.542792
2.542822
2.543567
2.543619
2.543737
2.543773
2.543903
2.544305
2.545133
2.546062
2.546375
2.546426
2.546629
2.547102
2.547689
2.548286
2.549696
2.549892
2.550483
2.551003
2.551036
2.551509
2.551565
2.5522
2.552455
2.552898
2.553059
2.553392
2.554605
2.554999
2.555589
2.555795
2.556175
2.556193
2.556243
2.556522
2.556766
2.557002
2.557476
2.557543
2.558252
2.558409
2.558576
2.558632
2.558919
2.558936
2.559023
2.559212
2.559312
2.559392
2.559806
2.560089
2.560113
2.560166
2.560179
2.560542
2.56057
2.560899
2.561253
2.561286
2.561299
2.561459
2.561479
2.561503
2.561503
2.561622
2.561803
2.562785
2.562946
2.563306
2.563632
2.563792
2.564052
2.564216
2.564355
2.564563
2.564589
2.56478
2.565029
2.565069
2.565133
2.565229
2.565356
2.56578
2.566206
2.566646
2.566845
2.568103
2.569022
2.569076
2.569079
2.569096
2.569136
2.569828
2.569939
2.570052
2.570116
2.570322
2.570635
2.570982
2.570987
2.571019
2.571212
2.571336
2.572017
2.572068
2.572937
2.573176
2.573559
2.573759
2.574179
2.574263
2.574666
2.575052
2.575263
2.575383
2.575656
2.576132
2.577256
2.577513
2.577552
2.577585
2.578626
2.578679
2.578716
2.578802
2.579308
2.579483
2.579856
2.58
2.580185
2.580619
2.580692
2.580782
2.581236
2.581272
2.581456
2.582049
2.582076
2.582086
2.582293
2.582599
2.582682
2.582873
2.583533
2.584032
2.584408
2.584882
2.584889
2.585029
2.585068
2.585426
2.586139
2.586243
2.5863
2.586399
2.586553
2.587542
2.587563
2.587963
2.588219
2.588223
2.588923
2.588979
2.589155
2.589233
2.589412
2.589526
2.590089
2.59026
2.590499
2.590838
2.591332
2.591342
2.591362
2.591522
2.591546
2.591668
2.592122
2.592359
2.592382
2.593178
2.593345
2.593402
2.593456
2.593613
2.59364
2.593785
2.593852
2.594133
2.594466
2.594712
2.594789
2.594849
2.596749
2.596855
2.597828
2.598039
2.598056
2.598122
2.598359
2.598566
2.598668
2.598703
2.598763
2.599139
2.599296
2.59952
2.599845
2.599986
2.600559
2.601072
2.601382
2.601869
2.602249
2.602519
2.602522
2.602546
2.602857
2.602879
2.602985
2.603122
2.603152
2.603229
2.603322
2.603742
2.60412
2.60441
2.604563
2.604583
2.604712
2.604725
2.605023
2.605042
2.605169
2.60521
2.605305
2.605456
2.605749
2.606058
2.606092
2.606119
2.606322
2.606563
2.606689
2.607416
2.607982
2.60807
2.608409
2.608782
2.608816
2.608932
2.609
2.609095
2.609319
2.609353
2.609359
2.609783
2.609939
2.609962
2.609978
2.610052
2.610159
2.610172
2.610342
2.610713
2.610876
2.610989
2.611059
2.611227
2.611409
2.611562
2.611606
2.611606
2.611763
2.612083
2.612549
2.612692
2.612797
2.612826
2.612943
2.613092
2.613279
2.613512
2.613699
2.613907
2.613965
2.614003
2.614138
2.614549
2.614716
2.61497
2.615312
2.615448
2.615636
2.615653
2.616072
2.616319
2.616692
2.617039
2.61709
2.617622
2.617947
2.618555
2.619119
2.619229
2.619349
2.61962
2.619745
2.620072
2.620093
2.620189
2.620993
2.620999
2.62121
2.621468
2.621756
2.622006
2.622213
2.622226
2.622737
2.62277
2.62326
2.623857
2.623962
2.624098
2.624179
2.624206
2.624415
2.624586
2.625282
2.625408
2.625545
2.625647
2.6257
2.626332
2.626537
2.626723
2.626889
2.62711
2.627216
2.627472
2.627929
2.628475
2.628615
2.628856
2.628872
2.629016
2.629459
2.62973
2.629746
2.629975
2.630546
2.630633
2.630935
2.631145
2.631269
2.631479
2.63152
2.632003
2.632073
2.63213
2.632192
2.632199
2.632673
2.632973
2.633046
2.633753
2.634002
2.634139
2.634149
2.635096
2.635302
2.635467
2.63559
2.635742
2.635769
2.635799
2.635939
2.636097
2.636167
2.636246
2.636326
2.636503
2.63664
2.636676
2.636758
2.637233
2.637239
2.637395
2.637593
2.637829
2.638035
2.638122
2.638162
2.638582
2.639558
2.639843
2.640009
2.640083
2.64057
2.64066
2.640906
2.64114
2.641149
2.641379
2.641726
2.642052
2.642319
2.642539
2.642545
2.642759
2.642983
2.643299
2.643299
2.643669
2.643799
2.644162
2.644442
2.644482
2.64493
2.644982
2.645153
2.645426
2.645609
2.645609
2.64587
2.646232
2.646489
2.646567
2.64677
2.646799
2.646832
2.646962
2.647253
2.647365
2.647442
2.647456
2.647569
2.647856
2.647912
2.648422
2.648455
2.648483
2.648505
2.648759
2.649053
2.649222
2.649247
2.649287
2.649289
2.649359
2.649568
2.649709
2.649752
2.650439
2.651366
2.652346
2.652732
2.652836
2.652982
2.653049
2.65372
2.653735
2.654459
2.654793
2.654893
2.654976
2.65501
2.655236
2.655238
2.655286
2.65546
2.655622
2.655782
2.655803
2.656609
2.657272
2.657377
2.657403
2.657517
2.657629
2.657873
2.657885
2.658416
2.658446
2.658512
2.658663
2.658732
2.658816
2.658843
2.658909
2.659045
2.659496
2.65967
2.659672
2.659878
2.660132
2.660266
2.660393
2.660562
2.660592
2.66092
2.661068
2.661353
2.661439
2.661449
2.661539
2.661583
2.661753
2.661769
2.661823
2.661986
2.662849
2.663127
2.663375
2.663403
2.663526
2.663549
2.664166
2.664249
2.664339
2.664356
2.664696
2.664952
2.665323
2.665607
2.666249
2.666325
2.667049
2.66764
2.667686
2.667725
2.667939
2.668002
2.668069
2.668109
2.668292
2.668405
2.668485
2.668559
2.668603
2.669423
2.669792
2.670042
2.670067
2.670339
2.670609
2.670973
2.671183
2.67131
2.671526
2.671916
2.672182
2.672269
2.672462
2.672466
2.672579
2.672976
2.673016
2.673275
2.673379
2.673495
2.673862
2.674139
2.674156
2.67446
2.67545
2.676003
2.676626
2.676755
2.676822
2.676859
2.67728
2.677328
2.677406
2.677655
2.677782
2.678042
2.678182
2.678222
2.678306
2.678353
2.678606
2.679096
2.679696
2.679742
2.679786
2.680033
2.680546
2.680839
2.680853
2.681052
2.681469
2.681872
2.682055
2.682343
2.682375
2.682483
2.68289
2.683677
2.683812
2.684029
2.684108
2.684387
2.684869
2.685262
2.685982
2.686235
2.686569
2.68667
2.686689
2.686913
2.68715
2.687158
2.687523
2.687586
2.688632
2.688933
2.689123
2.689402
2.689483
2.690179
2.690527
2.690609
2.69116
2.69117
2.691708
2.691749
2.692072
2.692272
2.692642
2.693216
2.693926
2.693962
2.694815
2.695463
2.695546
2.695566
2.695806
2.695958
2.696676
2.696879
2.697079
2.697105
2.697239
2.697629
2.697652
2.697952
2.698096
2.698669
2.698856
2.698923
2.69926
2.699272
2.699805
2.699879
2.700369
2.700875
2.701027
2.701176
2.701602
2.701709
2.701749
2.701769
2.701816
2.702202
2.702439
2.702676
2.702715
2.702845
2.702849
2.702923
2.702945
2.703022
2.703593
2.704033
2.704179
2.704282
2.70464
2.704696
2.704889
2.705142
2.705606
2.705673
2.705926
2.70617
2.70646
2.706756
2.706993
2.707159
2.707169
2.707593
2.707802
2.708333
2.708373
2.708822
2.708952
2.709319
2.70964
2.709845
2.710316
2.710379
2.711165
2.711306
2.711486
2.712069
2.712643
2.712663
2.713003
2.71337
2.713403
2.713898
2.714559
2.71462
2.714783
2.714886
2.716062
2.716109
2.716395
2.716416
2.71651
2.716539
2.716809
2.71683
2.717813
2.717932
2.718215
2.718977
2.719895
2.720093
2.720196
2.720226
2.720316
2.720432
2.720436
2.720516
2.720546
2.720665
2.720837
2.721042
2.721185
2.721329
2.721393
2.721676
2.722038
2.722272
2.72235
2.722639
2.722652
2.722905
2.722913
2.723329
2.723772
2.724032
2.724312
2.724366
2.724596
2.725659
2.725996
2.726313
2.727459
2.727513
2.727703
2.728473
2.728532
2.728673
2.729339
2.729413
2.729776
2.730173
2.731685
2.731729
2.731879
2.731999
2.732006
2.732533
2.732796
2.733326
2.733543
2.733655
2.733909
2.735476
2.735569
2.735693
2.73594
2.736242
2.736443
2.73657
2.736946
2.737183
2.737623
2.738106
2.738999
2.739026
2.739043
2.73912
2.739216
2.739969
2.740109
2.740449
2.740966
2.741585
2.742235
2.742506
2.742949
2.743426
2.743433
2.744613
2.7451
2.745485
2.745546
2.745593
2.745886
2.745913
2.746139
2.746225
2.746532
2.748666
2.748853
2.748917
2.749782
2.749953
2.750183
2.750437
2.750543
2.750583
2.751262
2.75219
2.752362
2.752633
2.753036
2.75307
2.753413
2.75342
2.753699
2.753739
2.753843
2.755016
2.755442
2.755479
2.755959
2.756003
2.756597
2.757592
2.758232
2.758432
2.758752
2.75893
2.759306
2.760549
2.760833
2.761486
2.761566
2.761709
2.761917
2.76196
2.762229
2.762842
2.763508
2.763656
2.764282
2.764902
2.765376
2.76651
2.766782
2.767642
2.767776
2.768049
2.768533
2.769526
2.769589
2.769962
2.770122
2.770533
2.770596
2.770803
2.770987
2.771093
2.771863
2.771943
2.772506
2.773219
2.774035
2.774059
2.774229
2.77458
2.774692
2.774742
2.775389
2.776932
2.777643
2.77775
2.777836
2.778225
2.778693
2.778729
2.778749
2.778782
2.779083
2.779173
2.779526
2.779592
2.780528
2.781185
2.781505
2.781566
2.783272
2.783452
2.783526
2.78493
2.785692
2.786315
2.786803
2.787532
2.788022
2.788263
2.788795
2.789385
2.789403
2.789603
2.790262
2.790566
2.790578
2.791083
2.791266
2.792612
2.79364
2.794427
2.794892
2.795122
2.795426
2.795549
2.796279
2.796332
2.796536
2.796845
2.797539
2.797793
2.798172
2.79925
2.799516
2.799696
2.799886
2.800029
2.800302
2.800517
2.803463
2.803553
2.805462
2.805895
2.806053
2.806089
2.806326
2.8066
2.807142
2.807463
2.807563
2.807939
2.808306
2.808492
2.808668
2.809192
2.809556
2.810256
2.810993
2.81145
2.811522
2.811626
2.811803
2.811933
2.812239
2.812256
2.812288
2.812363
2.812366
2.812532
2.812635
2.812946
2.812959
2.812979
2.813673
2.813862
2.817349
2.817453
2.817896
2.818073
2.818299
2.818325
2.818513
2.818519
2.818523
2.818577
2.818639
2.819159
2.820306
2.820409
2.820593
2.822009
2.82244
2.822573
2.822737
2.823379
2.823463
2.823565
2.823615
2.823696
2.824235
2.824899
2.825192
2.826353
2.826416
2.826713
2.827246
2.827679
2.827766
2.828243
2.828509
2.82863
2.829362
2.829507
2.829619
2.829673
2.831196
2.831337
2.831733
2.832129
2.833032
2.833073
2.833333
2.833353
2.834055
2.834386
2.834567
2.835089
2.837483
2.837643
2.838282
2.839179
2.840738
2.842212
2.842376
2.845083
2.845809
2.846516
2.846527
2.848175
2.848666
2.849173
2.849792
2.850843
2.851069
2.851083
2.851373
2.855096
2.856523
2.85739
2.858239
2.858299
2.859236
2.860392
2.861357
2.863362
2.863672
2.86411
2.864496
2.866486
2.866542
2.867122
2.867383
2.867639
2.868339
2.871426
2.871717
2.871813
2.87229
2.872812
2.873503
2.874973
2.875576
2.876416
2.876633
2.876749
2.876922
2.878033
2.878046
2.879373
2.880492
2.880679
2.881359
2.883316
2.885822
2.886723
2.886873
2.888853
2.889089
2.890046
2.89132
2.891549
2.893656
2.893959
2.89432
2.895005
2.89651
2.897279
2.898783
2.8993
2.90065
2.902366
2.90388
2.907623
2.909743
2.909869
2.911457
2.911966
2.914763
2.916733
2.917827
2.919258
2.919437
2.921309
2.922053
2.922417
2.925286
2.92668
2.928013
2.933903
2.936017
2.937088
2.93763
2.939279
2.939439
2.939717
2.941789
2.945826
2.94728
2.948386
2.949103
2.953567
2.96133
2.963583
2.964863
2.965806
2.967479
2.968486
2.969377
2.97087
2.971152
2.971933
2.976389
2.976403
2.977429
2.992719
3.00201
3.0085
3.010526
3.011069
3.016715
3.018003
3.029009
3.02904
3.032303
3.038467
3.041666
3.052086
3.061669
3.062107
3.086319
3.097013
3.105216
3.106463
3.107216
3.114579
3.114636
3.118243
3.13403
3.140063
3.183349
3.332866
3.40321
3.438743
