0.242977
0.24531
0.249727
0.250694
0.250744
0.250984
0.251867
0.251967
0.252212
0.252247
0.252274
0.252507
0.25306
0.253966
0.254664
0.254744
0.2553
0.255557
0.25561
0.25601
0.256334
0.256346
0.256973
0.257694
0.257733
0.25775
0.25804
0.258136
0.258306
0.258563
0.25898
0.259677
0.259697
0.25971
0.259944
0.259994
0.260054
0.260147
0.260407
0.260533
0.26083
0.260997
0.261024
0.26104
0.26111
0.261207
0.261524
0.26178
0.262753
0.262803
0.262807
0.26298
0.263108
0.263173
0.26328
0.263346
0.263503
0.263503
0.263703
0.263747
0.264123
0.2642
0.264217
0.264417
0.264507
0.264583
0.264623
0.264716
0.264821
0.264864
0.26502
0.265021
0.265131
0.265227
0.265267
0.26536
0.265417
0.265423
0.26554
0.265687
0.265761
0.26578
0.266194
0.266197
0.266226
0.266514
0.266573
0.266584
0.26667
0.26671
0.26672
0.26695
0.267038
0.2673
0.26752
0.267594
0.267728
0.26773
0.267781
0.2678
0.267814
0.267821
0.267863
0.267901
0.26791
0.26793
0.268037
0.268103
0.268183
0.2682
0.2683
0.268321
0.26842
0.268421
0.268454
0.268523
0.268524
0.268561
0.268807
0.268833
0.268864
0.26887
0.268988
0.26902
0.269021
0.26912
0.269197
0.269427
0.2696
0.26974
0.26981
0.270013
0.270077
0.270107
0.270211
0.270297
0.27031
0.270473
0.270517
0.270614
0.270847
0.271045
0.271136
0.271233
0.27128
0.271317
0.27138
0.271417
0.271436
0.271447
0.271464
0.271483
0.27151
0.271523
0.271556
0.271577
0.271776
0.271818
0.271834
0.27184
0.271884
0.271903
0.271917
0.271963
0.271967
0.272057
0.272144
0.272167
0.272176
0.272243
0.27242
0.272453
0.272463
0.27249
0.27249
0.272503
0.27255
0.272664
0.27267
0.272741
0.272741
0.272757
0.272766
0.27282
0.27288
0.272883
0.272886
0.273003
0.27302
0.273031
0.273083
0.273113
0.273166
0.273167
0.273293
0.273413
0.273504
0.273533
0.273537
0.27357
0.273643
0.27368
0.273714
0.273724
0.273777
0.273822
0.273842
0.27385
0.273864
0.273907
0.273961
0.273994
0.274074
0.274076
0.27411
0.27415
0.274193
0.274331
0.274337
0.27439
0.274436
0.274446
0.274513
0.274576
0.274578
0.27458
0.274614
0.274637
0.27464
0.274654
0.274657
0.274665
0.27474
0.274744
0.274811
0.274827
0.274903
0.274964
0.274984
0.274987
0.275054
0.275056
0.27508
0.275098
0.275151
0.27523
0.27524
0.27525
0.275343
0.27535
0.27539
0.27542
0.275513
0.275571
0.275573
0.275577
0.27569
0.275725
0.275753
0.275833
0.275853
0.275867
0.275867
0.275893
0.2759
0.276001
0.276051
0.276051
0.276063
0.2761
0.276143
0.276174
0.276197
0.276206
0.276287
0.276324
0.276324
0.276394
0.27641
0.276437
0.276451
0.276464
0.276466
0.276556
0.276567
0.27673
0.276751
0.276853
0.27688
0.276914
0.276948
0.27697
0.277104
0.277127
0.27715
0.277187
0.2772
0.27729
0.277317
0.277321
0.277337
0.277403
0.277407
0.277423
0.277443
0.277507
0.277694
0.277725
0.277727
0.27773
0.277756
0.277773
0.277817
0.277901
0.277937
0.277984
0.278007
0.27804
0.27811
0.278133
0.278137
0.278141
0.27817
0.27822
0.278221
0.27827
0.278274
0.27844
0.278451
0.278543
0.27857
0.278597
0.27865
0.278687
0.278744
0.278753
0.278757
0.278757
0.278813
0.278821
0.278823
0.278868
0.278924
0.278976
0.27905
0.27913
0.27917
0.27918
0.279181
0.279184
0.279298
0.279427
0.279477
0.279514
0.279633
0.27966
0.279707
0.279723
0.279784
0.279794
0.279834
0.27984
0.279847
0.279874
0.279901
0.279904
0.279934
0.279984
0.279987
0.279997
0.280004
0.280006
0.280027
0.280034
0.280141
0.280143
0.28015
0.280174
0.280246
0.28025
0.28026
0.280354
0.280361
0.280387
0.280424
0.280453
0.280463
0.28057
0.280573
0.280593
0.28062
0.280623
0.28063
0.280653
0.280654
0.280664
0.280674
0.28069
0.280737
0.280787
0.280817
0.280821
0.280847
0.280853
0.280873
0.28088
0.280906
0.28092
0.280998
0.281006
0.281023
0.281025
0.28114
0.281241
0.281281
0.281354
0.281358
0.28136
0.281397
0.281405
0.28144
0.281447
0.281458
0.28149
0.281547
0.281548
0.281564
0.281581
0.281583
0.281587
0.281634
0.28169
0.281783
0.28179
0.281814
0.281851
0.281856
0.281863
0.281864
0.281876
0.281877
0.28188
0.281886
0.28189
0.281891
0.281921
0.281984
0.281984
0.282
0.282033
0.282036
0.282061
0.282074
0.2821
0.282127
0.282143
0.282147
0.282168
0.28217
0.28218
0.28218
0.282187
0.282226
0.282238
0.282264
0.28233
0.282344
0.282384
0.28239
0.282403
0.28244
0.282454
0.28247
0.282527
0.282617
0.282637
0.28264
0.282646
0.282654
0.282671
0.28268
0.28269
0.282714
0.282728
0.282741
0.282743
0.28278
0.28279
0.282793
0.282804
0.282831
0.28285
0.282851
0.282861
0.282913
0.282961
0.28301
0.283031
0.283083
0.283104
0.283107
0.28311
0.283137
0.283177
0.283187
0.2832
0.283204
0.283211
0.283234
0.283243
0.28326
0.283267
0.283273
0.28333
0.283348
0.28335
0.28339
0.283436
0.283438
0.28346
0.283478
0.283497
0.283537
0.283544
0.283554
0.283583
0.283588
0.283603
0.283607
0.28362
0.28372
0.28373
0.283754
0.283783
0.283794
0.283797
0.283804
0.283804
0.283834
0.283847
0.283891
0.283923
0.283927
0.283933
0.283934
0.283947
0.283957
0.28397
0.283981
0.28399
0.284066
0.284074
0.284096
0.28414
0.28415
0.28415
0.28415
0.284154
0.284157
0.28416
0.284167
0.284181
0.284217
0.284243
0.284264
0.284284
0.28429
0.284307
0.284343
0.284404
0.284467
0.284493
0.284527
0.28454
0.284543
0.284547
0.284557
0.284567
0.284567
0.284567
0.2846
0.28465
0.28467
0.284671
0.284676
0.28469
0.284703
0.284704
0.28472
0.284767
0.284771
0.28484
0.284853
0.284884
0.284894
0.284937
0.284956
0.284974
0.284979
0.285011
0.285044
0.28507
0.285101
0.285113
0.285117
0.28515
0.285194
0.28523
0.285233
0.285233
0.285237
0.28524
0.285246
0.285266
0.285301
0.285317
0.285327
0.285333
0.285347
0.285353
0.28539
0.285394
0.2854
0.285423
0.285433
0.285433
0.285457
0.285466
0.285467
0.28548
0.285501
0.285507
0.285514
0.285518
0.285527
0.285593
0.285603
0.28561
0.285617
0.2857
0.285704
0.28572
0.28573
0.285737
0.285754
0.285763
0.28578
0.285856
0.285867
0.285873
0.285877
0.28588
0.285904
0.285914
0.285946
0.28599
0.28603
0.286037
0.286054
0.286057
0.286065
0.286106
0.286134
0.286174
0.286176
0.286177
0.286177
0.28618
0.28619
0.286213
0.286276
0.286308
0.286323
0.286331
0.286343
0.286347
0.28636
0.286367
0.286481
0.286484
0.286491
0.286506
0.28651
0.286593
0.286617
0.286633
0.286757
0.286763
0.286807
0.286831
0.286834
0.286877
0.28689
0.286954
0.286957
0.286963
0.287
0.287004
0.287007
0.287013
0.287013
0.287021
0.287044
0.287047
0.287057
0.287113
0.287121
0.287124
0.287151
0.287173
0.287183
0.287187
0.287194
0.287217
0.287223
0.287271
0.287324
0.287324
0.28736
0.287377
0.287386
0.287394
0.287404
0.28741
0.287434
0.28745
0.287467
0.28748
0.287524
0.287532
0.28754
0.28755
0.287577
0.287584
0.287587
0.287594
0.287597
0.28761
0.287634
0.28764
0.287653
0.287657
0.287703
0.287707
0.287707
0.287724
0.287737
0.287783
0.287814
0.287823
0.287837
0.287846
0.287853
0.287878
0.287944
0.28795
0.287957
0.287963
0.287977
0.287977
0.287993
0.288043
0.288053
0.288057
0.28806
0.288064
0.28808
0.2881
0.28813
0.28814
0.28816
0.288176
0.288197
0.288204
0.28821
0.288221
0.288234
0.28827
0.28828
0.28829
0.288304
0.288307
0.288314
0.288321
0.288323
0.288346
0.28835
0.288354
0.288356
0.288384
0.288397
0.288417
0.288423
0.288427
0.288434
0.288437
0.288441
0.288454
0.288474
0.288484
0.288514
0.288518
0.28852
0.288524
0.288551
0.288573
0.28859
0.288594
0.288596
0.288627
0.288644
0.288648
0.288657
0.288677
0.28871
0.28872
0.28873
0.288747
0.288753
0.28877
0.288771
0.288773
0.288818
0.288864
0.288865
0.288866
0.288868
0.288907
0.288937
0.288948
0.28898
0.28898
0.289007
0.289013
0.289033
0.289044
0.289044
0.289047
0.289068
0.28907
0.289074
0.289137
0.28914
0.289143
0.289155
0.289187
0.289194
0.28924
0.289257
0.289262
0.289263
0.289286
0.28929
0.289317
0.289327
0.289354
0.289427
0.28944
0.289444
0.28946
0.28947
0.289473
0.289483
0.289498
0.289503
0.28955
0.289553
0.289567
0.289571
0.289573
0.289608
0.289631
0.289634
0.28964
0.289643
0.289693
0.289714
0.289714
0.289733
0.289764
0.289767
0.289787
0.289791
0.289804
0.289834
0.289837
0.28984
0.289847
0.289847
0.28985
0.289853
0.289881
0.289903
0.28992
0.289967
0.289967
0.28998
0.290018
0.290053
0.290053
0.290056
0.290056
0.29006
0.290071
0.290074
0.29008
0.290081
0.290115
0.29013
0.290137
0.290171
0.290184
0.290211
0.29022
0.290228
0.29023
0.290241
0.29025
0.290261
0.29029
0.29031
0.290334
0.290346
0.29035
0.29036
0.29037
0.29038
0.290384
0.2904
0.290413
0.290423
0.290434
0.290437
0.290447
0.29048
0.290485
0.290488
0.290496
0.290506
0.290507
0.29053
0.290538
0.29055
0.29057
0.29058
0.290584
0.29059
0.290626
0.290627
0.290633
0.290644
0.290644
0.290647
0.290664
0.29068
0.290687
0.290687
0.290697
0.290721
0.290754
0.290754
0.290757
0.29077
0.290773
0.29078
0.290787
0.290787
0.290843
0.29085
0.290854
0.290857
0.290864
0.290876
0.290881
0.290886
0.290894
0.290897
0.290897
0.290927
0.290941
0.290947
0.29095
0.290954
0.29098
0.29099
0.29099
0.291007
0.291024
0.291034
0.29106
0.291064
0.291103
0.291107
0.291137
0.291197
0.291211
0.29123
0.291234
0.29127
0.291277
0.291287
0.291294
0.291333
0.291343
0.291354
0.291354
0.291356
0.29136
0.291361
0.291364
0.29139
0.2914
0.291406
0.291427
0.29144
0.291441
0.291457
0.29147
0.291477
0.291493
0.291501
0.291524
0.291527
0.291563
0.291564
0.29157
0.29158
0.291585
0.291593
0.291594
0.291601
0.29165
0.29166
0.291671
0.291677
0.291701
0.291707
0.291723
0.29173
0.291764
0.291767
0.291798
0.2918
0.291811
0.291827
0.29184
0.291853
0.291854
0.291873
0.29188
0.291897
0.29191
0.291913
0.29192
0.291953
0.291957
0.291964
0.291964
0.29197
0.29197
0.291984
0.291984
0.29199
0.292013
0.292013
0.292014
0.292044
0.292061
0.292067
0.292067
0.292077
0.29212
0.292137
0.292137
0.292147
0.292147
0.29216
0.292167
0.292184
0.292191
0.292193
0.2922
0.2922
0.292207
0.292221
0.292237
0.292257
0.292268
0.29233
0.29233
0.292351
0.292357
0.292373
0.292387
0.2924
0.292414
0.292417
0.292431
0.292434
0.29244
0.292493
0.292494
0.292496
0.292524
0.292527
0.292537
0.29254
0.292546
0.29255
0.29255
0.292584
0.292587
0.292611
0.29262
0.292644
0.292656
0.292664
0.292667
0.292676
0.292681
0.292707
0.292714
0.292727
0.292733
0.292737
0.292754
0.292757
0.292764
0.29277
0.29277
0.292778
0.292794
0.292794
0.2928
0.292801
0.292808
0.292841
0.292853
0.292854
0.292854
0.292863
0.292867
0.29288
0.292893
0.2929
0.292904
0.292936
0.29294
0.292953
0.292958
0.29298
0.293031
0.293054
0.293056
0.29306
0.293064
0.293067
0.293093
0.293106
0.293113
0.293123
0.293137
0.293148
0.293157
0.29316
0.293187
0.293203
0.293207
0.293234
0.293237
0.293254
0.293263
0.293267
0.293273
0.293297
0.293304
0.29332
0.29333
0.293361
0.293373
0.293374
0.293376
0.293393
0.293414
0.29344
0.293443
0.293444
0.293444
0.293447
0.293464
0.293464
0.293464
0.293484
0.293493
0.293506
0.293507
0.293533
0.293541
0.293548
0.29355
0.29359
0.293593
0.293604
0.293607
0.29361
0.293624
0.293637
0.293643
0.293647
0.29368
0.29368
0.293684
0.293687
0.293697
0.293704
0.293757
0.293817
0.29382
0.293825
0.293828
0.293831
0.293833
0.293854
0.29386
0.293867
0.293871
0.293896
0.293908
0.293946
0.293947
0.293978
0.293996
0.293997
0.293997
0.294003
0.294026
0.294036
0.29404
0.29405
0.294064
0.294073
0.294074
0.29411
0.29411
0.294113
0.294115
0.294141
0.294141
0.294144
0.294145
0.294151
0.294158
0.29416
0.29417
0.294185
0.294186
0.294227
0.294237
0.294241
0.294244
0.294284
0.294286
0.294297
0.2943
0.2943
0.29431
0.294313
0.294327
0.29434
0.294346
0.294347
0.294354
0.29438
0.29438
0.29439
0.29439
0.294407
0.29441
0.294414
0.29443
0.294431
0.294437
0.294447
0.294457
0.294484
0.294524
0.29456
0.29456
0.294563
0.294566
0.294574
0.29458
0.294583
0.294583
0.294587
0.29459
0.2946
0.2946
0.294623
0.294634
0.294643
0.294644
0.29466
0.29468
0.294693
0.29472
0.294738
0.29474
0.294744
0.294756
0.294775
0.29479
0.294817
0.294824
0.294844
0.294844
0.294844
0.294863
0.294873
0.2949
0.294957
0.294973
0.294977
0.29498
0.294981
0.294987
0.295006
0.295021
0.295023
0.295024
0.295046
0.29505
0.295058
0.29507
0.29507
0.295077
0.295113
0.295154
0.295174
0.29518
0.295194
0.295194
0.295201
0.29521
0.295224
0.295224
0.295237
0.295245
0.295273
0.295273
0.295291
0.295294
0.295351
0.295381
0.295384
0.295387
0.29541
0.295417
0.295426
0.295427
0.295431
0.295445
0.295463
0.295483
0.295505
0.295507
0.295517
0.295517
0.29553
0.295533
0.295543
0.29555
0.29556
0.295567
0.295574
0.295596
0.295628
0.295643
0.29565
0.29565
0.29567
0.295673
0.295673
0.295681
0.295686
0.295687
0.295711
0.295754
0.29576
0.29577
0.295773
0.295794
0.295803
0.295813
0.295817
0.295827
0.295834
0.295834
0.295844
0.295867
0.295871
0.295895
0.295897
0.2959
0.295906
0.295937
0.295955
0.295997
0.29602
0.296023
0.296027
0.296028
0.29604
0.296046
0.29605
0.296057
0.296103
0.296114
0.296163
0.296177
0.296177
0.296183
0.296227
0.296247
0.296248
0.296303
0.296304
0.296307
0.29631
0.296363
0.29638
0.296403
0.29642
0.296436
0.296446
0.296448
0.296457
0.296474
0.296487
0.29651
0.296511
0.29653
0.296545
0.296547
0.296547
0.296557
0.296567
0.296573
0.296574
0.296587
0.2966
0.296617
0.296631
0.296637
0.29665
0.296657
0.296661
0.296664
0.296681
0.296687
0.296696
0.296717
0.296723
0.29673
0.296747
0.296753
0.296773
0.296814
0.296817
0.29683
0.29687
0.296877
0.296877
0.29688
0.296897
0.296904
0.296904
0.29692
0.296927
0.296928
0.29693
0.296937
0.29695
0.296951
0.296957
0.296974
0.29698
0.29699
0.297004
0.297017
0.297063
0.29707
0.297073
0.297074
0.297083
0.297084
0.297094
0.297103
0.297107
0.297133
0.297134
0.297136
0.297141
0.297146
0.297156
0.297156
0.297163
0.297187
0.29719
0.297194
0.29721
0.29721
0.297234
0.297237
0.29726
0.297261
0.297264
0.29728
0.297288
0.297291
0.297307
0.297337
0.297344
0.297353
0.297354
0.297357
0.297363
0.29737
0.297384
0.2974
0.297447
0.297457
0.29748
0.29748
0.297483
0.297484
0.297484
0.297487
0.29749
0.297493
0.297494
0.297507
0.29751
0.297513
0.297523
0.297526
0.297527
0.297543
0.297544
0.297557
0.297561
0.297573
0.297577
0.297583
0.29759
0.297593
0.297607
0.297633
0.297641
0.297681
0.297714
0.297727
0.297733
0.297734
0.297737
0.297738
0.297741
0.297747
0.297747
0.297753
0.29778
0.297804
0.297807
0.297814
0.29783
0.29783
0.297854
0.29786
0.297866
0.297871
0.297873
0.297877
0.297884
0.297884
0.297894
0.2979
0.297901
0.297917
0.297917
0.297941
0.297958
0.29797
0.29797
0.29797
0.297977
0.297983
0.297987
0.297997
0.298046
0.298046
0.298053
0.298056
0.298076
0.298077
0.298081
0.298084
0.298131
0.298134
0.298137
0.29814
0.298143
0.298151
0.29816
0.298173
0.298173
0.298177
0.29818
0.298184
0.298194
0.298208
0.29821
0.298218
0.298224
0.29824
0.298296
0.298297
0.298304
0.298327
0.298337
0.298354
0.29836
0.298363
0.298364
0.298401
0.298403
0.298475
0.29848
0.298493
0.298493
0.2985
0.298523
0.298524
0.298537
0.298538
0.298547
0.298557
0.298563
0.298573
0.298594
0.298606
0.298614
0.298624
0.29863
0.29863
0.29863
0.29864
0.29864
0.298657
0.298675
0.298677
0.29869
0.298694
0.298694
0.298701
0.298703
0.298714
0.298718
0.298756
0.298757
0.29876
0.298825
0.29885
0.298877
0.298884
0.298887
0.29889
0.2989
0.298901
0.298913
0.298931
0.298947
0.298969
0.298974
0.298977
0.29899
0.298994
0.298996
0.299
0.299007
0.299021
0.299024
0.29903
0.299043
0.299044
0.299048
0.299057
0.299066
0.299073
0.299104
0.299107
0.299117
0.299134
0.299134
0.299143
0.299147
0.29916
0.299167
0.299194
0.299203
0.29921
0.299211
0.299227
0.29923
0.299241
0.299248
0.29925
0.299267
0.29927
0.299271
0.299278
0.299291
0.2993
0.299303
0.29931
0.299313
0.299324
0.29933
0.299336
0.299337
0.299337
0.299343
0.29935
0.299351
0.299364
0.299378
0.299387
0.299398
0.299434
0.299446
0.299447
0.29947
0.299474
0.299517
0.299555
0.299557
0.299563
0.299564
0.299574
0.299575
0.299577
0.299577
0.299578
0.299604
0.299611
0.29963
0.299637
0.299687
0.299694
0.299707
0.299707
0.299707
0.299716
0.299724
0.299727
0.299757
0.299763
0.29979
0.299797
0.299804
0.299817
0.299817
0.299817
0.299824
0.299824
0.299827
0.299847
0.299864
0.299867
0.29988
0.299881
0.299931
0.29994
0.299947
0.29995
0.299974
0.299981
0.299986
0.299997
0.300007
0.300013
0.300027
0.300037
0.300038
0.30005
0.300063
0.300066
0.30007
0.300074
0.300087
0.300093
0.300117
0.300136
0.300137
0.30014
0.300143
0.300144
0.300185
0.30019
0.300197
0.300223
0.300224
0.300227
0.300233
0.30024
0.300241
0.300254
0.300257
0.300264
0.30028
0.300283
0.300284
0.300287
0.30029
0.300293
0.300294
0.300304
0.300314
0.300314
0.300324
0.300336
0.30034
0.30035
0.300364
0.30037
0.300391
0.300417
0.300427
0.300427
0.300443
0.300447
0.300447
0.30045
0.300457
0.300466
0.300486
0.300487
0.300487
0.300491
0.300491
0.300496
0.300498
0.300506
0.30052
0.30053
0.30054
0.300544
0.300547
0.300554
0.300558
0.300567
0.300577
0.300584
0.300603
0.300624
0.30065
0.300651
0.30066
0.300661
0.300694
0.30071
0.30071
0.30071
0.300711
0.30072
0.300747
0.30076
0.300765
0.300768
0.300788
0.300803
0.300803
0.300807
0.30081
0.300857
0.30087
0.30087
0.300877
0.300877
0.300891
0.300904
0.300917
0.300944
0.300954
0.30097
0.30097
0.300984
0.300987
0.300994
0.301031
0.301043
0.301053
0.301067
0.30109
0.30109
0.301108
0.301116
0.301121
0.301124
0.301137
0.30116
0.30118
0.301183
0.301184
0.301187
0.30119
0.30122
0.30124
0.30124
0.301245
0.301276
0.301277
0.301284
0.301291
0.30131
0.301316
0.301324
0.301327
0.30133
0.30134
0.30135
0.301387
0.301397
0.301404
0.301426
0.30144
0.301444
0.301453
0.301504
0.301507
0.301507
0.30151
0.301514
0.301524
0.301533
0.301547
0.301547
0.301557
0.30157
0.301577
0.301581
0.301581
0.301587
0.301587
0.30159
0.301598
0.301609
0.30163
0.301671
0.301693
0.301697
0.301697
0.301713
0.301737
0.301741
0.301744
0.301751
0.301754
0.301767
0.301774
0.301779
0.30178
0.301783
0.301817
0.301823
0.301831
0.301846
0.301867
0.301868
0.30187
0.30187
0.30189
0.301894
0.3019
0.301914
0.301921
0.301927
0.301933
0.301937
0.301951
0.301953
0.301971
0.30198
0.301983
0.301987
0.301993
0.302
0.30202
0.30204
0.302044
0.302051
0.302061
0.302061
0.30208
0.302087
0.302101
0.302114
0.30213
0.302157
0.302158
0.302164
0.302164
0.30217
0.302181
0.302184
0.302207
0.302217
0.30224
0.30225
0.30225
0.302257
0.302264
0.302274
0.30228
0.302284
0.302286
0.302297
0.3023
0.30232
0.302321
0.302321
0.302337
0.302347
0.302357
0.302387
0.30239
0.30239
0.302403
0.302413
0.302421
0.302423
0.302431
0.302443
0.30245
0.302453
0.30247
0.302488
0.302494
0.302496
0.302506
0.302506
0.302508
0.302513
0.30253
0.302561
0.302564
0.30257
0.30257
0.302574
0.302576
0.30259
0.302597
0.302623
0.302648
0.302657
0.302663
0.302677
0.302691
0.302704
0.30271
0.302723
0.302724
0.302741
0.30275
0.302754
0.30278
0.302787
0.302793
0.302797
0.302801
0.30281
0.302824
0.302827
0.302834
0.30284
0.302843
0.302867
0.302871
0.302877
0.302888
0.30289
0.30289
0.302891
0.302927
0.302964
0.302971
0.30298
0.30299
0.302994
0.303
0.303011
0.30302
0.303024
0.30305
0.30305
0.30305
0.303051
0.303054
0.303077
0.30312
0.303128
0.303134
0.30316
0.30316
0.303183
0.303197
0.303198
0.303198
0.303206
0.303241
0.303243
0.303251
0.30326
0.303277
0.303281
0.303307
0.303307
0.303314
0.303314
0.303317
0.303317
0.303324
0.303324
0.303326
0.303328
0.303346
0.303373
0.303376
0.303381
0.303397
0.303401
0.303417
0.303423
0.303428
0.303467
0.303473
0.303477
0.30349
0.30349
0.303493
0.303501
0.303504
0.303514
0.303516
0.303527
0.303531
0.303534
0.303587
0.303601
0.303605
0.303607
0.303608
0.30361
0.303631
0.303643
0.303647
0.303651
0.303654
0.30367
0.303683
0.303684
0.30369
0.303704
0.303707
0.303707
0.303714
0.30372
0.303724
0.303726
0.30374
0.303747
0.303764
0.30377
0.303783
0.30383
0.303833
0.303834
0.303847
0.303847
0.30385
0.303857
0.303866
0.30387
0.303876
0.303884
0.30391
0.303913
0.303917
0.30393
0.303934
0.303936
0.303946
0.303947
0.30395
0.303951
0.303961
0.303974
0.303977
0.303983
0.303984
0.303993
0.304014
0.304018
0.30403
0.304034
0.304036
0.304037
0.30404
0.304041
0.304047
0.304067
0.30407
0.304074
0.304081
0.3041
0.304117
0.30414
0.30416
0.304177
0.304177
0.304207
0.304233
0.304235
0.304267
0.30427
0.30427
0.304274
0.304281
0.304284
0.304297
0.304307
0.304314
0.30432
0.304337
0.30435
0.30436
0.304367
0.304375
0.304407
0.304414
0.304443
0.304445
0.304463
0.304473
0.304473
0.30448
0.304484
0.304493
0.304493
0.304511
0.304511
0.30452
0.30453
0.304537
0.304537
0.304544
0.304544
0.304573
0.304577
0.304583
0.304586
0.304587
0.304594
0.304597
0.3046
0.304606
0.30462
0.304634
0.304644
0.304657
0.304677
0.304684
0.30469
0.304694
0.304699
0.3047
0.304704
0.304708
0.304714
0.304717
0.30472
0.304724
0.30473
0.30473
0.304737
0.30474
0.304751
0.304761
0.304764
0.304771
0.304777
0.30478
0.304783
0.304783
0.304791
0.304804
0.304814
0.304817
0.304824
0.30483
0.304833
0.304837
0.304837
0.304846
0.304847
0.304857
0.304857
0.304877
0.304877
0.30488
0.304881
0.304887
0.304906
0.30492
0.304927
0.304947
0.304953
0.304957
0.304957
0.30497
0.30499
0.304993
0.305031
0.305043
0.305044
0.305044
0.305046
0.30505
0.30509
0.305111
0.305127
0.305147
0.305151
0.30516
0.305166
0.305174
0.305184
0.305184
0.30519
0.30519
0.305191
0.305204
0.305233
0.305234
0.30525
0.305254
0.305254
0.30526
0.305263
0.305276
0.305284
0.30529
0.305294
0.305296
0.3053
0.305314
0.305321
0.305324
0.305327
0.305353
0.30537
0.30537
0.305374
0.30539
0.3054
0.305403
0.305413
0.30542
0.305433
0.305441
0.305453
0.305456
0.305478
0.305484
0.30549
0.305503
0.305503
0.305527
0.305528
0.305531
0.305537
0.305551
0.305577
0.305585
0.305587
0.305604
0.305611
0.30565
0.305666
0.30567
0.305677
0.30571
0.305715
0.305717
0.305721
0.305753
0.30576
0.305761
0.305761
0.305766
0.305803
0.30581
0.30582
0.305823
0.30583
0.305857
0.305861
0.305874
0.305881
0.305886
0.305887
0.3059
0.305906
0.305916
0.305921
0.305924
0.30594
0.305944
0.305946
0.305948
0.30595
0.30596
0.305964
0.305966
0.305983
0.305986
0.305997
0.306007
0.306033
0.306047
0.306057
0.306067
0.306067
0.306074
0.306077
0.306091
0.306093
0.306103
0.30611
0.30611
0.306114
0.306123
0.306127
0.306127
0.30615
0.30615
0.306154
0.306164
0.306173
0.306173
0.306181
0.306184
0.306184
0.30619
0.30619
0.306197
0.306217
0.306231
0.306244
0.306257
0.306274
0.30628
0.30628
0.306287
0.30629
0.306291
0.306296
0.306307
0.306307
0.306314
0.306323
0.306357
0.306367
0.30637
0.306376
0.306384
0.306404
0.306406
0.306411
0.306427
0.306447
0.306467
0.306471
0.30649
0.30651
0.30651
0.306515
0.306526
0.30654
0.306544
0.30655
0.306554
0.306561
0.306568
0.306574
0.3066
0.3066
0.306601
0.306624
0.306627
0.306633
0.306633
0.306634
0.306634
0.30665
0.306654
0.306667
0.30667
0.306671
0.306674
0.306681
0.30669
0.306691
0.306697
0.306707
0.30671
0.306717
0.30672
0.30672
0.30672
0.306741
0.306743
0.306747
0.306747
0.30676
0.306764
0.30677
0.306771
0.306775
0.306777
0.306791
0.306793
0.30681
0.306837
0.306867
0.306881
0.306884
0.306893
0.306894
0.306897
0.3069
0.306903
0.30692
0.30692
0.306927
0.30693
0.30693
0.30694
0.30694
0.306945
0.30695
0.30695
0.306954
0.306983
0.306984
0.307
0.307
0.307006
0.30701
0.30701
0.307013
0.307017
0.30703
0.307032
0.307037
0.307051
0.30706
0.307066
0.307067
0.30707
0.30707
0.307071
0.307097
0.3071
0.3071
0.307104
0.307107
0.30711
0.30712
0.30713
0.307147
0.307173
0.307173
0.30718
0.307184
0.307187
0.307194
0.307197
0.307204
0.307207
0.307217
0.307223
0.307227
0.307227
0.307277
0.307287
0.30731
0.307323
0.307344
0.307364
0.307381
0.307394
0.307401
0.307401
0.307407
0.307407
0.307414
0.30742
0.307426
0.307447
0.307453
0.307456
0.30747
0.30747
0.307503
0.307504
0.307524
0.307533
0.30754
0.307541
0.30756
0.307567
0.307574
0.307586
0.307593
0.3076
0.307606
0.307623
0.307647
0.30767
0.307674
0.307697
0.307713
0.30772
0.307721
0.307731
0.307736
0.30775
0.307753
0.307793
0.3078
0.307806
0.307841
0.307843
0.307848
0.307848
0.307856
0.307861
0.307867
0.30787
0.307883
0.307887
0.307888
0.307897
0.307904
0.307906
0.307906
0.307917
0.30793
0.307947
0.307957
0.30796
0.30797
0.307973
0.30799
0.308014
0.30802
0.308021
0.308021
0.308027
0.30803
0.308031
0.308037
0.30804
0.308063
0.308063
0.308063
0.308067
0.308087
0.308097
0.308137
0.308137
0.308156
0.30817
0.308173
0.308174
0.308174
0.308193
0.308217
0.308217
0.30822
0.308223
0.308224
0.308244
0.308261
0.308264
0.308307
0.308318
0.30834
0.30835
0.308364
0.308366
0.30837
0.308374
0.30838
0.308394
0.308397
0.308404
0.308427
0.30843
0.308433
0.308447
0.308447
0.308463
0.308466
0.308473
0.308481
0.308486
0.308488
0.3085
0.3085
0.3085
0.308504
0.308504
0.308507
0.308514
0.308523
0.308527
0.308543
0.308553
0.308554
0.308557
0.30856
0.308563
0.308564
0.30857
0.308597
0.3086
0.308604
0.308611
0.308617
0.30862
0.308647
0.308657
0.30866
0.308664
0.308666
0.308677
0.30868
0.308687
0.308693
0.308697
0.308723
0.308733
0.308751
0.308767
0.308767
0.308773
0.30879
0.308797
0.308798
0.308817
0.308817
0.308817
0.308824
0.308826
0.30884
0.308854
0.30886
0.308876
0.308881
0.30889
0.30889
0.308901
0.308903
0.30891
0.30891
0.308917
0.308927
0.308941
0.308953
0.308958
0.308961
0.30897
0.308981
0.308987
0.309003
0.309014
0.309017
0.309017
0.309037
0.30904
0.30904
0.309057
0.309057
0.309063
0.309067
0.309071
0.309075
0.309094
0.3091
0.309117
0.309137
0.309144
0.30915
0.309154
0.309177
0.309197
0.309197
0.309213
0.309216
0.309227
0.309233
0.309236
0.30924
0.309247
0.30925
0.309264
0.30927
0.309284
0.309306
0.30931
0.309317
0.30932
0.309334
0.309337
0.309338
0.309344
0.309353
0.309357
0.30936
0.309363
0.309377
0.30938
0.309384
0.309397
0.309404
0.309407
0.30942
0.309427
0.30943
0.309434
0.309443
0.309465
0.309466
0.309487
0.30949
0.30951
0.309524
0.309526
0.309537
0.309557
0.309557
0.309558
0.30957
0.309571
0.309581
0.3096
0.309608
0.309613
0.309624
0.309624
0.309635
0.309637
0.309641
0.309653
0.30966
0.309661
0.309667
0.309673
0.309676
0.309677
0.309687
0.3097
0.309713
0.309717
0.309723
0.30976
0.309767
0.309803
0.309837
0.309843
0.309863
0.309863
0.309874
0.309877
0.309877
0.309883
0.309886
0.30989
0.309893
0.3099
0.309906
0.30992
0.309931
0.309934
0.309953
0.309953
0.309953
0.309954
0.30997
0.309973
0.309987
0.309994
0.309997
0.310017
0.31002
0.31002
0.310058
0.310063
0.310063
0.310064
0.31007
0.310071
0.310083
0.310108
0.310123
0.310147
0.310154
0.310157
0.310185
0.310187
0.31019
0.310193
0.310195
0.3102
0.310203
0.310204
0.310218
0.310224
0.310227
0.310237
0.310243
0.31025
0.31026
0.31026
0.310264
0.310264
0.310283
0.310297
0.310305
0.310323
0.31034
0.310347
0.310354
0.310357
0.310373
0.31038
0.310383
0.310395
0.310396
0.310398
0.3104
0.310408
0.310417
0.310437
0.310453
0.310477
0.31048
0.31048
0.310483
0.31049
0.310493
0.31052
0.310546
0.310547
0.310564
0.310567
0.310573
0.310573
0.310577
0.310607
0.310634
0.310643
0.310644
0.310654
0.31066
0.31069
0.310696
0.310697
0.310698
0.310704
0.310724
0.310728
0.310737
0.310737
0.310737
0.310738
0.310743
0.310744
0.310753
0.310755
0.310764
0.31077
0.310774
0.310777
0.310783
0.310783
0.310787
0.310787
0.310797
0.310804
0.310811
0.31084
0.310844
0.310847
0.310853
0.310856
0.31087
0.310871
0.310871
0.31088
0.310884
0.310888
0.310904
0.310907
0.310914
0.31092
0.310927
0.310931
0.310963
0.310963
0.310964
0.310966
0.310987
0.310996
0.311003
0.311014
0.311021
0.311025
0.311058
0.311073
0.311073
0.311078
0.311084
0.311084
0.31111
0.311113
0.311114
0.311117
0.311127
0.31113
0.31113
0.311143
0.311144
0.31115
0.311157
0.31116
0.311166
0.311168
0.311204
0.311211
0.311217
0.311224
0.31123
0.31124
0.311241
0.311247
0.31125
0.311267
0.31127
0.311271
0.311273
0.311277
0.311297
0.311297
0.3113
0.311313
0.311314
0.31132
0.31133
0.311344
0.311354
0.31136
0.31137
0.311377
0.311383
0.311394
0.311401
0.311433
0.311437
0.311437
0.311441
0.31145
0.311467
0.311467
0.31147
0.311497
0.311517
0.311543
0.311546
0.31155
0.311557
0.311568
0.311573
0.31158
0.31159
0.311594
0.311607
0.311626
0.311643
0.311654
0.31166
0.31166
0.311664
0.31168
0.311698
0.311701
0.311704
0.311708
0.311723
0.31176
0.311784
0.311793
0.311808
0.31181
0.311823
0.311827
0.311833
0.311837
0.311844
0.311857
0.311857
0.311857
0.31186
0.311865
0.311886
0.31189
0.31189
0.311903
0.311907
0.31191
0.311914
0.311927
0.31194
0.311944
0.311956
0.311957
0.311957
0.31197
0.311971
0.311974
0.311976
0.31198
0.311984
0.311991
0.312004
0.312021
0.312021
0.312027
0.31204
0.312057
0.31206
0.312077
0.31208
0.312103
0.312123
0.312126
0.312133
0.312137
0.312157
0.31216
0.312161
0.31219
0.312194
0.312197
0.312207
0.312207
0.312213
0.312216
0.312217
0.312224
0.31223
0.312236
0.312243
0.312244
0.312267
0.31228
0.312291
0.312297
0.312307
0.312317
0.312321
0.312324
0.312336
0.312346
0.312347
0.312354
0.312363
0.312384
0.312393
0.3124
0.31241
0.312411
0.312431
0.312437
0.312441
0.312448
0.31245
0.312467
0.3125
0.312504
0.31251
0.312514
0.312517
0.312517
0.312521
0.312523
0.312528
0.312531
0.312564
0.31257
0.312575
0.312577
0.312611
0.312624
0.312624
0.312633
0.312633
0.312641
0.312643
0.312653
0.31267
0.312677
0.3127
0.312711
0.312713
0.312714
0.31275
0.312753
0.312763
0.31278
0.312784
0.312787
0.312797
0.3128
0.31282
0.312846
0.31285
0.312858
0.312867
0.312868
0.312872
0.312873
0.312873
0.312883
0.312891
0.312897
0.312901
0.312924
0.31293
0.312954
0.312964
0.312976
0.313004
0.313034
0.31305
0.313057
0.313074
0.313104
0.313104
0.313107
0.31312
0.313123
0.313137
0.31315
0.31315
0.313157
0.313158
0.313187
0.31319
0.31319
0.313191
0.3132
0.313201
0.313203
0.313231
0.31325
0.31326
0.313273
0.313284
0.31329
0.313294
0.313305
0.313307
0.313313
0.313314
0.31333
0.313334
0.313337
0.313338
0.313354
0.313371
0.313376
0.313393
0.313397
0.313407
0.313416
0.313424
0.313427
0.31343
0.313436
0.313437
0.313441
0.313443
0.313444
0.313447
0.313448
0.313451
0.313453
0.313457
0.313483
0.31349
0.313516
0.313517
0.313517
0.31352
0.313523
0.313537
0.313539
0.31356
0.313567
0.313567
0.313568
0.313573
0.313583
0.313588
0.3136
0.313601
0.313615
0.313617
0.313624
0.313633
0.31364
0.313643
0.313643
0.31365
0.31367
0.31367
0.313673
0.313677
0.313723
0.31374
0.313744
0.313747
0.313748
0.31375
0.313751
0.313753
0.313757
0.313757
0.313763
0.313768
0.313777
0.313787
0.313788
0.31379
0.313791
0.313794
0.313804
0.313804
0.313817
0.313824
0.313844
0.313853
0.313856
0.313857
0.313867
0.313878
0.31388
0.313883
0.313894
0.313897
0.3139
0.313936
0.313937
0.31394
0.313946
0.313951
0.313958
0.313966
0.313972
0.313974
0.31401
0.314013
0.314013
0.314024
0.314037
0.314048
0.314054
0.314063
0.31407
0.314077
0.314083
0.314084
0.314084
0.314086
0.3141
0.31411
0.31411
0.31412
0.314126
0.31413
0.31414
0.31416
0.314167
0.314184
0.314194
0.314206
0.314207
0.314222
0.314224
0.31423
0.314233
0.314235
0.31424
0.314247
0.314257
0.31426
0.31426
0.31427
0.314271
0.314286
0.314317
0.314323
0.31433
0.31433
0.31434
0.31435
0.314353
0.314354
0.314363
0.314364
0.314367
0.314373
0.314374
0.314377
0.314387
0.314401
0.314417
0.31442
0.314423
0.314433
0.314451
0.314465
0.314477
0.314484
0.314497
0.3145
0.3145
0.314504
0.314516
0.314517
0.314523
0.314523
0.314527
0.314534
0.314543
0.314544
0.31455
0.314554
0.314554
0.314563
0.314564
0.314564
0.314571
0.314574
0.31458
0.31461
0.31462
0.314627
0.314637
0.314641
0.314643
0.314651
0.314667
0.314674
0.314678
0.314681
0.314683
0.314697
0.314698
0.3147
0.314707
0.314711
0.314717
0.314721
0.314737
0.314757
0.314764
0.314764
0.314777
0.314783
0.314786
0.314787
0.31479
0.314797
0.314803
0.31481
0.314814
0.314817
0.314827
0.314854
0.314873
0.31489
0.314897
0.314898
0.314898
0.31491
0.314913
0.314913
0.314927
0.31493
0.314931
0.314931
0.31494
0.314947
0.314953
0.31496
0.31496
0.31497
0.314973
0.314974
0.314974
0.314984
0.314991
0.314994
0.314997
0.314997
0.31501
0.315014
0.31502
0.315033
0.315044
0.315053
0.315054
0.315057
0.31506
0.315064
0.31507
0.315074
0.315077
0.315094
0.315103
0.315104
0.315104
0.315121
0.315134
0.315137
0.315153
0.315163
0.315183
0.315184
0.315184
0.315188
0.315194
0.3152
0.315207
0.315211
0.315217
0.315217
0.315221
0.315247
0.315247
0.315247
0.315251
0.315283
0.315285
0.31529
0.31531
0.315321
0.31533
0.315338
0.31534
0.315352
0.31536
0.315376
0.315383
0.315401
0.315405
0.315407
0.31542
0.315426
0.31545
0.315451
0.315457
0.315471
0.315478
0.3155
0.315503
0.315521
0.315527
0.315534
0.315541
0.315553
0.315554
0.315561
0.315567
0.315574
0.315587
0.315601
0.315603
0.315608
0.31561
0.315613
0.315616
0.315621
0.315643
0.315653
0.315654
0.315654
0.315657
0.315663
0.315683
0.315694
0.315697
0.315714
0.315716
0.315717
0.31574
0.315747
0.31575
0.315754
0.315763
0.315763
0.315773
0.315794
0.3158
0.315803
0.315807
0.315823
0.315824
0.315841
0.315843
0.31585
0.315873
0.31588
0.315887
0.315887
0.315904
0.315904
0.31591
0.315911
0.315921
0.315924
0.315924
0.315944
0.315954
0.315957
0.315971
0.315971
0.315981
0.315987
0.315993
0.315993
0.315995
0.315997
0.316007
0.316018
0.316023
0.316036
0.316041
0.316046
0.31605
0.316071
0.316077
0.31608
0.316084
0.316085
0.316094
0.316096
0.31611
0.31612
0.31614
0.316153
0.316168
0.316176
0.316204
0.316207
0.316214
0.316217
0.316217
0.316227
0.316237
0.316237
0.31624
0.31624
0.316244
0.316267
0.316267
0.316274
0.316284
0.316287
0.316304
0.31631
0.31631
0.316314
0.316323
0.316324
0.316327
0.316327
0.316336
0.316337
0.316363
0.316377
0.31638
0.316381
0.316387
0.31639
0.3164
0.316414
0.316421
0.316423
0.316427
0.31643
0.316433
0.316437
0.31645
0.316454
0.316456
0.316457
0.316457
0.316464
0.316464
0.316473
0.316493
0.316498
0.316507
0.316513
0.316517
0.316517
0.31652
0.316537
0.31654
0.316553
0.316553
0.316557
0.316566
0.316577
0.3166
0.31661
0.316614
0.316623
0.316624
0.316633
0.316641
0.316644
0.316654
0.31666
0.316661
0.316667
0.31667
0.31669
0.31669
0.316707
0.31671
0.316718
0.316727
0.316743
0.316748
0.316753
0.316778
0.31679
0.316797
0.316818
0.316823
0.31683
0.31684
0.31687
0.31688
0.316903
0.316907
0.316923
0.316924
0.316941
0.316951
0.316954
0.316967
0.31698
0.316987
0.316991
0.316993
0.317
0.317006
0.317007
0.317007
0.317007
0.317017
0.317017
0.317021
0.317023
0.317027
0.317034
0.317046
0.317046
0.317054
0.317061
0.317074
0.317083
0.317107
0.317117
0.317124
0.31713
0.31713
0.31713
0.317133
0.317136
0.317143
0.317144
0.317157
0.317163
0.317183
0.317183
0.317198
0.317207
0.317233
0.31725
0.317264
0.317264
0.317273
0.31729
0.317297
0.3173
0.3173
0.317305
0.317311
0.317313
0.317317
0.317327
0.317337
0.317337
0.317347
0.317347
0.317367
0.31737
0.317371
0.317373
0.31739
0.317398
0.31741
0.317417
0.317457
0.31746
0.317464
0.317467
0.317467
0.317488
0.317494
0.317497
0.317523
0.31753
0.317534
0.317537
0.317544
0.317546
0.317556
0.317564
0.317583
0.31759
0.317603
0.317613
0.317633
0.317637
0.317637
0.317637
0.317643
0.317646
0.317651
0.317658
0.31766
0.317664
0.31767
0.317671
0.317673
0.317677
0.317694
0.317717
0.31772
0.317753
0.317757
0.317767
0.317777
0.317777
0.317784
0.317794
0.317804
0.317804
0.317817
0.317823
0.317826
0.317833
0.317834
0.317844
0.317857
0.317866
0.317873
0.31789
0.317901
0.317903
0.317904
0.317921
0.317933
0.317933
0.317934
0.31796
0.31797
0.317975
0.317977
0.317988
0.31799
0.318004
0.318007
0.318017
0.318024
0.318036
0.31804
0.318049
0.31806
0.31806
0.318063
0.318071
0.318084
0.3181
0.3181
0.31811
0.318113
0.318124
0.318136
0.318142
0.31815
0.318153
0.318157
0.31818
0.318183
0.31819
0.318197
0.3182
0.318203
0.31821
0.318226
0.318248
0.318248
0.318254
0.318254
0.318264
0.318266
0.318268
0.318271
0.318273
0.31828
0.318284
0.318287
0.31832
0.318321
0.318323
0.318324
0.31834
0.318344
0.318347
0.318376
0.31838
0.318388
0.318391
0.318421
0.318431
0.318434
0.318443
0.318447
0.318451
0.318454
0.318457
0.318464
0.318477
0.318486
0.318501
0.318507
0.31851
0.318516
0.318528
0.31854
0.31854
0.31854
0.318543
0.318547
0.31855
0.318554
0.318557
0.318557
0.318573
0.318574
0.31858
0.318591
0.318594
0.318618
0.31862
0.318623
0.31863
0.318647
0.318651
0.318651
0.318653
0.318674
0.318674
0.3187
0.318703
0.318716
0.318716
0.318717
0.318717
0.318733
0.318733
0.31875
0.318787
0.318791
0.318804
0.31881
0.318814
0.318814
0.31882
0.318824
0.318826
0.318827
0.31883
0.318833
0.31884
0.318843
0.318844
0.318844
0.318856
0.318878
0.31888
0.318893
0.31891
0.318914
0.318921
0.31894
0.31895
0.318964
0.31897
0.318977
0.31898
0.318984
0.318986
0.318994
0.319027
0.31903
0.319031
0.319033
0.319033
0.319034
0.319037
0.319044
0.31905
0.31905
0.319051
0.319063
0.319064
0.319078
0.319078
0.31908
0.319094
0.319097
0.3191
0.319104
0.31911
0.319113
0.31913
0.319133
0.31914
0.319147
0.31915
0.31915
0.319154
0.319157
0.319163
0.31917
0.319173
0.319183
0.319193
0.319194
0.319204
0.319206
0.31921
0.31921
0.319217
0.319223
0.319227
0.319248
0.319253
0.319257
0.319273
0.319299
0.319303
0.319307
0.319307
0.319317
0.319327
0.319333
0.319338
0.319346
0.319353
0.319353
0.319367
0.319383
0.319385
0.319385
0.3194
0.3194
0.319407
0.319407
0.31941
0.319411
0.319413
0.319423
0.319424
0.319427
0.31943
0.319447
0.319456
0.319461
0.319464
0.319464
0.319484
0.319507
0.319507
0.319523
0.319534
0.31957
0.31959
0.319593
0.319597
0.319604
0.319607
0.319609
0.319617
0.319627
0.319631
0.319644
0.319654
0.319654
0.319663
0.319663
0.319668
0.319671
0.319687
0.31969
0.319703
0.319707
0.319707
0.319707
0.319711
0.319714
0.31972
0.31972
0.319727
0.319753
0.319767
0.319797
0.319803
0.31982
0.319821
0.31983
0.31984
0.319851
0.319857
0.31986
0.319867
0.319867
0.319877
0.319877
0.31988
0.319883
0.31989
0.319907
0.319907
0.319921
0.319927
0.319933
0.319944
0.319946
0.31995
0.319957
0.31996
0.319964
0.319964
0.31997
0.31997
0.319971
0.319974
0.31998
0.319983
0.319993
0.319998
0.320007
0.320011
0.32002
0.320021
0.320023
0.320026
0.320026
0.320027
0.320033
0.320051
0.32006
0.32007
0.320073
0.320077
0.320077
0.320087
0.320094
0.32011
0.32012
0.320123
0.320124
0.320134
0.32015
0.320154
0.320177
0.320207
0.320207
0.320233
0.320241
0.320244
0.32027
0.320287
0.3203
0.320303
0.320306
0.320307
0.320308
0.320313
0.320317
0.320321
0.320323
0.320328
0.32034
0.320341
0.320343
0.32035
0.320361
0.320361
0.320364
0.320364
0.320374
0.32038
0.3204
0.320407
0.320421
0.320433
0.320434
0.320443
0.32045
0.320461
0.320477
0.32048
0.320487
0.320489
0.320493
0.320494
0.320504
0.320524
0.32053
0.320553
0.320554
0.320557
0.320563
0.320577
0.320578
0.32058
0.320584
0.3206
0.320628
0.32063
0.320631
0.320641
0.320644
0.320676
0.320687
0.320694
0.320704
0.320714
0.32072
0.320723
0.320723
0.32073
0.320744
0.320744
0.320753
0.32076
0.32076
0.32076
0.320767
0.320774
0.320777
0.320781
0.320793
0.320794
0.320797
0.3208
0.320807
0.32081
0.320814
0.320815
0.32083
0.32083
0.320853
0.320864
0.320867
0.320867
0.320874
0.320883
0.320886
0.32089
0.320893
0.320897
0.320901
0.320904
0.320911
0.320924
0.320931
0.320934
0.320943
0.320944
0.320958
0.320964
0.320966
0.320981
0.32099
0.320993
0.320994
0.321003
0.321017
0.321017
0.32104
0.321041
0.321044
0.321048
0.321058
0.321063
0.321087
0.32109
0.32109
0.321093
0.321094
0.321094
0.321117
0.321123
0.321137
0.321141
0.321147
0.321161
0.321165
0.321171
0.321174
0.321177
0.321197
0.321198
0.3212
0.3212
0.321204
0.321204
0.321213
0.321243
0.321246
0.32125
0.321264
0.321276
0.321277
0.321277
0.321278
0.32128
0.321297
0.321306
0.321323
0.321323
0.321333
0.32134
0.321347
0.32135
0.32135
0.32135
0.32135
0.321354
0.321354
0.321358
0.321367
0.32138
0.321384
0.321391
0.321393
0.32141
0.321413
0.321417
0.321417
0.321417
0.321423
0.321438
0.32144
0.321453
0.32146
0.321474
0.321484
0.32149
0.32149
0.321493
0.321526
0.321527
0.321536
0.321537
0.321546
0.321553
0.321555
0.32156
0.321587
0.321587
0.321597
0.3216
0.321617
0.32162
0.321637
0.321646
0.321648
0.321651
0.321657
0.32167
0.32169
0.321691
0.321693
0.321697
0.321701
0.321707
0.321707
0.321714
0.321727
0.321731
0.321737
0.321758
0.321763
0.32177
0.32177
0.321774
0.32178
0.321781
0.321787
0.32179
0.321791
0.321793
0.321793
0.321807
0.321811
0.321817
0.321821
0.321821
0.321833
0.321837
0.321841
0.321843
0.321847
0.321871
0.321871
0.321874
0.321885
0.32189
0.321893
0.321897
0.321897
0.321901
0.321916
0.321921
0.321924
0.321936
0.321944
0.32196
0.321964
0.321966
0.32197
0.321973
0.321983
0.321983
0.321983
0.321984
0.321998
0.322
0.322013
0.322017
0.322021
0.32203
0.322047
0.32205
0.322051
0.32206
0.32206
0.322067
0.322071
0.322074
0.322086
0.322087
0.32209
0.322093
0.32211
0.322114
0.322133
0.32214
0.32214
0.322143
0.322161
0.322198
0.322203
0.322204
0.322205
0.322206
0.32221
0.32222
0.32223
0.322237
0.32224
0.322247
0.32225
0.322259
0.322264
0.32228
0.322281
0.322291
0.322294
0.322301
0.322307
0.322313
0.322317
0.32232
0.322324
0.322327
0.322327
0.322334
0.322337
0.322343
0.322363
0.322371
0.32238
0.322381
0.32239
0.322393
0.3224
0.32241
0.322414
0.322424
0.322424
0.322427
0.322433
0.322434
0.322444
0.322444
0.322447
0.322448
0.32245
0.322466
0.32247
0.322477
0.32248
0.32248
0.322485
0.322516
0.322517
0.32252
0.322528
0.322537
0.32254
0.322541
0.322547
0.322553
0.322554
0.322557
0.32256
0.322574
0.322583
0.322588
0.32259
0.322597
0.322603
0.322607
0.32262
0.32264
0.322657
0.322704
0.322708
0.322711
0.322711
0.322727
0.322734
0.32274
0.32274
0.322746
0.32275
0.322763
0.322767
0.322787
0.322793
0.3228
0.322807
0.322811
0.322824
0.32283
0.322831
0.322836
0.322853
0.322855
0.32286
0.32287
0.322881
0.322884
0.3229
0.32291
0.322914
0.322937
0.322938
0.322946
0.322953
0.322954
0.322964
0.322964
0.32297
0.322977
0.322984
0.322987
0.322993
0.322994
0.323001
0.323023
0.323024
0.32303
0.32303
0.323034
0.323046
0.323067
0.323073
0.323074
0.32308
0.32308
0.323093
0.323093
0.323124
0.32315
0.323153
0.323153
0.323167
0.32318
0.323181
0.323187
0.323191
0.323191
0.323214
0.323216
0.323227
0.323241
0.323241
0.323243
0.323246
0.323263
0.323267
0.323278
0.32328
0.323327
0.323354
0.323354
0.323373
0.32338
0.323401
0.32341
0.323418
0.323424
0.323431
0.323433
0.32344
0.323444
0.323447
0.323463
0.32347
0.323473
0.323477
0.323478
0.32348
0.32348
0.3235
0.323507
0.323507
0.323507
0.32351
0.32351
0.32352
0.323527
0.323537
0.323547
0.323557
0.32356
0.323567
0.323567
0.323587
0.323603
0.323603
0.323604
0.323634
0.32364
0.323654
0.323654
0.323654
0.323657
0.323663
0.323674
0.323684
0.32369
0.323703
0.323703
0.323717
0.32372
0.323734
0.323736
0.323747
0.323757
0.32377
0.323776
0.323777
0.32378
0.323786
0.323791
0.323804
0.323834
0.323834
0.323834
0.323873
0.323877
0.323877
0.32388
0.323887
0.323899
0.3239
0.3239
0.323907
0.323916
0.323926
0.323937
0.323946
0.323947
0.323968
0.323971
0.323973
0.323973
0.323974
0.323987
0.323987
0.324001
0.324004
0.32401
0.324014
0.324014
0.324017
0.324021
0.324023
0.324024
0.324026
0.324027
0.324034
0.32404
0.324047
0.32405
0.324077
0.324077
0.324077
0.324087
0.32409
0.324093
0.324104
0.324107
0.324116
0.324136
0.324143
0.32416
0.324174
0.324177
0.324184
0.324184
0.32419
0.324196
0.32421
0.32422
0.32422
0.324223
0.324227
0.324233
0.324233
0.32424
0.32424
0.32424
0.32424
0.324244
0.324253
0.324267
0.324284
0.324294
0.3243
0.324303
0.324317
0.32432
0.324323
0.324326
0.324353
0.32437
0.32438
0.324394
0.324403
0.32441
0.324413
0.324415
0.32445
0.324458
0.324463
0.324467
0.32447
0.324473
0.324514
0.324514
0.324517
0.324527
0.32453
0.324538
0.324543
0.324544
0.324554
0.324557
0.3246
0.324601
0.324603
0.324606
0.324618
0.324623
0.324657
0.32466
0.324664
0.324667
0.32468
0.324685
0.32469
0.324691
0.324693
0.324696
0.324708
0.324711
0.324723
0.32473
0.324733
0.324734
0.324736
0.324737
0.324744
0.324744
0.32475
0.324758
0.324764
0.324765
0.324774
0.324783
0.324791
0.324796
0.3248
0.324831
0.324834
0.324836
0.32484
0.324843
0.324857
0.324877
0.324878
0.324883
0.32489
0.324901
0.32491
0.32491
0.32491
0.32491
0.324913
0.324943
0.324944
0.324948
0.32495
0.324957
0.324963
0.324964
0.324971
0.32498
0.32499
0.324994
0.325007
0.325034
0.325041
0.32505
0.325061
0.325083
0.325087
0.325091
0.3251
0.325107
0.32511
0.325124
0.32513
0.32514
0.325143
0.325144
0.325144
0.325171
0.325181
0.325181
0.325181
0.325194
0.325197
0.325204
0.325206
0.325209
0.325214
0.325217
0.325223
0.325231
0.325233
0.325235
0.325238
0.325241
0.32525
0.325253
0.32526
0.325267
0.32527
0.325287
0.325316
0.325323
0.325331
0.325334
0.32534
0.325357
0.325367
0.32537
0.32537
0.32538
0.325387
0.32539
0.325391
0.325401
0.325406
0.325431
0.325431
0.325437
0.325444
0.325447
0.325457
0.32546
0.325474
0.325483
0.32549
0.325497
0.3255
0.3255
0.325504
0.325523
0.325528
0.325531
0.32554
0.32554
0.325543
0.32556
0.325567
0.325574
0.325591
0.3256
0.3256
0.325617
0.32562
0.325625
0.325627
0.325628
0.325644
0.32565
0.325671
0.325673
0.325691
0.3257
0.32571
0.325717
0.32572
0.325724
0.325741
0.325745
0.325754
0.325755
0.325763
0.325767
0.32577
0.325793
0.3258
0.325804
0.325805
0.32581
0.325831
0.325837
0.325858
0.325871
0.325884
0.325887
0.32589
0.325903
0.325937
0.32596
0.325971
0.325974
0.32598
0.325987
0.325998
0.326004
0.326007
0.326014
0.326014
0.326018
0.326023
0.326037
0.326047
0.32607
0.32607
0.326076
0.326077
0.32608
0.326084
0.326113
0.326118
0.326121
0.326123
0.326124
0.326126
0.326127
0.326127
0.326137
0.326141
0.326157
0.326174
0.326179
0.326185
0.326207
0.32621
0.326211
0.326233
0.326244
0.326257
0.32626
0.326281
0.3263
0.326304
0.326308
0.326334
0.326337
0.326338
0.326341
0.326344
0.32637
0.326371
0.326376
0.326383
0.3264
0.326404
0.32643
0.326437
0.326445
0.326456
0.326461
0.32647
0.326474
0.32649
0.3265
0.32652
0.326521
0.326523
0.32653
0.326543
0.326554
0.32656
0.326563
0.32657
0.326577
0.326577
0.326577
0.326597
0.3266
0.326601
0.326607
0.32661
0.326613
0.326633
0.326643
0.326668
0.326674
0.326677
0.326678
0.32672
0.32672
0.326721
0.32673
0.326743
0.326746
0.326757
0.326777
0.326794
0.32681
0.326833
0.326847
0.326854
0.326864
0.326871
0.326893
0.326909
0.326913
0.326924
0.326927
0.326944
0.326947
0.32695
0.326957
0.32696
0.326967
0.32697
0.326974
0.326994
0.326997
0.32701
0.32702
0.32702
0.327033
0.32705
0.32706
0.327061
0.327087
0.327097
0.327097
0.3271
0.327105
0.32711
0.32711
0.327117
0.32712
0.32712
0.327123
0.327147
0.327154
0.327154
0.327164
0.327177
0.32718
0.32718
0.327197
0.327203
0.327224
0.327227
0.327237
0.327264
0.32727
0.327287
0.32729
0.3273
0.327304
0.327307
0.32731
0.327314
0.327321
0.327334
0.327337
0.327363
0.327364
0.327383
0.327384
0.327405
0.327411
0.327411
0.32742
0.327423
0.327423
0.327427
0.327431
0.327433
0.327435
0.327443
0.327453
0.327453
0.32746
0.32747
0.327473
0.327492
0.327503
0.327507
0.32752
0.32752
0.327524
0.327527
0.327534
0.327544
0.32755
0.32755
0.327551
0.327574
0.327577
0.327578
0.32758
0.32761
0.327613
0.327617
0.327624
0.327657
0.327663
0.327666
0.32767
0.32767
0.32767
0.327683
0.32769
0.3277
0.327707
0.32771
0.327723
0.32773
0.32773
0.327736
0.327737
0.327748
0.327757
0.327761
0.327767
0.32777
0.327774
0.32778
0.327787
0.32779
0.32782
0.327843
0.327847
0.327854
0.327857
0.32786
0.327875
0.327883
0.327894
0.327907
0.32791
0.32791
0.327914
0.327914
0.327927
0.327935
0.327944
0.327946
0.32796
0.327961
0.327963
0.327967
0.327967
0.327987
0.327991
0.328
0.328033
0.328037
0.328043
0.328058
0.328067
0.328077
0.328087
0.328087
0.32811
0.32812
0.328127
0.328127
0.328142
0.328144
0.328148
0.328164
0.328167
0.328204
0.328223
0.328224
0.328238
0.328244
0.328247
0.328263
0.328264
0.32827
0.328271
0.328273
0.328291
0.328297
0.328303
0.32831
0.328314
0.328317
0.328321
0.328326
0.328334
0.328353
0.328361
0.328376
0.328378
0.328385
0.32839
0.328414
0.328421
0.328427
0.328451
0.328453
0.328474
0.328476
0.32848
0.328483
0.328485
0.32849
0.328493
0.328496
0.328508
0.328511
0.328517
0.328521
0.328597
0.328614
0.328624
0.328634
0.3287
0.32871
0.328723
0.328724
0.328727
0.32873
0.328744
0.328754
0.328767
0.328767
0.328777
0.32878
0.328786
0.32879
0.328794
0.3288
0.328804
0.328823
0.328826
0.328833
0.328867
0.328873
0.328894
0.3289
0.328903
0.328903
0.32891
0.32891
0.32891
0.328911
0.328914
0.328921
0.328924
0.328924
0.328931
0.328934
0.328936
0.328944
0.328963
0.328976
0.32898
0.328981
0.328994
0.329011
0.329033
0.329045
0.329047
0.329048
0.329057
0.329084
0.329093
0.329104
0.329117
0.32912
0.329123
0.329141
0.329144
0.329156
0.32916
0.32916
0.329182
0.329203
0.329214
0.329224
0.329234
0.329237
0.329237
0.329268
0.32927
0.329274
0.329277
0.32929
0.329291
0.3293
0.329301
0.329304
0.329307
0.329345
0.329347
0.329347
0.329348
0.32935
0.329364
0.329364
0.32937
0.32939
0.329397
0.329397
0.329411
0.329417
0.329444
0.329454
0.329457
0.329457
0.32946
0.329484
0.329504
0.32952
0.329532
0.32956
0.329573
0.329575
0.329586
0.32963
0.329637
0.32964
0.329643
0.329657
0.329657
0.329658
0.329661
0.329674
0.32968
0.329686
0.32969
0.329694
0.329697
0.3297
0.329704
0.329706
0.32971
0.329721
0.329727
0.32973
0.329734
0.329744
0.329744
0.329746
0.32975
0.329751
0.32977
0.329794
0.329795
0.329807
0.329807
0.329811
0.329816
0.32982
0.329827
0.329837
0.329837
0.329847
0.329857
0.329866
0.329874
0.329883
0.329887
0.329888
0.32991
0.329923
0.329936
0.329937
0.329953
0.329954
0.329972
0.32998
0.33
0.330014
0.330027
0.33003
0.330037
0.33004
0.33004
0.330077
0.330084
0.33011
0.330111
0.330144
0.330153
0.330154
0.330157
0.330165
0.33017
0.33018
0.33018
0.330185
0.330187
0.33021
0.33021
0.330243
0.330253
0.330257
0.330284
0.33029
0.33029
0.33029
0.330297
0.3303
0.330323
0.330327
0.33033
0.33033
0.33034
0.330347
0.330381
0.330391
0.330393
0.330407
0.330414
0.330421
0.330427
0.330437
0.330451
0.33046
0.330461
0.33048
0.330494
0.330497
0.33051
0.330524
0.330537
0.330537
0.33055
0.33055
0.330554
0.330557
0.33058
0.330587
0.330597
0.330597
0.330614
0.330623
0.330637
0.330637
0.33064
0.330643
0.330643
0.33065
0.330651
0.33066
0.330663
0.330665
0.33069
0.3307
0.330701
0.330724
0.330727
0.330734
0.330737
0.330737
0.330746
0.330751
0.330777
0.33078
0.330803
0.330813
0.33082
0.33083
0.330853
0.330857
0.330877
0.330878
0.330881
0.330881
0.330883
0.330897
0.330897
0.33091
0.330923
0.330953
0.330977
0.33098
0.330994
0.330998
0.331
0.331044
0.33106
0.331071
0.331084
0.3311
0.331134
0.331141
0.331147
0.331167
0.331183
0.331197
0.331201
0.331208
0.331217
0.331223
0.331227
0.331227
0.331233
0.331244
0.331246
0.331267
0.33127
0.331278
0.331294
0.331303
0.331304
0.331305
0.331324
0.331377
0.331396
0.331427
0.331454
0.33146
0.331467
0.33148
0.3315
0.331503
0.331507
0.331511
0.331526
0.33153
0.331531
0.331537
0.331547
0.331561
0.33158
0.331583
0.331603
0.331611
0.33162
0.331627
0.33164
0.331641
0.331641
0.33165
0.331653
0.331667
0.331677
0.331677
0.33169
0.331704
0.331704
0.33171
0.331717
0.331726
0.33173
0.33173
0.331754
0.331771
0.331803
0.331806
0.331807
0.33183
0.331831
0.33185
0.331863
0.33187
0.33189
0.331893
0.331901
0.331914
0.33192
0.331923
0.33193
0.331931
0.331955
0.331957
0.331977
0.331983
0.331984
0.331987
0.332
0.332013
0.332024
0.332027
0.332033
0.332038
0.332056
0.332056
0.33207
0.3321
0.332102
0.332113
0.332114
0.332123
0.332126
0.33213
0.332137
0.33216
0.332183
0.33219
0.332194
0.332197
0.332201
0.332207
0.33223
0.332253
0.332267
0.33227
0.332275
0.332296
0.3323
0.33231
0.332314
0.332316
0.332317
0.332397
0.3324
0.332403
0.332418
0.33243
0.33243
0.332433
0.332434
0.332437
0.332457
0.33246
0.332487
0.33255
0.332555
0.332566
0.332571
0.33258
0.332597
0.3326
0.332601
0.332611
0.33262
0.332621
0.33264
0.332651
0.332654
0.332657
0.332657
0.332657
0.332658
0.332673
0.332684
0.332731
0.332747
0.33275
0.332777
0.332778
0.332797
0.332807
0.332817
0.332834
0.332844
0.332851
0.332861
0.332864
0.332867
0.332873
0.33288
0.332891
0.332907
0.33291
0.332917
0.33293
0.33293
0.332931
0.332936
0.332957
0.33297
0.332973
0.332984
0.332994
0.33301
0.333014
0.33302
0.333024
0.333027
0.333047
0.333057
0.333067
0.333071
0.333074
0.333077
0.333084
0.333086
0.333101
0.333111
0.33312
0.333128
0.333128
0.333133
0.333134
0.333167
0.333174
0.33321
0.33321
0.333227
0.333257
0.333283
0.333284
0.333291
0.333303
0.333307
0.333317
0.333323
0.333331
0.333337
0.333346
0.333374
0.333377
0.333378
0.333384
0.33339
0.333395
0.333397
0.333401
0.333493
0.333497
0.333508
0.333514
0.333524
0.333526
0.333537
0.333551
0.333556
0.333561
0.333564
0.333567
0.333584
0.333601
0.333608
0.33363
0.333647
0.33365
0.33365
0.333651
0.333664
0.333714
0.333727
0.333734
0.333747
0.33375
0.33376
0.333774
0.333777
0.333794
0.333796
0.3338
0.333803
0.333808
0.333824
0.333827
0.333831
0.333864
0.333871
0.333884
0.333893
0.333894
0.333898
0.333904
0.333904
0.333905
0.333918
0.33392
0.33393
0.33394
0.333947
0.33395
0.333951
0.333953
0.333976
0.333981
0.333981
0.333984
0.333994
0.334004
0.334007
0.33402
0.334024
0.334033
0.33404
0.334044
0.334054
0.33408
0.334083
0.334087
0.33409
0.334097
0.334103
0.334107
0.334117
0.334123
0.33413
0.334133
0.334141
0.334144
0.334164
0.334177
0.334183
0.334187
0.3342
0.33421
0.33423
0.334237
0.334243
0.33425
0.334264
0.334287
0.334304
0.334307
0.33432
0.334331
0.33436
0.33436
0.334363
0.334373
0.334374
0.334386
0.334403
0.334404
0.33441
0.334433
0.33444
0.334458
0.33447
0.334476
0.334487
0.334487
0.334537
0.33454
0.334543
0.334573
0.334586
0.334591
0.334604
0.334627
0.33464
0.334643
0.334656
0.334661
0.334667
0.33468
0.334693
0.334696
0.334697
0.334703
0.334707
0.33471
0.334711
0.334713
0.334724
0.334727
0.334727
0.33473
0.334737
0.33475
0.334753
0.334771
0.334776
0.334785
0.334803
0.334811
0.334811
0.334817
0.33483
0.334834
0.334854
0.33486
0.334861
0.33487
0.33489
0.334894
0.334908
0.334913
0.334917
0.33492
0.334927
0.33493
0.334933
0.334938
0.334944
0.334956
0.33496
0.334983
0.334984
0.33499
0.33499
0.334997
0.335006
0.335007
0.335016
0.335017
0.335028
0.335047
0.33508
0.335098
0.335143
0.335156
0.33516
0.335163
0.335164
0.335166
0.335181
0.335188
0.335204
0.335214
0.335216
0.335237
0.335241
0.33527
0.335273
0.335274
0.335277
0.335294
0.335302
0.335316
0.335324
0.335356
0.335373
0.33538
0.335387
0.335391
0.335393
0.335396
0.335407
0.335421
0.33545
0.335474
0.335476
0.335484
0.335489
0.33549
0.3355
0.335503
0.33554
0.335556
0.335557
0.33556
0.33557
0.335573
0.33558
0.335587
0.335603
0.33561
0.335614
0.335614
0.335626
0.335633
0.335634
0.335637
0.335644
0.335668
0.335688
0.33569
0.335696
0.335704
0.335714
0.335733
0.335733
0.335733
0.33574
0.335744
0.335753
0.335773
0.335774
0.33578
0.335787
0.33579
0.335793
0.335801
0.33582
0.335821
0.335857
0.335867
0.335868
0.33587
0.335884
0.33589
0.33589
0.335897
0.3359
0.335908
0.335927
0.33593
0.335933
0.335937
0.33594
0.33597
0.335981
0.33599
0.336017
0.33602
0.336033
0.336035
0.336036
0.336047
0.336051
0.336073
0.33608
0.336083
0.336087
0.336097
0.3361
0.336113
0.336114
0.33613
0.33613
0.336167
0.336177
0.33619
0.3362
0.3362
0.336207
0.336224
0.336241
0.336254
0.336257
0.336257
0.336267
0.336283
0.336283
0.336296
0.336324
0.336341
0.33636
0.336367
0.33637
0.336377
0.336377
0.33638
0.336397
0.336403
0.33641
0.33641
0.336412
0.33642
0.336421
0.336453
0.336454
0.336461
0.336463
0.33647
0.336476
0.33648
0.336483
0.336498
0.336501
0.336503
0.336517
0.336531
0.336544
0.336553
0.33656
0.33656
0.336577
0.336586
0.336594
0.336617
0.336618
0.33662
0.336628
0.336634
0.336644
0.336651
0.336651
0.33666
0.336661
0.33668
0.336687
0.336687
0.336703
0.33671
0.336717
0.336741
0.336746
0.336754
0.336754
0.336757
0.336758
0.336783
0.336786
0.336787
0.336792
0.336803
0.33681
0.336818
0.336823
0.33683
0.336837
0.336856
0.33686
0.33687
0.33687
0.33688
0.336893
0.336913
0.336948
0.33695
0.336956
0.33696
0.33697
0.33697
0.336974
0.336978
0.336983
0.336996
0.337013
0.337013
0.337014
0.337015
0.337016
0.337024
0.337034
0.337038
0.33704
0.337053
0.337074
0.337089
0.3371
0.337107
0.337124
0.33713
0.337131
0.337147
0.337156
0.337168
0.337214
0.337216
0.337217
0.337223
0.337228
0.337241
0.337247
0.33725
0.33725
0.337253
0.337274
0.337277
0.337297
0.337297
0.337323
0.33734
0.337346
0.33735
0.337363
0.337364
0.33738
0.33739
0.337391
0.337391
0.337406
0.33741
0.33741
0.33742
0.337437
0.33746
0.337487
0.337498
0.337501
0.337504
0.337513
0.337514
0.337534
0.337537
0.337537
0.337543
0.337553
0.33756
0.337567
0.337587
0.337627
0.337634
0.337637
0.33765
0.337667
0.337673
0.337687
0.33769
0.337693
0.337694
0.337696
0.337707
0.33771
0.337717
0.337717
0.337721
0.33773
0.337733
0.337744
0.337747
0.337764
0.337787
0.33779
0.337791
0.337807
0.33781
0.337824
0.337848
0.337857
0.337858
0.33786
0.337874
0.337883
0.33789
0.337894
0.337898
0.337901
0.337908
0.337917
0.33793
0.337931
0.337947
0.337957
0.337961
0.337961
0.337963
0.337964
0.337977
0.337997
0.338001
0.338016
0.338017
0.338033
0.33804
0.338043
0.338047
0.33805
0.338051
0.338068
0.338074
0.338091
0.338093
0.338097
0.338107
0.338124
0.338133
0.338143
0.338167
0.33818
0.338184
0.338191
0.338217
0.338224
0.338235
0.33824
0.338243
0.338248
0.338257
0.338264
0.338283
0.338291
0.338294
0.338298
0.338308
0.338329
0.338333
0.338341
0.338344
0.338351
0.338351
0.33837
0.338374
0.338401
0.338424
0.338427
0.338447
0.338453
0.338457
0.338457
0.338463
0.33848
0.338498
0.3385
0.33853
0.338537
0.338557
0.338564
0.338577
0.33859
0.338601
0.338604
0.33861
0.338647
0.338663
0.338667
0.338673
0.338687
0.33869
0.338693
0.3387
0.338703
0.338707
0.338717
0.338724
0.33873
0.338734
0.338742
0.33875
0.338757
0.338757
0.33876
0.33876
0.33877
0.338771
0.338774
0.338774
0.33878
0.338787
0.338804
0.338806
0.33881
0.338814
0.338841
0.338849
0.33886
0.338886
0.33889
0.338891
0.338897
0.33891
0.338914
0.33893
0.338937
0.338956
0.338964
0.338967
0.338967
0.33897
0.338974
0.338977
0.338977
0.338984
0.339
0.339
0.339007
0.339017
0.339021
0.33904
0.33906
0.339067
0.339075
0.339097
0.3391
0.339107
0.33912
0.339127
0.33913
0.33913
0.33914
0.339167
0.339167
0.339171
0.339177
0.33918
0.3392
0.339214
0.339227
0.339233
0.339243
0.339261
0.339277
0.33928
0.339293
0.339301
0.339304
0.339307
0.33931
0.339323
0.339346
0.339353
0.339354
0.33936
0.339367
0.33937
0.339384
0.33939
0.33939
0.339424
0.33943
0.339431
0.339431
0.339444
0.339477
0.339493
0.339503
0.339518
0.339521
0.339527
0.339536
0.339551
0.339553
0.339553
0.339553
0.339554
0.339564
0.339574
0.339585
0.339597
0.3396
0.3396
0.339617
0.339621
0.339631
0.339654
0.339654
0.339656
0.339675
0.339687
0.339691
0.339703
0.339727
0.339727
0.339727
0.33973
0.339736
0.33975
0.339751
0.339753
0.33976
0.33976
0.339761
0.339763
0.339766
0.339786
0.339791
0.339804
0.339807
0.33981
0.339817
0.339827
0.339873
0.339874
0.339877
0.339888
0.339906
0.339917
0.339927
0.339973
0.339976
0.339994
0.339997
0.340001
0.340008
0.340017
0.340027
0.340037
0.340043
0.340043
0.340047
0.340053
0.340057
0.340077
0.340081
0.340086
0.340087
0.340091
0.3401
0.340113
0.340114
0.34013
0.34013
0.340133
0.340144
0.340157
0.34016
0.340164
0.340167
0.340171
0.340194
0.34022
0.340221
0.340234
0.34024
0.340243
0.340244
0.34025
0.34025
0.340294
0.34031
0.340316
0.340331
0.34035
0.34035
0.340351
0.34038
0.340387
0.340393
0.34041
0.340414
0.340423
0.340424
0.340431
0.340437
0.34045
0.340454
0.340463
0.340484
0.340493
0.340506
0.340537
0.340543
0.34055
0.340558
0.340578
0.340585
0.3406
0.340601
0.34061
0.340614
0.340647
0.340657
0.340678
0.340684
0.340686
0.340714
0.340721
0.340726
0.340734
0.340743
0.340747
0.340764
0.340764
0.340766
0.340767
0.340773
0.340774
0.340787
0.340793
0.340794
0.34081
0.340834
0.340836
0.340847
0.340854
0.34087
0.340874
0.340881
0.340884
0.340904
0.340904
0.340958
0.340967
0.340967
0.340968
0.340981
0.340988
0.340993
0.341
0.341004
0.341007
0.341007
0.341013
0.341027
0.341028
0.34104
0.341041
0.341057
0.34107
0.34107
0.341078
0.341083
0.34109
0.341096
0.341103
0.341103
0.341135
0.34114
0.34114
0.34115
0.341154
0.34116
0.341164
0.34117
0.341203
0.341204
0.341207
0.341208
0.341214
0.341221
0.341223
0.341227
0.341241
0.341264
0.341287
0.341301
0.341307
0.341326
0.34133
0.34134
0.341346
0.341353
0.341364
0.341371
0.341373
0.341387
0.34141
0.341415
0.341415
0.341421
0.34143
0.341433
0.341437
0.341438
0.34148
0.34149
0.341503
0.341504
0.341513
0.341524
0.341536
0.34154
0.341546
0.341554
0.341554
0.34157
0.341577
0.341584
0.341588
0.341593
0.341594
0.341601
0.341617
0.341617
0.341621
0.341626
0.341628
0.34164
0.341653
0.34166
0.341676
0.341687
0.34172
0.341733
0.341737
0.34174
0.34175
0.341751
0.341758
0.341767
0.341775
0.341784
0.341784
0.34179
0.341793
0.3418
0.341813
0.341818
0.34183
0.341831
0.341834
0.341834
0.341863
0.341864
0.341874
0.341877
0.341877
0.341883
0.341887
0.341887
0.341897
0.341914
0.34193
0.341933
0.341934
0.34194
0.341958
0.34197
0.34197
0.341973
0.341973
0.341987
0.341993
0.342003
0.342004
0.342005
0.342011
0.342016
0.34202
0.34202
0.342028
0.34203
0.342073
0.34208
0.342087
0.342106
0.342111
0.342113
0.342118
0.34214
0.342151
0.342157
0.342158
0.342158
0.342174
0.342178
0.342187
0.34219
0.342194
0.342237
0.34224
0.342247
0.342253
0.342264
0.34227
0.342284
0.342297
0.342317
0.342338
0.342357
0.342357
0.342357
0.34236
0.34237
0.342377
0.342387
0.342391
0.342394
0.342397
0.342404
0.342407
0.342414
0.342427
0.342427
0.342431
0.34246
0.342466
0.34247
0.34247
0.342477
0.342486
0.342514
0.34252
0.342526
0.342545
0.342557
0.342563
0.34258
0.34258
0.342588
0.342603
0.34261
0.342616
0.34262
0.342623
0.342633
0.342637
0.342661
0.342663
0.342664
0.342667
0.34267
0.342677
0.34269
0.3427
0.342707
0.34271
0.342714
0.342731
0.342734
0.342737
0.34274
0.342778
0.342791
0.342793
0.3428
0.342801
0.342806
0.342807
0.342811
0.342811
0.342816
0.342816
0.342817
0.34282
0.342853
0.342863
0.342863
0.342897
0.342914
0.342927
0.342941
0.34295
0.342959
0.342965
0.342976
0.342997
0.343047
0.343063
0.343063
0.343064
0.343087
0.343095
0.343117
0.34312
0.343127
0.34313
0.343134
0.34315
0.34315
0.343159
0.343167
0.343167
0.343173
0.343174
0.343177
0.34318
0.343181
0.343183
0.34319
0.343193
0.3432
0.343207
0.34321
0.343224
0.343225
0.343234
0.343247
0.34325
0.343273
0.343277
0.343277
0.34328
0.343281
0.343288
0.34331
0.343314
0.34332
0.34333
0.343334
0.343347
0.343367
0.343371
0.343403
0.34341
0.34343
0.343436
0.343443
0.343444
0.343447
0.343454
0.343464
0.343473
0.343478
0.343481
0.343486
0.343488
0.343494
0.3435
0.3435
0.343517
0.343527
0.34354
0.34356
0.343561
0.343563
0.343567
0.34357
0.343573
0.343581
0.343587
0.343588
0.3436
0.343604
0.343606
0.343617
0.343624
0.343627
0.343636
0.343644
0.34365
0.343651
0.343663
0.343667
0.343686
0.343721
0.34373
0.343758
0.34376
0.34376
0.343778
0.343785
0.343786
0.34379
0.343796
0.343801
0.343803
0.343804
0.343804
0.343807
0.34381
0.343815
0.343837
0.343866
0.343883
0.343884
0.343887
0.343893
0.343897
0.34395
0.34396
0.343963
0.343971
0.343974
0.343981
0.343983
0.343994
0.344
0.344001
0.34401
0.34402
0.34402
0.344027
0.34403
0.344043
0.34405
0.344057
0.344061
0.344067
0.344068
0.34407
0.344077
0.344093
0.344103
0.344108
0.34412
0.344138
0.34419
0.344194
0.344197
0.344197
0.34423
0.34423
0.34424
0.344257
0.344263
0.344266
0.344288
0.344291
0.344307
0.344307
0.344313
0.344314
0.344327
0.34435
0.34436
0.344378
0.344396
0.344406
0.344407
0.34442
0.344447
0.344448
0.344463
0.344463
0.344467
0.344473
0.344474
0.34449
0.344507
0.344517
0.344527
0.344528
0.34453
0.344587
0.344604
0.34462
0.34462
0.34463
0.344674
0.344717
0.34472
0.34472
0.344724
0.344727
0.344727
0.34473
0.344733
0.34474
0.344741
0.344754
0.344754
0.344754
0.34476
0.34476
0.344781
0.344797
0.34482
0.34482
0.344835
0.34484
0.34485
0.344893
0.34492
0.344937
0.344954
0.344963
0.344967
0.344967
0.344977
0.344977
0.345007
0.345007
0.345016
0.34502
0.345031
0.345047
0.345047
0.345097
0.3451
0.345103
0.345124
0.34515
0.34516
0.34516
0.345171
0.345188
0.34519
0.345211
0.345213
0.345224
0.345236
0.345244
0.345244
0.345245
0.34525
0.345267
0.34528
0.345291
0.3453
0.345308
0.34532
0.34533
0.345346
0.345363
0.345367
0.345367
0.345384
0.345404
0.345404
0.34548
0.345483
0.345488
0.345495
0.345497
0.345524
0.345524
0.345537
0.345539
0.345543
0.345544
0.345554
0.345567
0.34558
0.34558
0.345583
0.345598
0.3456
0.3456
0.34561
0.345617
0.345625
0.34564
0.34565
0.34567
0.345681
0.345706
0.345707
0.345717
0.345747
0.34575
0.34576
0.345797
0.345813
0.345824
0.34583
0.345831
0.345857
0.345864
0.345874
0.345894
0.345897
0.345904
0.34591
0.345937
0.34594
0.345964
0.345964
0.345965
0.345985
0.34602
0.346041
0.34606
0.34607
0.346074
0.346087
0.3461
0.346104
0.346133
0.346154
0.346167
0.346167
0.34617
0.346176
0.346207
0.34621
0.34621
0.34621
0.34622
0.346221
0.34623
0.346234
0.346237
0.34625
0.346253
0.346256
0.34627
0.346284
0.346297
0.3463
0.346307
0.346317
0.34632
0.346334
0.346337
0.346347
0.346361
0.346366
0.346367
0.34637
0.346387
0.346393
0.3464
0.346403
0.34641
0.346414
0.346417
0.346421
0.346423
0.346444
0.34645
0.346453
0.346454
0.346477
0.346481
0.346486
0.346493
0.346511
0.346514
0.346536
0.346544
0.34655
0.346551
0.346563
0.346573
0.34659
0.346591
0.34661
0.346621
0.346625
0.346643
0.346657
0.34666
0.346674
0.346683
0.34669
0.346704
0.346708
0.34671
0.346714
0.346716
0.346723
0.346743
0.346746
0.34675
0.346753
0.346757
0.346791
0.346801
0.346813
0.346813
0.346827
0.346834
0.346837
0.34685
0.346894
0.346898
0.346906
0.346911
0.346916
0.346921
0.346933
0.346934
0.346953
0.346961
0.346964
0.346994
0.346997
0.346998
0.347007
0.347028
0.347031
0.347036
0.347057
0.347067
0.347077
0.34708
0.347087
0.34709
0.3471
0.347107
0.34711
0.34711
0.34711
0.347111
0.347133
0.347137
0.34717
0.347174
0.34719
0.3472
0.347207
0.34722
0.347234
0.34724
0.347256
0.347264
0.347267
0.34727
0.347283
0.347283
0.347303
0.347326
0.347347
0.347377
0.34738
0.347388
0.34739
0.347391
0.347414
0.347444
0.347448
0.34745
0.347454
0.34748
0.347485
0.347503
0.347504
0.347508
0.347525
0.347533
0.347534
0.34757
0.34758
0.347588
0.347607
0.347611
0.347616
0.347624
0.347624
0.34763
0.347634
0.347638
0.347644
0.347644
0.34767
0.347684
0.347687
0.3477
0.347714
0.347734
0.347738
0.347748
0.347756
0.347784
0.347787
0.347787
0.34779
0.34779
0.347795
0.347797
0.3478
0.347807
0.347813
0.34782
0.34782
0.347847
0.34786
0.347863
0.347868
0.347873
0.347873
0.347877
0.34788
0.347884
0.347893
0.3479
0.347917
0.34792
0.347933
0.347935
0.34794
0.347944
0.347957
0.347978
0.34798
0.347991
0.347997
0.348068
0.348071
0.348075
0.348087
0.348093
0.34811
0.348116
0.348118
0.348137
0.348144
0.348156
0.34819
0.348197
0.3482
0.34823
0.348243
0.348251
0.348266
0.34831
0.34834
0.348347
0.348357
0.348364
0.348391
0.348413
0.348416
0.348417
0.348427
0.348437
0.348452
0.348484
0.348491
0.348497
0.348518
0.34852
0.348521
0.348534
0.348567
0.34859
0.3486
0.348608
0.348673
0.348701
0.348704
0.34871
0.348711
0.348754
0.348794
0.348827
0.348828
0.34884
0.348843
0.348846
0.348854
0.348873
0.348887
0.34889
0.348894
0.348936
0.348944
0.349036
0.349043
0.349047
0.349061
0.349064
0.349074
0.349074
0.349077
0.349078
0.349081
0.349104
0.349111
0.349114
0.349117
0.349123
0.34914
0.349147
0.349147
0.349153
0.349164
0.349167
0.349174
0.349186
0.349197
0.3492
0.349203
0.349216
0.34925
0.349257
0.349257
0.349276
0.34928
0.349283
0.349291
0.349313
0.349314
0.349317
0.349327
0.349333
0.349342
0.34935
0.349354
0.349376
0.34938
0.34938
0.349396
0.349403
0.349417
0.349446
0.349456
0.349487
0.349493
0.349497
0.349501
0.349607
0.349607
0.349634
0.349644
0.34965
0.34966
0.34966
0.349667
0.349667
0.349677
0.3497
0.34971
0.349714
0.349744
0.349751
0.34976
0.349767
0.349777
0.34978
0.349784
0.34981
0.349811
0.34984
0.349858
0.349863
0.349864
0.349937
0.34997
0.349971
0.350017
0.350055
0.350064
0.350081
0.350083
0.350086
0.35015
0.35015
0.350194
0.3502
0.35021
0.350257
0.35026
0.350263
0.350274
0.350277
0.350303
0.350314
0.350324
0.350337
0.350393
0.350396
0.350397
0.35044
0.350441
0.350441
0.350467
0.35048
0.35049
0.350527
0.350563
0.35058
0.350597
0.350623
0.35065
0.350653
0.350687
0.35069
0.35069
0.350723
0.350724
0.350724
0.350743
0.350754
0.35076
0.350766
0.3508
0.35083
0.35084
0.350856
0.350857
0.35087
0.35087
0.350891
0.350921
0.350931
0.350966
0.350967
0.351004
0.351015
0.35102
0.351034
0.351084
0.351104
0.351111
0.351114
0.351126
0.351127
0.351153
0.351157
0.351174
0.351193
0.351197
0.351214
0.351217
0.351224
0.351227
0.351233
0.35128
0.351287
0.351337
0.3514
0.351407
0.35146
0.351466
0.351474
0.35149
0.351523
0.351583
0.351584
0.351591
0.351597
0.351603
0.351605
0.35163
0.35167
0.35167
0.351688
0.351706
0.351707
0.35171
0.351718
0.351727
0.35176
0.351764
0.35178
0.351781
0.351815
0.351844
0.35186
0.351907
0.35191
0.351926
0.351931
0.351937
0.35196
0.35197
0.351984
0.351987
0.35201
0.352023
0.352027
0.352127
0.352127
0.352141
0.352167
0.352194
0.35224
0.352244
0.352247
0.352247
0.352261
0.352267
0.352267
0.352316
0.352326
0.352381
0.352393
0.352394
0.3524
0.35244
0.352443
0.35247
0.352477
0.35249
0.352494
0.352498
0.352508
0.352544
0.352546
0.352563
0.352578
0.352603
0.352614
0.352628
0.352633
0.352637
0.352637
0.35265
0.352651
0.352694
0.352696
0.352727
0.352744
0.352748
0.352763
0.352778
0.352783
0.35283
0.352841
0.352854
0.352874
0.35288
0.352924
0.352936
0.35294
0.352947
0.352954
0.352954
0.352977
0.35298
0.35301
0.353067
0.35307
0.353087
0.35313
0.35314
0.353151
0.353157
0.353158
0.353223
0.353237
0.353256
0.353258
0.35326
0.35328
0.353287
0.353293
0.353298
0.3533
0.353363
0.353404
0.353413
0.35342
0.353426
0.353463
0.353484
0.353499
0.353517
0.353536
0.353553
0.353557
0.353561
0.353564
0.353576
0.353576
0.3536
0.353631
0.353643
0.353655
0.353656
0.353673
0.353681
0.3537
0.353727
0.353735
0.353751
0.353753
0.353776
0.353786
0.353807
0.35387
0.353888
0.3539
0.353931
0.353964
0.35399
0.353994
0.35401
0.354013
0.35403
0.354054
0.354071
0.354077
0.354097
0.354115
0.35413
0.354131
0.354136
0.354163
0.35417
0.35418
0.354197
0.354224
0.354243
0.354288
0.35429
0.354317
0.35433
0.35434
0.354377
0.354381
0.354387
0.354394
0.354403
0.354413
0.35445
0.35446
0.354464
0.354473
0.354479
0.35448
0.354481
0.354497
0.354513
0.354514
0.354524
0.354547
0.354566
0.354577
0.354587
0.35459
0.354618
0.35463
0.354637
0.354637
0.354647
0.354657
0.354677
0.354677
0.354681
0.354684
0.354698
0.35471
0.35471
0.354716
0.354717
0.35475
0.354766
0.354767
0.35477
0.35481
0.35484
0.354874
0.35491
0.354944
0.354953
0.354954
0.35496
0.354984
0.35503
0.355046
0.35505
0.35505
0.355074
0.355087
0.355097
0.355137
0.355143
0.35515
0.35517
0.355177
0.355196
0.355207
0.355224
0.355233
0.355238
0.355261
0.35527
0.355294
0.355347
0.355358
0.355417
0.355423
0.355424
0.355436
0.355453
0.355454
0.355477
0.355481
0.355484
0.355491
0.35551
0.355521
0.355543
0.355567
0.35557
0.355601
0.355614
0.355636
0.35564
0.355647
0.355673
0.355676
0.355687
0.355718
0.35573
0.35574
0.35574
0.35576
0.355774
0.355777
0.35578
0.355873
0.355891
0.355897
0.355907
0.355907
0.355923
0.355947
0.355957
0.355958
0.355977
0.356016
0.356028
0.356057
0.356063
0.35608
0.356087
0.35609
0.356123
0.356127
0.356128
0.356128
0.356134
0.356167
0.356173
0.35619
0.35621
0.356217
0.356227
0.356233
0.356267
0.356268
0.356294
0.3563
0.356304
0.356317
0.356321
0.356334
0.356374
0.356377
0.356474
0.356484
0.356493
0.356497
0.356534
0.356594
0.35665
0.356657
0.356664
0.356674
0.356683
0.356704
0.356707
0.356714
0.356727
0.35674
0.356748
0.35677
0.356774
0.356784
0.35681
0.356823
0.356854
0.356884
0.356897
0.356914
0.35692
0.356956
0.356957
0.356958
0.356963
0.356983
0.357024
0.357043
0.357063
0.357087
0.357116
0.357124
0.35713
0.35713
0.357163
0.357177
0.357184
0.357187
0.357187
0.35719
0.357206
0.357207
0.35721
0.35721
0.357221
0.35724
0.357254
0.357264
0.357268
0.357277
0.357311
0.357313
0.357321
0.357323
0.357346
0.357373
0.357397
0.35741
0.35742
0.357424
0.357457
0.357478
0.357494
0.357496
0.357504
0.357513
0.35753
0.357551
0.357557
0.357563
0.35758
0.35762
0.357624
0.357633
0.35765
0.357657
0.35766
0.357697
0.357703
0.357723
0.357764
0.357767
0.357777
0.357783
0.3578
0.357833
0.357837
0.357837
0.357841
0.357854
0.35786
0.357863
0.3579
0.357901
0.357911
0.35796
0.358003
0.358023
0.358041
0.35807
0.358074
0.358094
0.358133
0.35824
0.35825
0.358294
0.358358
0.358374
0.358397
0.358404
0.358423
0.35844
0.358455
0.358457
0.358461
0.358464
0.35847
0.358473
0.358487
0.358522
0.358537
0.358558
0.358567
0.358581
0.358638
0.358638
0.358643
0.358647
0.358663
0.358703
0.358707
0.358708
0.35871
0.358721
0.358727
0.35874
0.358746
0.35876
0.358767
0.358767
0.35877
0.358774
0.358814
0.358817
0.35882
0.358847
0.358918
0.358943
0.35895
0.358954
0.358977
0.35898
0.35899
0.359007
0.359014
0.359017
0.359067
0.359084
0.359103
0.359106
0.359113
0.359133
0.359136
0.359178
0.359228
0.359298
0.3593
0.359304
0.359307
0.359327
0.359355
0.359397
0.359417
0.359453
0.359464
0.359477
0.35948
0.35952
0.35953
0.359534
0.359571
0.359577
0.359677
0.359687
0.35974
0.35974
0.35979
0.35979
0.359791
0.359806
0.359813
0.359827
0.359841
0.35986
0.359863
0.359923
0.35993
0.359943
0.359953
0.359967
0.359985
0.35999
0.360013
0.360017
0.360031
0.360033
0.360048
0.360084
0.360087
0.36011
0.360133
0.360136
0.36014
0.36015
0.360154
0.360194
0.360201
0.36023
0.360247
0.36025
0.360254
0.360274
0.360283
0.360341
0.360378
0.36038
0.360403
0.360498
0.360517
0.360524
0.36054
0.360554
0.360554
0.360581
0.3606
0.360607
0.360621
0.360647
0.360651
0.360698
0.360703
0.360707
0.36074
0.360748
0.360771
0.360777
0.360783
0.360806
0.36081
0.360838
0.360846
0.36093
0.360987
0.361
0.361
0.36102
0.36104
0.36111
0.361121
0.361137
0.361144
0.361157
0.361167
0.361186
0.361187
0.361194
0.361244
0.36125
0.361251
0.361263
0.361267
0.361303
0.361315
0.361321
0.361338
0.361351
0.361363
0.361404
0.361413
0.361437
0.36147
0.361493
0.361515
0.361534
0.361547
0.361583
0.361623
0.361627
0.361634
0.361637
0.36167
0.361754
0.361763
0.36179
0.361817
0.361826
0.361847
0.361847
0.361864
0.361897
0.3619
0.361921
0.361927
0.361951
0.361967
0.362014
0.362017
0.362041
0.362073
0.36208
0.362134
0.362144
0.36216
0.362184
0.36219
0.362221
0.362253
0.362333
0.362337
0.362343
0.362376
0.36239
0.362427
0.362448
0.362466
0.362476
0.362486
0.362567
0.362598
0.362607
0.36264
0.362667
0.36275
0.362768
0.362774
0.362815
0.362823
0.362823
0.362827
0.362833
0.362837
0.36284
0.362897
0.3629
0.362908
0.362934
0.362957
0.36296
0.362976
0.363033
0.363066
0.363157
0.363177
0.363191
0.363204
0.363237
0.363257
0.363283
0.363294
0.363333
0.363346
0.363366
0.363373
0.363376
0.363381
0.36339
0.363394
0.363405
0.363407
0.363494
0.36351
0.36352
0.363524
0.363596
0.363648
0.363653
0.36366
0.363664
0.363683
0.363706
0.363717
0.36377
0.36382
0.363844
0.363844
0.363867
0.363971
0.364007
0.36405
0.364105
0.36412
0.36419
0.364203
0.364241
0.364241
0.36429
0.364325
0.36433
0.364333
0.364337
0.364367
0.364374
0.364377
0.364383
0.36439
0.36443
0.364503
0.364517
0.364548
0.364565
0.364607
0.364628
0.364628
0.364656
0.364691
0.364768
0.364774
0.364801
0.364803
0.36482
0.364884
0.364888
0.364903
0.364905
0.364917
0.364927
0.364951
0.364967
0.364988
0.365
0.365014
0.365066
0.36507
0.365094
0.365114
0.365134
0.365201
0.365208
0.365226
0.365227
0.365276
0.3653
0.365303
0.36531
0.36536
0.365381
0.365387
0.365394
0.365397
0.365421
0.365437
0.365453
0.365487
0.365557
0.36561
0.36562
0.365661
0.365667
0.365678
0.365698
0.365703
0.365731
0.365754
0.36576
0.365767
0.365774
0.365804
0.36584
0.365863
0.365877
0.3659
0.366067
0.366077
0.366081
0.366131
0.366153
0.366257
0.366274
0.366277
0.36629
0.366293
0.3663
0.366343
0.366391
0.366407
0.366411
0.366413
0.366421
0.366443
0.366474
0.366521
0.366541
0.366561
0.366581
0.366596
0.3666
0.366637
0.366685
0.366698
0.3667
0.366743
0.366747
0.366751
0.366768
0.366803
0.366813
0.366834
0.366844
0.366844
0.36687
0.366887
0.366887
0.366904
0.366907
0.366937
0.366944
0.366947
0.366994
0.367001
0.367003
0.36704
0.367044
0.367057
0.367073
0.367117
0.367157
0.36721
0.367223
0.367227
0.36723
0.367287
0.367321
0.367344
0.367361
0.36737
0.367474
0.367477
0.367477
0.367487
0.36749
0.367546
0.367546
0.367565
0.367568
0.36757
0.367598
0.367621
0.367627
0.367657
0.367674
0.367687
0.367724
0.367797
0.367847
0.36785
0.36791
0.36793
0.367934
0.367976
0.367977
0.367987
0.36799
0.368001
0.368004
0.36801
0.368014
0.368055
0.368057
0.368103
0.36814
0.368143
0.368144
0.36819
0.368194
0.368207
0.36821
0.368214
0.368238
0.368241
0.368261
0.368275
0.368277
0.36829
0.368291
0.368295
0.368316
0.368334
0.368367
0.368387
0.368411
0.368444
0.36849
0.36859
0.368627
0.368628
0.368633
0.368647
0.368686
0.368724
0.368724
0.368733
0.368771
0.368787
0.368787
0.368798
0.368824
0.368834
0.368856
0.368863
0.368883
0.368894
0.368904
0.36893
0.368951
0.36897
0.368998
0.369004
0.369013
0.369035
0.36904
0.369063
0.369104
0.369154
0.369167
0.369247
0.36926
0.369283
0.369285
0.369294
0.369297
0.369303
0.369306
0.369333
0.369407
0.369417
0.369421
0.369461
0.369514
0.369525
0.369527
0.369541
0.369551
0.369556
0.369561
0.36957
0.369571
0.369583
0.369586
0.369624
0.369684
0.369697
0.369714
0.369734
0.369734
0.369734
0.369803
0.369823
0.369871
0.36989
0.36994
0.36994
0.37004
0.370091
0.3701
0.370138
0.370183
0.370184
0.370207
0.370211
0.370247
0.370258
0.370268
0.370277
0.370317
0.370348
0.37043
0.370461
0.370464
0.370484
0.370497
0.370591
0.370601
0.370614
0.370628
0.370647
0.370744
0.37075
0.37075
0.370797
0.370803
0.37082
0.370841
0.370874
0.37089
0.370913
0.370934
0.370977
0.371027
0.37106
0.371061
0.37113
0.371153
0.371177
0.37119
0.371231
0.371264
0.371276
0.37136
0.371384
0.371417
0.371431
0.371457
0.371518
0.371533
0.371577
0.371584
0.371607
0.371614
0.37166
0.371704
0.37171
0.371711
0.371718
0.371791
0.37182
0.371861
0.371868
0.371897
0.371897
0.37191
0.371923
0.371924
0.371926
0.371956
0.371967
0.371967
0.371987
0.372001
0.372027
0.372067
0.372121
0.37213
0.372147
0.372153
0.372175
0.372221
0.37227
0.372284
0.372303
0.37231
0.372338
0.37234
0.372343
0.372384
0.372404
0.372448
0.372464
0.372517
0.372547
0.372584
0.37262
0.372621
0.372701
0.372714
0.37277
0.372798
0.372803
0.372894
0.3729
0.372933
0.372963
0.372964
0.372971
0.372987
0.372994
0.37303
0.373071
0.37309
0.373093
0.373153
0.373154
0.37316
0.373177
0.373214
0.373227
0.37325
0.37327
0.373274
0.37328
0.37332
0.373333
0.373341
0.373341
0.373367
0.373381
0.373437
0.373476
0.373504
0.373563
0.373568
0.37361
0.373664
0.373686
0.373697
0.373717
0.373721
0.373733
0.373788
0.373794
0.373807
0.373831
0.373843
0.373953
0.37406
0.374063
0.37419
0.374217
0.374231
0.374234
0.374237
0.374263
0.374277
0.374277
0.37434
0.37436
0.374361
0.374387
0.37439
0.374437
0.374471
0.374544
0.374576
0.37465
0.374651
0.37466
0.374697
0.374724
0.374746
0.374764
0.374788
0.374807
0.374813
0.374814
0.374841
0.374867
0.37491
0.37492
0.374936
0.374964
0.37497
0.375011
0.375011
0.375014
0.37502
0.375043
0.375076
0.375251
0.375277
0.37528
0.375294
0.37538
0.37539
0.375411
0.375426
0.37543
0.375474
0.37553
0.375571
0.37558
0.375654
0.375707
0.375757
0.375767
0.375773
0.375807
0.375874
0.375878
0.376101
0.376131
0.376173
0.376234
0.376447
0.37646
0.376476
0.37655
0.376583
0.37667
0.376736
0.376814
0.37682
0.376886
0.376907
0.376967
0.377033
0.377056
0.377064
0.37707
0.37708
0.377107
0.377148
0.377158
0.377207
0.377241
0.377307
0.377323
0.377356
0.377393
0.377407
0.377414
0.377431
0.37746
0.3775
0.377624
0.377634
0.377687
0.377745
0.377787
0.37783
0.377831
0.377851
0.377894
0.377897
0.37798
0.37798
0.378071
0.378123
0.37814
0.378161
0.378263
0.378301
0.37831
0.37833
0.37834
0.378407
0.378427
0.37854
0.37866
0.37866
0.378697
0.378771
0.378771
0.378871
0.378927
0.378988
0.379001
0.379041
0.379054
0.379084
0.37927
0.379336
0.379413
0.379446
0.37949
0.379498
0.37954
0.379577
0.379734
0.379747
0.379763
0.37991
0.379947
0.380024
0.380073
0.38018
0.3802
0.380231
0.380277
0.380283
0.380331
0.380366
0.380444
0.380488
0.380637
0.3807
0.38074
0.380757
0.380781
0.380827
0.38089
0.380964
0.380987
0.380991
0.381137
0.381143
0.381146
0.38116
0.381161
0.381167
0.381174
0.381233
0.381234
0.381278
0.381298
0.381327
0.381588
0.381617
0.38165
0.381657
0.381678
0.381681
0.38171
0.381733
0.381766
0.381946
0.381997
0.382
0.382034
0.382053
0.382087
0.38211
0.382237
0.382347
0.382434
0.382624
0.382664
0.382744
0.382861
0.38289
0.382907
0.382957
0.38304
0.383096
0.383097
0.383101
0.383133
0.383196
0.383274
0.38329
0.383431
0.383453
0.3835
0.383586
0.383598
0.383613
0.383633
0.383654
0.38369
0.383757
0.383758
0.383794
0.383967
0.383994
0.384
0.384047
0.384084
0.38413
0.384296
0.384313
0.384347
0.384567
0.384593
0.384631
0.384697
0.38472
0.384836
0.384837
0.384877
0.38492
0.38509
0.385097
0.385191
0.385464
0.385535
0.385633
0.385918
0.385957
0.38597
0.386014
0.38611
0.38618
0.386224
0.386388
0.386414
0.386431
0.386454
0.386476
0.386478
0.386527
0.386634
0.386667
0.38668
0.386754
0.386997
0.38702
0.387307
0.387374
0.387391
0.387401
0.38745
0.387453
0.38748
0.387543
0.38766
0.387677
0.387713
0.387793
0.3878
0.387858
0.38786
0.387897
0.387918
0.387997
0.388004
0.388077
0.388143
0.388147
0.388247
0.388273
0.388294
0.388533
0.38858
0.388681
0.388743
0.388974
0.389107
0.389145
0.38938
0.389393
0.389394
0.389517
0.389557
0.389561
0.38971
0.389724
0.389857
0.390108
0.39023
0.390251
0.390294
0.39033
0.390351
0.390457
0.390705
0.390904
0.390921
0.390921
0.390924
0.390948
0.390965
0.391034
0.39105
0.391127
0.391157
0.39121
0.39144
0.39164
0.391776
0.391837
0.391903
0.391938
0.392096
0.39211
0.392177
0.392476
0.392554
0.392634
0.392636
0.392674
0.393014
0.39304
0.39318
0.393236
0.393414
0.393433
0.393567
0.3937
0.393837
0.393992
0.39412
0.394164
0.394197
0.394227
0.394241
0.394307
0.39438
0.394441
0.394458
0.39455
0.394598
0.394757
0.394834
0.39521
0.395227
0.3954
0.395481
0.395497
0.395544
0.3956
0.39565
0.395715
0.395723
0.395723
0.395733
0.395787
0.395897
0.39595
0.396064
0.396143
0.396277
0.396477
0.396508
0.396573
0.396631
0.396667
0.396767
0.396804
0.39685
0.396921
0.396924
0.396957
0.396978
0.396991
0.397067
0.39721
0.397233
0.397348
0.39748
0.397494
0.397567
0.397598
0.39767
0.397701
0.397813
0.397904
0.397927
0.397964
0.397994
0.398004
0.398073
0.3981
0.39814
0.398167
0.398307
0.398315
0.39843
0.398457
0.39848
0.398581
0.39859
0.398747
0.398771
0.398844
0.39885
0.39889
0.398903
0.398906
0.398927
0.398963
0.399076
0.399087
0.3991
0.39918
0.399193
0.3992
0.399303
0.3995
0.399537
0.399641
0.399773
0.399777
0.399824
0.399834
0.399843
0.399884
0.399951
0.400157
0.400187
0.400211
0.400214
0.400257
0.400273
0.400464
0.400477
0.400537
0.400564
0.400567
0.400641
0.400793
0.40091
0.400921
0.400938
0.400987
0.400997
0.40113
0.401213
0.401364
0.401401
0.401434
0.401524
0.401576
0.40159
0.401614
0.401791
0.401891
0.401967
0.401973
0.401994
0.401997
0.402194
0.402244
0.402258
0.402304
0.402564
0.402584
0.402657
0.402697
0.402707
0.402707
0.402814
0.402814
0.40292
0.402981
0.40302
0.403041
0.403054
0.40308
0.403154
0.40321
0.403324
0.403404
0.403703
0.403764
0.403867
0.403885
0.403973
0.403974
0.40408
0.404087
0.404087
0.404097
0.404124
0.404173
0.404203
0.404204
0.404207
0.404213
0.404231
0.404263
0.404264
0.404297
0.40435
0.404457
0.404471
0.404491
0.404524
0.404544
0.404641
0.404707
0.404783
0.404834
0.404863
0.404871
0.404897
0.404934
0.40495
0.404981
0.405063
0.405131
0.405188
0.405258
0.405347
0.4054
0.405428
0.405451
0.40546
0.405483
0.405504
0.405578
0.405663
0.405667
0.405668
0.405747
0.405868
0.405874
0.405944
0.405954
0.406007
0.406048
0.406051
0.40608
0.406161
0.406165
0.406413
0.406424
0.406436
0.406437
0.40652
0.406531
0.406537
0.406607
0.406635
0.406664
0.406713
0.406723
0.406777
0.406787
0.406853
0.4069
0.40696
0.406973
0.406977
0.406987
0.406988
0.407025
0.407047
0.407116
0.407333
0.407383
0.40739
0.4074
0.407467
0.407486
0.40749
0.407534
0.407557
0.407581
0.407591
0.407607
0.40766
0.40769
0.407726
0.407788
0.407843
0.407847
0.407934
0.407987
0.408073
0.40811
0.408116
0.40815
0.408168
0.408214
0.40826
0.408291
0.408327
0.408328
0.408367
0.40841
0.408434
0.408444
0.408486
0.408494
0.408537
0.408544
0.408551
0.408615
0.408617
0.408637
0.408637
0.408753
0.408801
0.408811
0.408857
0.408918
0.40903
0.409086
0.409187
0.40922
0.409324
0.40938
0.40943
0.409521
0.409557
0.409558
0.409584
0.409587
0.40971
0.409825
0.409877
0.409917
0.409943
0.41004
0.410175
0.410194
0.410237
0.410316
0.410387
0.410557
0.410597
0.410628
0.410634
0.41077
0.4108
0.41083
0.410891
0.410991
0.411056
0.41107
0.411237
0.411267
0.41137
0.411476
0.411488
0.411504
0.41155
0.411631
0.411681
0.411747
0.411761
0.411791
0.41183
0.41195
0.411956
0.411957
0.412047
0.412061
0.412103
0.412117
0.412144
0.41216
0.412197
0.412223
0.412316
0.412387
0.412391
0.412428
0.412481
0.412513
0.412527
0.412593
0.412766
0.412841
0.412854
0.412867
0.41298
0.413084
0.413133
0.41315
0.413267
0.413308
0.413351
0.413354
0.413357
0.413377
0.41339
0.413464
0.413531
0.413537
0.413563
0.413577
0.413713
0.413797
0.413853
0.413941
0.413951
0.413977
0.413986
0.414184
0.414307
0.414377
0.41439
0.41445
0.414501
0.41453
0.414557
0.414587
0.41463
0.414633
0.414677
0.414683
0.41474
0.414743
0.414837
0.414837
0.414851
0.414863
0.414877
0.41495
0.414981
0.414986
0.415024
0.415024
0.415038
0.415047
0.415048
0.415138
0.41519
0.415224
0.415381
0.415477
0.4155
0.415523
0.415533
0.415627
0.415666
0.415767
0.415778
0.41581
0.415854
0.415877
0.415994
0.416037
0.416093
0.416263
0.416364
0.416426
0.416437
0.416636
0.416638
0.416661
0.416677
0.416683
0.4167
0.416701
0.416733
0.416794
0.416826
0.416897
0.416921
0.416931
0.416935
0.416937
0.416958
0.41697
0.416974
0.41701
0.41701
0.417094
0.417095
0.417108
0.417124
0.417131
0.417144
0.417171
0.41722
0.417277
0.417401
0.417407
0.417447
0.417463
0.417491
0.417493
0.41752
0.41756
0.417571
0.417651
0.417725
0.417761
0.41777
0.417774
0.41783
0.417897
0.417927
0.41795
0.417993
0.418023
0.41807
0.418094
0.418147
0.418261
0.418321
0.418361
0.41838
0.418417
0.418727
0.41879
0.418857
0.41888
0.418888
0.41889
0.41891
0.418937
0.419074
0.419076
0.419097
0.419117
0.4193
0.419303
0.419328
0.41938
0.419383
0.41945
0.419556
0.419663
0.419754
0.419767
0.419783
0.419797
0.419824
0.419837
0.419951
0.41996
0.419987
0.419997
0.420101
0.420151
0.420234
0.420278
0.420284
0.420477
0.420531
0.420571
0.420628
0.420646
0.420687
0.420741
0.420854
0.42087
0.420878
0.420881
0.42099
0.421014
0.42109
0.42125
0.421278
0.421294
0.421317
0.42136
0.421457
0.42158
0.421807
0.421824
0.421886
0.42192
0.422017
0.422191
0.422197
0.422327
0.42235
0.422487
0.42253
0.422534
0.422574
0.422587
0.422617
0.422657
0.422684
0.422717
0.42273
0.42275
0.42277
0.422843
0.42296
0.423034
0.423068
0.42311
0.42312
0.423141
0.423194
0.423248
0.423271
0.423276
0.423566
0.42358
0.423954
0.423964
0.423981
0.423991
0.42404
0.424051
0.42413
0.4243
0.424377
0.424518
0.42455
0.42458
0.424743
0.424814
0.424827
0.425116
0.425187
0.425223
0.42529
0.425297
0.42543
0.42547
0.42567
0.425671
0.42578
0.425784
0.425797
0.425873
0.42622
0.426241
0.426344
0.426448
0.426557
0.426691
0.426723
0.426777
0.426883
0.427034
0.427141
0.427144
0.427195
0.427311
0.427337
0.42764
0.42784
0.427946
0.427963
0.428057
0.428156
0.428198
0.428263
0.428303
0.428354
0.428426
0.428568
0.42866
0.428666
0.428721
0.428977
0.429024
0.429334
0.429357
0.42951
0.430097
0.430191
0.430237
0.43033
0.430331
0.430387
0.430396
0.430533
0.43063
0.430703
0.431174
0.431287
0.43136
0.43159
0.43161
0.431777
0.431834
0.432084
0.432091
0.43216
0.432161
0.432178
0.432418
0.432441
0.432466
0.432557
0.432657
0.432995
0.433036
0.433217
0.433468
0.433491
0.433598
0.4338
0.43385
0.43398
0.434087
0.434314
0.434543
0.434731
0.434744
0.434967
0.435147
0.43523
0.435446
0.435523
0.435527
0.435567
0.435808
0.435837
0.436157
0.436223
0.436311
0.436724
0.43676
0.436827
0.436897
0.437157
0.437263
0.437286
0.437297
0.437376
0.437604
0.437611
0.437617
0.43776
0.438137
0.438344
0.438447
0.43852
0.438617
0.438791
0.438974
0.439045
0.439077
0.43915
0.439217
0.439341
0.439398
0.439444
0.439574
0.439613
0.439767
0.43995
0.440003
0.440224
0.440233
0.44046
0.440464
0.440497
0.44055
0.440901
0.440934
0.440981
0.441041
0.441064
0.441097
0.441123
0.44137
0.441721
0.442067
0.442551
0.442678
0.442727
0.442733
0.442751
0.442837
0.442867
0.443281
0.443401
0.443621
0.443831
0.444097
0.444273
0.445104
0.445114
0.44518
0.44603
0.446137
0.446337
0.446393
0.446691
0.44674
0.446778
0.448226
0.448297
0.448497
0.448715
0.44927
0.449301
0.449405
0.449454
0.4497
0.449846
0.451195
0.451971
0.452348
0.45292
0.453316
0.45344
0.453913
0.454097
0.45448
0.455657
0.45579
0.456888
0.45718
0.457883
0.458754
0.45933
0.460355
0.46039
0.461317
0.461496
0.463167
0.465347
0.466933
0.469231
0.473007
0.473281
0.478934
0.481917
0.485947
0.496671
0.501824
0.502025
0.50311
0.50698
0.514224
0.514277
0.517594
0.519094
0.527463
0.529351
0.543731
0.546264
0.54651
0.550437
0.556616
0.558307
0.562864
0.572825
0.577687
0.577754
0.578166
0.581375
0.582931
0.584923
0.591115
0.592404
0.594638
0.601797
0.612901
0.621546
0.621561
0.623133
0.640868
0.650053
0.662341
0.665524
0.665781
0.677038
0.677311
0.68071
0.682194
0.688428
0.699197
0.724838
0.730778
0.751034
0.752243
0.77521
0.796841
0.81587
0.822134
0.841735
0.842314
0.861577
0.878624
0.914878
0.935203
1.174661
1.258191
1.331964
