0.543334
0.551009
0.555941
0.556184
0.561784
0.562871
0.567545
0.570814
0.570837
0.57202
0.572693
0.573138
0.57327
0.57369
0.574278
0.575111
0.576541
0.57891
0.579574
0.580371
0.580463
0.580633
0.581854
0.582161
0.582223
0.582501
0.582637
0.583161
0.583624
0.583641
0.58413
0.585484
0.585723
0.586241
0.58641
0.587098
0.587411
0.587424
0.587754
0.587884
0.588038
0.588292
0.588653
0.589377
0.589854
0.590706
0.59088
0.59132
0.591477
0.591927
0.592217
0.592871
0.594234
0.59496
0.59505
0.595294
0.595823
0.595881
0.596265
0.596403
0.596554
0.596613
0.596861
0.597254
0.597567
0.597706
0.597718
0.598114
0.598795
0.598838
0.599404
0.599428
0.599706
0.599821
0.600037
0.600355
0.600597
0.60083
0.60086
0.601067
0.601169
0.601219
0.601321
0.601488
0.601637
0.601904
0.601997
0.602438
0.602805
0.602924
0.60306
0.603094
0.60313
0.60334
0.603604
0.603631
0.604284
0.604404
0.604481
0.605037
0.605376
0.60554
0.60557
0.605594
0.60625
0.606521
0.606585
0.60675
0.606937
0.606963
0.607017
0.607025
0.607277
0.60746
0.607694
0.60772
0.607751
0.607834
0.608414
0.608418
0.608494
0.60891
0.608937
0.608938
0.608967
0.608971
0.609268
0.60935
0.609435
0.60945
0.609484
0.60955
0.609713
0.609724
0.610005
0.610061
0.610134
0.610253
0.61038
0.610417
0.610594
0.610597
0.61083
0.61092
0.611194
0.611584
0.611733
0.611823
0.611824
0.61213
0.612221
0.612374
0.612461
0.612487
0.612582
0.612587
0.612637
0.613414
0.613445
0.613548
0.613698
0.61382
0.613847
0.61401
0.614141
0.614217
0.61435
0.614374
0.614497
0.61458
0.614674
0.614727
0.614951
0.615066
0.615358
0.615366
0.615399
0.615446
0.615521
0.615561
0.615577
0.6159
0.615961
0.616419
0.616523
0.616914
0.616931
0.617077
0.617077
0.617098
0.617214
0.617361
0.617484
0.617508
0.617554
0.617811
0.617824
0.617961
0.618031
0.618067
0.618163
0.618444
0.618607
0.618794
0.619001
0.619226
0.619341
0.61945
0.619461
0.619834
0.619984
0.620131
0.620471
0.620574
0.620584
0.620783
0.620918
0.621024
0.621067
0.621281
0.621284
0.621314
0.621454
0.621647
0.621798
0.621934
0.621943
0.622
0.622051
0.622102
0.622198
0.622228
0.622235
0.622259
0.622261
0.622414
0.622531
0.622737
0.62318
0.623257
0.623594
0.623638
0.623771
0.623951
0.623958
0.623977
0.623988
0.624017
0.624081
0.624357
0.624365
0.624376
0.624387
0.6244
0.624976
0.62507
0.625161
0.62532
0.625333
0.625391
0.625408
0.625448
0.625486
0.625571
0.625611
0.625724
0.62573
0.625738
0.625747
0.625747
0.625773
0.625783
0.625904
0.625943
0.626064
0.626131
0.626221
0.626227
0.626421
0.626593
0.626684
0.626791
0.626835
0.626853
0.626984
0.627011
0.6271
0.627127
0.627143
0.627393
0.627551
0.627705
0.627731
0.627791
0.627852
0.628087
0.628154
0.628213
0.628214
0.628227
0.628227
0.628364
0.628524
0.628591
0.628593
0.629027
0.62907
0.629077
0.629168
0.629321
0.629331
0.629354
0.629414
0.629493
0.629621
0.629715
0.629943
0.630008
0.63003
0.630246
0.630304
0.630418
0.630521
0.630588
0.630798
0.630941
0.630974
0.630975
0.631023
0.631123
0.631198
0.631214
0.631233
0.631257
0.631421
0.631427
0.631434
0.63145
0.631504
0.63158
0.631644
0.631861
0.631907
0.631911
0.631923
0.632043
0.632088
0.632101
0.632161
0.632276
0.632287
0.632296
0.632361
0.632454
0.632461
0.632508
0.632638
0.632768
0.632921
0.633001
0.633101
0.63317
0.633264
0.633285
0.633344
0.63336
0.633394
0.633417
0.633494
0.63356
0.633621
0.633638
0.633888
0.633924
0.633927
0.634058
0.634086
0.634123
0.634125
0.634133
0.634137
0.634189
0.634197
0.634294
0.634308
0.634401
0.634401
0.634481
0.634484
0.634514
0.634544
0.634807
0.634814
0.634814
0.634864
0.634867
0.635037
0.635231
0.635233
0.635308
0.635324
0.63541
0.635581
0.635634
0.635638
0.635758
0.63583
0.635971
0.636018
0.636032
0.636055
0.636194
0.636215
0.636287
0.636334
0.636337
0.636391
0.636403
0.636421
0.636454
0.636471
0.636493
0.636508
0.636548
0.636557
0.636746
0.636794
0.636804
0.6369
0.636918
0.636934
0.636991
0.637015
0.637134
0.637151
0.637167
0.637201
0.63725
0.637253
0.637278
0.637353
0.637634
0.637677
0.637747
0.63779
0.638014
0.638028
0.638142
0.638161
0.638187
0.638221
0.638321
0.638393
0.638482
0.63849
0.638536
0.638568
0.6386
0.638617
0.638638
0.638638
0.638642
0.638787
0.63881
0.638881
0.639004
0.639007
0.639017
0.639106
0.639125
0.63916
0.639208
0.639247
0.63927
0.63934
0.639477
0.639505
0.639598
0.639794
0.639835
0.639854
0.639893
0.639963
0.640028
0.640077
0.640084
0.640091
0.640238
0.640321
0.640325
0.640447
0.64049
0.640521
0.640528
0.640581
0.640591
0.640631
0.640695
0.640716
0.640847
0.640921
0.64097
0.641014
0.641074
0.641134
0.641223
0.641224
0.641423
0.64147
0.64154
0.64155
0.641601
0.641641
0.641644
0.641665
0.641677
0.641701
0.641736
0.641745
0.641883
0.641933
0.64202
0.64202
0.642081
0.642194
0.642276
0.642346
0.642451
0.642474
0.642491
0.642521
0.642564
0.642784
0.64279
0.642824
0.642867
0.642881
0.642911
0.64302
0.643026
0.643151
0.643214
0.643217
0.643258
0.64328
0.643294
0.643434
0.64356
0.643714
0.643746
0.643757
0.64378
0.643784
0.643795
0.643813
0.643847
0.643849
0.643893
0.643897
0.643964
0.644084
0.644331
0.644371
0.644413
0.64448
0.644491
0.644493
0.644494
0.644528
0.644554
0.644714
0.644814
0.644841
0.644854
0.644894
0.644977
0.644977
0.645061
0.645073
0.645096
0.645107
0.645118
0.645134
0.645253
0.645291
0.645367
0.645374
0.645426
0.645468
0.645491
0.645504
0.64556
0.645678
0.645735
0.645824
0.645831
0.645835
0.645871
0.645928
0.646043
0.64609
0.646104
0.646148
0.646166
0.646173
0.646176
0.646197
0.646247
0.646267
0.646308
0.646331
0.646358
0.646385
0.646437
0.646473
0.646544
0.646551
0.646554
0.646621
0.646623
0.64663
0.64667
0.646728
0.646754
0.646797
0.646834
0.646839
0.646878
0.64688
0.646991
0.647011
0.647107
0.647118
0.647131
0.647168
0.647194
0.647194
0.647208
0.647213
0.647271
0.647278
0.647288
0.647307
0.647327
0.647337
0.647341
0.647346
0.647351
0.647351
0.647354
0.64737
0.647377
0.64745
0.647494
0.647503
0.64751
0.647547
0.647556
0.647557
0.647567
0.647595
0.64766
0.647676
0.647688
0.647707
0.647724
0.647745
0.647757
0.647797
0.647805
0.647808
0.647831
0.647855
0.647857
0.64799
0.647997
0.648041
0.648048
0.648058
0.648163
0.648199
0.648229
0.648231
0.64826
0.64832
0.64834
0.64838
0.648465
0.64852
0.648521
0.648531
0.648561
0.648607
0.648627
0.648804
0.648854
0.648873
0.648887
0.648901
0.648927
0.648963
0.649094
0.649103
0.649138
0.649333
0.64936
0.649418
0.649577
0.649581
0.649617
0.64964
0.649645
0.649671
0.649704
0.649803
0.649824
0.649841
0.649873
0.649906
0.649911
0.649941
0.649964
0.64998
0.649997
0.650335
0.650337
0.650371
0.650371
0.650384
0.650404
0.650437
0.650454
0.650491
0.650517
0.650577
0.6506
0.650617
0.650621
0.650644
0.650675
0.650701
0.650726
0.650727
0.650758
0.650761
0.650774
0.650778
0.650801
0.650827
0.650871
0.650894
0.650933
0.650947
0.650984
0.651008
0.651008
0.651014
0.651078
0.65113
0.65126
0.651304
0.651444
0.651518
0.651524
0.651533
0.651594
0.651611
0.651647
0.651647
0.651683
0.651738
0.651777
0.651786
0.651798
0.651817
0.651841
0.65185
0.651858
0.651894
0.651921
0.652023
0.652061
0.652078
0.652149
0.652214
0.652254
0.652304
0.652361
0.65239
0.652408
0.652454
0.652504
0.652548
0.65263
0.652671
0.652734
0.65278
0.652808
0.652863
0.652866
0.652951
0.652996
0.653067
0.653103
0.653208
0.653398
0.653401
0.653401
0.653418
0.653421
0.653445
0.653481
0.65356
0.653567
0.653597
0.653688
0.653697
0.653711
0.653777
0.653787
0.653794
0.653815
0.65394
0.653998
0.654094
0.654104
0.654108
0.654138
0.654155
0.654187
0.654237
0.654248
0.654271
0.654321
0.654364
0.654374
0.654411
0.654426
0.65443
0.65448
0.654548
0.654554
0.654584
0.654594
0.654611
0.654641
0.654644
0.654655
0.654657
0.65466
0.654741
0.65476
0.654794
0.654837
0.65488
0.6549
0.65492
0.654983
0.655061
0.655064
0.655071
0.655073
0.655111
0.655201
0.655234
0.655248
0.655381
0.655421
0.655487
0.655517
0.655538
0.655577
0.655594
0.655618
0.655621
0.655653
0.655657
0.655671
0.655688
0.655707
0.655717
0.655745
0.655784
0.655813
0.655815
0.655841
0.655844
0.655848
0.655907
0.65595
0.65601
0.656017
0.656028
0.65606
0.656111
0.65616
0.656165
0.656191
0.656203
0.656237
0.656267
0.656288
0.656357
0.656397
0.656402
0.656417
0.656455
0.656481
0.656504
0.656577
0.656614
0.656628
0.656656
0.656661
0.65672
0.656727
0.656751
0.656797
0.656804
0.656834
0.656914
0.656957
0.656978
0.656987
0.657008
0.657008
0.657021
0.657024
0.657057
0.657077
0.657078
0.657097
0.6571
0.657147
0.657187
0.657194
0.657195
0.657227
0.657227
0.657267
0.657274
0.657315
0.657347
0.657398
0.657406
0.657411
0.657447
0.657531
0.657544
0.657551
0.657564
0.657585
0.657588
0.6576
0.657641
0.657664
0.657678
0.657727
0.65774
0.657753
0.657761
0.657794
0.657798
0.657815
0.657848
0.657894
0.657897
0.657924
0.657961
0.657981
0.657997
0.65802
0.658044
0.658088
0.658088
0.658091
0.658167
0.658189
0.658227
0.658244
0.65832
0.658364
0.658384
0.658417
0.658443
0.658544
0.658654
0.65866
0.658695
0.658697
0.658698
0.658708
0.658737
0.658786
0.658804
0.658821
0.658857
0.658861
0.658904
0.658964
0.659027
0.659028
0.659057
0.659061
0.659067
0.659068
0.659086
0.659107
0.659128
0.659131
0.659137
0.659141
0.659154
0.659158
0.659178
0.659221
0.659261
0.659271
0.659304
0.65934
0.659347
0.659368
0.659411
0.659498
0.659501
0.659537
0.65958
0.659637
0.659658
0.659681
0.659684
0.659718
0.659831
0.65992
0.65997
0.65998
0.660001
0.660054
0.660073
0.660077
0.660081
0.6601
0.660108
0.660151
0.660158
0.660201
0.66021
0.660214
0.660234
0.660244
0.660264
0.660318
0.660357
0.660371
0.660407
0.660411
0.66045
0.6605
0.66051
0.660514
0.660518
0.660531
0.66055
0.660621
0.660691
0.660697
0.66073
0.660785
0.660791
0.660791
0.660818
0.660847
0.66085
0.660861
0.660884
0.660948
0.660951
0.660954
0.661005
0.661027
0.661053
0.661067
0.661075
0.661086
0.661101
0.661157
0.661167
0.661184
0.661251
0.661258
0.661274
0.661287
0.661411
0.661435
0.66146
0.661467
0.661474
0.661478
0.661481
0.6615
0.661534
0.66154
0.661601
0.661628
0.661654
0.661671
0.661697
0.661794
0.66186
0.66189
0.661894
0.661921
0.661946
0.661961
0.662001
0.662005
0.662017
0.66203
0.662034
0.662095
0.662134
0.662137
0.662138
0.66215
0.662177
0.662201
0.662204
0.662214
0.662217
0.662228
0.662241
0.662394
0.662401
0.662428
0.662507
0.662507
0.662511
0.662621
0.662677
0.662681
0.662761
0.662818
0.662825
0.662844
0.66287
0.663007
0.663013
0.663038
0.663038
0.663063
0.663091
0.663144
0.663157
0.663166
0.663194
0.663197
0.663217
0.663254
0.663263
0.663311
0.663351
0.663476
0.663491
0.663548
0.663551
0.663591
0.663607
0.663624
0.663665
0.66382
0.663821
0.663871
0.663888
0.663927
0.663934
0.663948
0.663961
0.663991
0.664034
0.664047
0.66407
0.664094
0.664097
0.664131
0.664131
0.66418
0.664208
0.664227
0.664254
0.664271
0.664277
0.66433
0.664343
0.664377
0.664434
0.664448
0.664459
0.664544
0.664654
0.664717
0.66473
0.664741
0.664752
0.664774
0.664796
0.664888
0.664928
0.664961
0.665011
0.665047
0.665057
0.665068
0.665164
0.665187
0.665213
0.665213
0.665214
0.665237
0.665238
0.665283
0.665311
0.66532
0.665337
0.66535
0.665387
0.665427
0.665464
0.66551
0.665541
0.665547
0.665644
0.665665
0.665674
0.665681
0.665721
0.665723
0.665724
0.66582
0.665824
0.665826
0.665837
0.665917
0.665944
0.665953
0.665954
0.665977
0.66598
0.666007
0.666044
0.666071
0.666107
0.666127
0.666133
0.666168
0.666184
0.666224
0.666236
0.666248
0.666254
0.666297
0.666307
0.666343
0.666365
0.66639
0.666391
0.666533
0.666537
0.666548
0.666557
0.666605
0.666627
0.666661
0.666663
0.666666
0.6667
0.666704
0.66672
0.666771
0.6668
0.666821
0.666867
0.666881
0.666991
0.66701
0.667031
0.667101
0.667127
0.667151
0.667193
0.667205
0.667218
0.667227
0.667227
0.667238
0.667247
0.667268
0.667348
0.667391
0.667397
0.667408
0.667437
0.6675
0.667501
0.667531
0.667544
0.66759
0.667595
0.667597
0.6676
0.667627
0.667651
0.667804
0.667811
0.667844
0.667889
0.6679
0.668033
0.668051
0.668062
0.668081
0.668108
0.66811
0.668168
0.668183
0.668191
0.668217
0.668221
0.668231
0.668249
0.668257
0.668301
0.668317
0.668341
0.66837
0.668394
0.668404
0.668404
0.668417
0.668438
0.668438
0.668453
0.668464
0.66849
0.668494
0.668497
0.668556
0.668558
0.668565
0.668568
0.668584
0.668611
0.668623
0.668658
0.668671
0.66869
0.668713
0.668717
0.668764
0.668787
0.668827
0.66883
0.668858
0.668868
0.668877
0.66891
0.668941
0.668941
0.668951
0.66896
0.668971
0.668998
0.669021
0.669067
0.669071
0.669077
0.669134
0.669134
0.669157
0.669191
0.66921
0.669211
0.66922
0.669277
0.66935
0.669353
0.669374
0.669381
0.669385
0.66942
0.669421
0.669451
0.669467
0.669478
0.669504
0.669584
0.669618
0.66962
0.669621
0.669637
0.669638
0.669651
0.669657
0.669714
0.669721
0.669777
0.669777
0.669848
0.669854
0.669864
0.669865
0.669868
0.669901
0.669948
0.669964
0.669985
0.669988
0.67
0.670004
0.670074
0.670074
0.670084
0.670131
0.670131
0.670141
0.670151
0.670204
0.670214
0.670284
0.670286
0.670323
0.670327
0.67034
0.670368
0.67037
0.670373
0.670415
0.670425
0.670434
0.670441
0.670498
0.670531
0.67054
0.670541
0.670587
0.670605
0.670608
0.670662
0.670664
0.670707
0.670756
0.670775
0.670797
0.670814
0.67082
0.670856
0.670911
0.670924
0.670927
0.67093
0.670947
0.670971
0.671042
0.671067
0.671105
0.671124
0.671127
0.671133
0.671153
0.671154
0.671164
0.671178
0.671213
0.671267
0.67127
0.671274
0.671328
0.671384
0.671454
0.671461
0.671544
0.671544
0.671545
0.671668
0.671707
0.671707
0.671711
0.671754
0.671768
0.67177
0.67178
0.671791
0.671808
0.671927
0.671931
0.671958
0.672083
0.672087
0.672111
0.672113
0.672141
0.672146
0.672148
0.672157
0.67217
0.672175
0.672198
0.67224
0.672294
0.672297
0.672315
0.67233
0.672334
0.67235
0.672357
0.672368
0.672371
0.67241
0.672414
0.672444
0.672447
0.672454
0.672557
0.672563
0.672567
0.672591
0.672605
0.67262
0.672644
0.672648
0.67265
0.672674
0.67269
0.672715
0.672751
0.672775
0.672814
0.672857
0.672867
0.672911
0.672918
0.672961
0.673014
0.673024
0.673043
0.673098
0.673114
0.673137
0.673151
0.673167
0.673174
0.673181
0.673225
0.673243
0.673244
0.673274
0.673287
0.673298
0.673301
0.673314
0.673327
0.673334
0.673361
0.673375
0.673378
0.673473
0.673487
0.673497
0.673527
0.673527
0.673537
0.673537
0.67354
0.673585
0.673595
0.67362
0.673621
0.673627
0.67363
0.673711
0.673715
0.673728
0.673731
0.673741
0.673753
0.673797
0.673831
0.673838
0.67385
0.673857
0.673867
0.673871
0.673875
0.673881
0.673944
0.673948
0.673955
0.673968
0.673987
0.674007
0.674027
0.674045
0.674046
0.674047
0.674047
0.67407
0.674071
0.674083
0.674084
0.674193
0.674209
0.674327
0.674328
0.674364
0.674371
0.674401
0.674454
0.674491
0.674504
0.674517
0.674521
0.67453
0.674547
0.67455
0.674551
0.674561
0.674568
0.674581
0.674581
0.674607
0.674607
0.67464
0.674645
0.674653
0.674661
0.674673
0.674691
0.67472
0.674733
0.67478
0.67479
0.67482
0.674918
0.674921
0.674957
0.674981
0.674991
0.674991
0.675091
0.6751
0.675107
0.675114
0.675131
0.675164
0.675174
0.675174
0.675178
0.675224
0.675238
0.675258
0.675341
0.67535
0.67537
0.675371
0.675402
0.675402
0.675468
0.675481
0.675495
0.675513
0.675535
0.675553
0.675584
0.675597
0.675671
0.675671
0.675678
0.675687
0.675733
0.675735
0.675748
0.675758
0.675761
0.675789
0.675794
0.675804
0.675818
0.675821
0.675843
0.675844
0.675863
0.675864
0.675871
0.675891
0.675905
0.675923
0.675923
0.675927
0.67595
0.675967
0.675971
0.676051
0.676058
0.676091
0.676093
0.676114
0.676114
0.67618
0.676195
0.676207
0.67621
0.676261
0.676301
0.676334
0.676341
0.676367
0.676398
0.67645
0.676451
0.676467
0.676474
0.676534
0.676534
0.676574
0.676641
0.676661
0.676668
0.676679
0.676708
0.676747
0.67677
0.676774
0.676808
0.676814
0.676828
0.67683
0.676831
0.676844
0.676844
0.676861
0.676877
0.676917
0.676927
0.676934
0.676934
0.676935
0.676957
0.676958
0.676978
0.676997
0.677017
0.677061
0.677077
0.677081
0.677112
0.677134
0.677137
0.67716
0.677164
0.677171
0.677178
0.677181
0.677191
0.677221
0.677284
0.677286
0.677311
0.677316
0.677331
0.677378
0.677385
0.677398
0.677444
0.677461
0.677474
0.677475
0.677481
0.677504
0.677507
0.677514
0.677517
0.677537
0.677544
0.677558
0.677585
0.677601
0.67763
0.677631
0.677678
0.677701
0.677707
0.677708
0.67772
0.677738
0.677807
0.677817
0.677857
0.677891
0.677911
0.677935
0.677937
0.677961
0.677978
0.678008
0.67801
0.678014
0.678015
0.678058
0.678078
0.678107
0.678141
0.678148
0.678151
0.678158
0.678174
0.678234
0.678244
0.678244
0.678247
0.678258
0.67826
0.678261
0.678268
0.678298
0.678376
0.678424
0.678437
0.678441
0.678485
0.678524
0.678538
0.678567
0.678627
0.678641
0.678676
0.678684
0.678701
0.67871
0.678714
0.678751
0.678757
0.678764
0.678777
0.678787
0.678788
0.678814
0.678831
0.678858
0.678864
0.67893
0.678931
0.678951
0.678958
0.678984
0.679004
0.679031
0.67904
0.679048
0.679081
0.679098
0.679101
0.679121
0.679137
0.679155
0.67916
0.679177
0.679187
0.679204
0.679211
0.679228
0.679238
0.679255
0.679273
0.679363
0.679379
0.67942
0.679428
0.679431
0.679458
0.679467
0.679471
0.679481
0.679487
0.679491
0.679541
0.679565
0.679569
0.679576
0.679597
0.679598
0.679611
0.679624
0.679631
0.679633
0.679644
0.679668
0.679668
0.679687
0.67972
0.679737
0.67974
0.679744
0.679781
0.679817
0.679828
0.679834
0.679836
0.679841
0.679937
0.679951
0.679974
0.679985
0.679991
0.679998
0.68
0.680057
0.680077
0.680087
0.680117
0.680117
0.680125
0.680164
0.680181
0.680184
0.680194
0.6802
0.680201
0.68026
0.680275
0.680301
0.68031
0.680334
0.680348
0.680371
0.680378
0.680417
0.680484
0.680501
0.680511
0.680513
0.680517
0.680547
0.680557
0.680564
0.680587
0.680597
0.680607
0.680623
0.680624
0.680654
0.680664
0.680677
0.680697
0.680768
0.680768
0.680793
0.680807
0.680823
0.680868
0.680891
0.680891
0.680903
0.680907
0.680924
0.68098
0.680991
0.681038
0.68105
0.681067
0.681071
0.681074
0.681074
0.681106
0.681117
0.681161
0.681163
0.681164
0.681183
0.681201
0.681204
0.681207
0.681211
0.68124
0.681271
0.681274
0.681311
0.681321
0.681324
0.681351
0.681381
0.681394
0.681425
0.681466
0.68149
0.681525
0.681534
0.681578
0.681611
0.681611
0.681624
0.68163
0.681651
0.681677
0.681677
0.681688
0.681717
0.681734
0.681734
0.681777
0.68179
0.681808
0.681817
0.681843
0.681864
0.68191
0.681914
0.681915
0.681917
0.681934
0.68195
0.681971
0.681977
0.682017
0.682024
0.682034
0.682034
0.68206
0.682117
0.68213
0.682141
0.682141
0.682144
0.682191
0.682201
0.682203
0.68222
0.682227
0.682227
0.682248
0.682254
0.682278
0.682313
0.682327
0.68234
0.682341
0.682341
0.682373
0.682381
0.682394
0.682417
0.68245
0.682451
0.682474
0.6825
0.682507
0.682508
0.682571
0.682575
0.682594
0.682657
0.682668
0.682691
0.682717
0.682724
0.682741
0.682787
0.68279
0.682861
0.682866
0.682867
0.682875
0.682934
0.682934
0.682973
0.682975
0.683058
0.683101
0.683107
0.683131
0.683144
0.683158
0.683174
0.683177
0.683201
0.683224
0.68325
0.68327
0.683276
0.68329
0.683314
0.683348
0.683364
0.683371
0.683386
0.683427
0.683434
0.683481
0.683484
0.683508
0.683517
0.683551
0.68356
0.683564
0.683571
0.683594
0.683597
0.683607
0.683648
0.683651
0.683671
0.683688
0.683707
0.683728
0.683734
0.683738
0.683784
0.683797
0.683806
0.683831
0.68384
0.683846
0.683854
0.683863
0.683874
0.683877
0.68389
0.683893
0.683911
0.683921
0.683957
0.683964
0.68399
0.683991
0.683991
0.684011
0.684016
0.684021
0.684023
0.684027
0.684031
0.68404
0.68405
0.684094
0.684098
0.684117
0.684178
0.68418
0.684257
0.684291
0.684296
0.684327
0.684361
0.684381
0.684414
0.684434
0.684447
0.684455
0.684465
0.684477
0.684491
0.684494
0.684497
0.684504
0.684505
0.684541
0.684548
0.684574
0.68459
0.684601
0.684604
0.68465
0.684671
0.684747
0.684748
0.684814
0.68484
0.684868
0.684876
0.684901
0.684911
0.684918
0.684928
0.684933
0.684938
0.684961
0.684961
0.684983
0.685014
0.685067
0.685106
0.68513
0.685131
0.685141
0.685145
0.685186
0.685195
0.685224
0.685228
0.685281
0.685288
0.685298
0.6853
0.685354
0.685376
0.685384
0.685385
0.685423
0.685428
0.685443
0.685454
0.68548
0.685484
0.685516
0.685561
0.685594
0.685604
0.685605
0.685611
0.685635
0.68564
0.68565
0.685658
0.685674
0.685678
0.685681
0.6857
0.685704
0.685713
0.685731
0.685744
0.685758
0.685761
0.685766
0.685774
0.685777
0.6858
0.685807
0.685818
0.685834
0.685834
0.685867
0.685881
0.685887
0.68589
0.685917
0.685944
0.685947
0.685957
0.685967
0.686011
0.686027
0.686037
0.68605
0.686113
0.686148
0.68615
0.686151
0.686167
0.686171
0.686197
0.686203
0.686268
0.686317
0.686328
0.686381
0.686387
0.6864
0.686447
0.686471
0.686481
0.686507
0.686527
0.686538
0.686578
0.686615
0.686641
0.686651
0.686681
0.686707
0.686721
0.68674
0.686741
0.68677
0.686791
0.686877
0.686877
0.686903
0.686914
0.68692
0.686933
0.68695
0.686954
0.687008
0.68703
0.687058
0.687064
0.687091
0.687091
0.687093
0.687098
0.687117
0.687121
0.687148
0.687187
0.687207
0.687217
0.687238
0.687246
0.687261
0.687267
0.687277
0.68728
0.687288
0.68729
0.687301
0.687335
0.68738
0.687397
0.687401
0.687417
0.687427
0.687444
0.687451
0.687528
0.687531
0.687534
0.687547
0.687551
0.687551
0.687557
0.687557
0.687581
0.687591
0.68763
0.687638
0.687652
0.687654
0.687655
0.687677
0.687688
0.687694
0.687718
0.687741
0.687744
0.68775
0.687754
0.687761
0.687784
0.6878
0.687818
0.687825
0.687831
0.687837
0.687861
0.687867
0.6879
0.687921
0.687931
0.687934
0.687934
0.687986
0.68799
0.688008
0.68804
0.688044
0.688051
0.688054
0.688084
0.688084
0.688104
0.688144
0.68817
0.688171
0.688187
0.688208
0.688211
0.688261
0.688271
0.688284
0.688287
0.68834
0.688351
0.688363
0.68838
0.688381
0.688397
0.68842
0.688481
0.688508
0.68853
0.688534
0.688581
0.688581
0.688587
0.688638
0.68865
0.688651
0.688657
0.688715
0.688717
0.688754
0.688754
0.688757
0.688777
0.68879
0.68882
0.688827
0.688857
0.688881
0.688884
0.688884
0.688885
0.688897
0.688904
0.688908
0.688944
0.688954
0.689064
0.689064
0.689065
0.689071
0.689073
0.689075
0.689081
0.689084
0.689128
0.689131
0.689131
0.689137
0.689178
0.689205
0.689218
0.689224
0.68923
0.689238
0.689247
0.68927
0.689291
0.689304
0.689311
0.689331
0.689357
0.68936
0.689367
0.6894
0.689411
0.689417
0.689421
0.68945
0.689457
0.68948
0.689504
0.689511
0.68952
0.689568
0.689588
0.689627
0.68969
0.689734
0.689738
0.689764
0.689767
0.689777
0.689805
0.689807
0.68981
0.689817
0.689834
0.68985
0.689858
0.689874
0.689878
0.689884
0.689911
0.68993
0.689934
0.689938
0.689945
0.689975
0.69003
0.690047
0.690055
0.690065
0.690087
0.690101
0.690107
0.690117
0.690157
0.6902
0.69023
0.690231
0.690246
0.690267
0.690278
0.690294
0.69032
0.690324
0.690334
0.690344
0.690354
0.690361
0.690377
0.690394
0.690411
0.690417
0.690424
0.690427
0.690455
0.69048
0.690507
0.690514
0.690561
0.690588
0.690591
0.690604
0.690607
0.690618
0.690661
0.690661
0.690701
0.690703
0.690723
0.690727
0.690751
0.690757
0.690758
0.690764
0.690764
0.690766
0.690784
0.690784
0.690788
0.690788
0.690804
0.690807
0.690815
0.690828
0.690841
0.690848
0.690851
0.690877
0.69088
0.690883
0.690894
0.690911
0.690921
0.690937
0.690947
0.69095
0.690961
0.69097
0.691
0.69101
0.691034
0.691061
0.691074
0.691075
0.691085
0.691104
0.691115
0.691127
0.69114
0.691144
0.691148
0.691158
0.691167
0.691198
0.691221
0.691223
0.691238
0.691244
0.691285
0.69129
0.691311
0.691354
0.691358
0.69137
0.691394
0.691395
0.691398
0.691405
0.691421
0.691511
0.691534
0.691548
0.691561
0.691574
0.691586
0.691593
0.691614
0.691651
0.691658
0.691676
0.691678
0.691691
0.691691
0.691696
0.691721
0.691724
0.691728
0.691734
0.691761
0.691764
0.691777
0.691854
0.691864
0.691871
0.691878
0.691881
0.69189
0.691911
0.69192
0.691921
0.691928
0.691933
0.691941
0.691943
0.691958
0.691974
0.69198
0.69202
0.692034
0.692038
0.692054
0.692086
0.692094
0.692114
0.692197
0.692204
0.69223
0.692233
0.692234
0.692251
0.692268
0.692281
0.692318
0.692367
0.692367
0.692371
0.692381
0.692394
0.692398
0.692451
0.692468
0.692474
0.692495
0.69252
0.692531
0.692571
0.692618
0.692627
0.692671
0.692731
0.69275
0.692774
0.692801
0.692807
0.692818
0.692827
0.692834
0.692835
0.692847
0.692867
0.692868
0.692875
0.692884
0.692934
0.693011
0.693044
0.693073
0.693084
0.693101
0.693107
0.693115
0.693121
0.693131
0.693145
0.693165
0.693194
0.693198
0.693218
0.693247
0.69325
0.693276
0.693284
0.693285
0.693304
0.693334
0.693367
0.693381
0.693384
0.693387
0.693428
0.693467
0.693481
0.6935
0.693523
0.69356
0.693668
0.693674
0.693697
0.693707
0.693715
0.693725
0.69374
0.693761
0.693764
0.693827
0.693868
0.693904
0.693905
0.69392
0.693935
0.693937
0.693941
0.693944
0.693947
0.693974
0.694003
0.694007
0.694011
0.69403
0.694034
0.694054
0.694071
0.694077
0.694165
0.694191
0.694201
0.694211
0.694214
0.694217
0.694231
0.694237
0.694258
0.694291
0.694351
0.694353
0.694401
0.694404
0.694408
0.694418
0.694425
0.694427
0.694428
0.694428
0.694458
0.694461
0.694464
0.694492
0.694495
0.694527
0.694558
0.694578
0.69469
0.694707
0.694708
0.694724
0.694733
0.694753
0.694754
0.694761
0.694764
0.694784
0.694794
0.694798
0.694817
0.694867
0.694875
0.694878
0.694886
0.694898
0.694901
0.694931
0.694947
0.694956
0.695004
0.695036
0.695078
0.695103
0.695113
0.695131
0.695134
0.695168
0.695191
0.695211
0.695214
0.695218
0.695231
0.69527
0.695273
0.695287
0.695288
0.695297
0.695305
0.695311
0.69532
0.695324
0.695341
0.695384
0.695391
0.695408
0.695421
0.695454
0.695464
0.695481
0.695527
0.695534
0.695551
0.695568
0.69557
0.695604
0.695608
0.695618
0.695621
0.695624
0.695638
0.695651
0.695664
0.695697
0.695741
0.695741
0.695774
0.695783
0.695814
0.695863
0.695874
0.69589
0.695927
0.695958
0.695991
0.695998
0.696001
0.696016
0.696027
0.696071
0.696081
0.69609
0.696131
0.696157
0.696171
0.696184
0.696184
0.696204
0.696207
0.696217
0.696238
0.696254
0.696287
0.696301
0.696306
0.696344
0.696368
0.69638
0.696383
0.696415
0.696464
0.696468
0.696473
0.696513
0.696524
0.696554
0.696558
0.696564
0.696618
0.696624
0.696631
0.69665
0.696655
0.69666
0.696667
0.696671
0.696674
0.69668
0.696688
0.696688
0.696734
0.696764
0.696774
0.696777
0.696778
0.696784
0.696864
0.696887
0.696888
0.696894
0.696904
0.696917
0.69693
0.696934
0.696963
0.696975
0.69698
0.696988
0.696998
0.697007
0.697037
0.697058
0.697061
0.697071
0.697093
0.6971
0.697101
0.697111
0.697124
0.697155
0.697168
0.697171
0.697181
0.69723
0.697231
0.69725
0.697261
0.697268
0.697284
0.69731
0.697318
0.697347
0.697374
0.697384
0.697393
0.69743
0.697454
0.697467
0.697484
0.697543
0.697554
0.697594
0.697598
0.697614
0.697637
0.697637
0.697641
0.697654
0.697655
0.69766
0.69768
0.697701
0.697734
0.697754
0.697754
0.697774
0.697784
0.697817
0.697838
0.697841
0.697854
0.697854
0.697871
0.697897
0.697901
0.697901
0.69791
0.697931
0.697945
0.697957
0.697964
0.697997
0.698037
0.698074
0.698074
0.698084
0.698098
0.698111
0.69812
0.698121
0.698131
0.698151
0.698166
0.69817
0.698171
0.698174
0.698191
0.698197
0.698204
0.698221
0.698224
0.69824
0.69826
0.698267
0.698287
0.698288
0.698294
0.698314
0.698314
0.698317
0.698325
0.698341
0.698351
0.698367
0.698388
0.698401
0.698411
0.698475
0.698513
0.698524
0.698528
0.698531
0.698534
0.698554
0.698648
0.698664
0.698707
0.698731
0.698737
0.698747
0.698757
0.69877
0.698781
0.698794
0.698807
0.698816
0.698841
0.698852
0.698884
0.698891
0.698914
0.698918
0.698947
0.698957
0.698967
0.698982
0.698985
0.698994
0.699001
0.699011
0.699014
0.699041
0.699047
0.699055
0.699064
0.699074
0.6991
0.699158
0.69916
0.699161
0.699204
0.699254
0.699271
0.699281
0.699294
0.699304
0.699308
0.699331
0.699331
0.699331
0.699331
0.699341
0.699353
0.699357
0.699367
0.699377
0.699384
0.699421
0.699427
0.69945
0.699458
0.699467
0.699494
0.699503
0.69952
0.699521
0.699528
0.699541
0.699547
0.699551
0.699564
0.699571
0.699578
0.699594
0.699594
0.699627
0.69963
0.699654
0.699654
0.699657
0.699664
0.699688
0.699718
0.699751
0.699753
0.69976
0.699764
0.69977
0.6998
0.699806
0.699807
0.699811
0.699825
0.699831
0.699837
0.699867
0.69988
0.699904
0.699924
0.699928
0.699937
0.699941
0.699944
0.700018
0.70006
0.700073
0.700101
0.700121
0.700137
0.700164
0.700177
0.700178
0.700184
0.700191
0.700194
0.700196
0.700205
0.700231
0.700261
0.70031
0.700331
0.700334
0.700347
0.700361
0.700365
0.700368
0.700383
0.700391
0.700394
0.700433
0.700434
0.700457
0.700458
0.700474
0.700474
0.700497
0.70054
0.700541
0.700551
0.700564
0.700564
0.700584
0.700587
0.700607
0.700637
0.700666
0.700685
0.70077
0.700775
0.700784
0.700803
0.700803
0.70081
0.700831
0.700847
0.700854
0.700871
0.700877
0.700888
0.700894
0.700901
0.700917
0.700928
0.700967
0.700983
0.700984
0.701
0.701011
0.701025
0.701053
0.701061
0.701071
0.701077
0.70109
0.701117
0.701118
0.701147
0.701153
0.701154
0.701164
0.701174
0.701188
0.701191
0.7012
0.701204
0.701208
0.701233
0.701314
0.701324
0.701347
0.701367
0.701374
0.701378
0.70138
0.701411
0.701421
0.701428
0.70146
0.701471
0.701471
0.701497
0.701503
0.701511
0.701517
0.701528
0.701533
0.701561
0.701573
0.701584
0.701594
0.701597
0.701614
0.701618
0.701621
0.701621
0.701644
0.701644
0.70166
0.70167
0.701698
0.701703
0.701713
0.701714
0.701724
0.70173
0.701761
0.70177
0.701787
0.70179
0.701793
0.701821
0.701825
0.701831
0.701834
0.701837
0.701848
0.70185
0.70185
0.701883
0.701886
0.7019
0.701904
0.701921
0.701924
0.701924
0.701937
0.701957
0.701958
0.701991
0.702026
0.702037
0.702068
0.702091
0.702097
0.7021
0.702104
0.702167
0.702211
0.702211
0.702231
0.702231
0.702247
0.702251
0.702257
0.702257
0.702258
0.702267
0.70227
0.702284
0.702324
0.702331
0.702347
0.702348
0.702354
0.702381
0.702381
0.702381
0.702385
0.702387
0.702401
0.702437
0.702443
0.702454
0.702464
0.702476
0.702478
0.702546
0.702548
0.702565
0.702574
0.702578
0.702585
0.702587
0.702593
0.7026
0.702628
0.702634
0.702638
0.702644
0.702651
0.702714
0.702724
0.702751
0.702758
0.702771
0.702774
0.702791
0.702808
0.702817
0.702818
0.702831
0.702834
0.70284
0.702851
0.702888
0.702897
0.70291
0.702914
0.702944
0.702944
0.702951
0.70298
0.70299
0.702997
0.703001
0.703011
0.703031
0.703035
0.703044
0.703064
0.703068
0.70307
0.703074
0.703078
0.703087
0.703087
0.70311
0.703131
0.703133
0.703146
0.703148
0.703171
0.703173
0.70318
0.703205
0.70322
0.70325
0.703254
0.703257
0.703261
0.703284
0.703284
0.703301
0.703331
0.703351
0.703374
0.703375
0.703384
0.70339
0.703411
0.703411
0.703414
0.703418
0.703438
0.703447
0.703465
0.70347
0.703477
0.703477
0.70348
0.703483
0.703483
0.703501
0.703501
0.70353
0.703535
0.703544
0.703568
0.703571
0.70361
0.70361
0.703614
0.703617
0.703634
0.70366
0.703667
0.703674
0.703687
0.703687
0.703694
0.703726
0.703737
0.703764
0.703767
0.703784
0.703807
0.703823
0.703837
0.70384
0.703871
0.703881
0.703904
0.703907
0.703924
0.703973
0.703993
0.703994
0.704051
0.704051
0.70406
0.704077
0.70408
0.704098
0.704101
0.704101
0.704107
0.704114
0.704125
0.70416
0.704177
0.704181
0.704183
0.704197
0.704217
0.704231
0.704234
0.704251
0.704291
0.704317
0.704325
0.704337
0.704378
0.704381
0.704384
0.704414
0.704427
0.704427
0.704427
0.704431
0.704454
0.70447
0.704494
0.704494
0.7045
0.704548
0.704568
0.704568
0.704574
0.704594
0.704607
0.704623
0.704647
0.704658
0.70466
0.704667
0.704728
0.704735
0.704761
0.704781
0.704781
0.704784
0.704831
0.704838
0.704841
0.704871
0.704894
0.704901
0.704913
0.704917
0.704967
0.704973
0.704975
0.705017
0.705038
0.705044
0.705051
0.70507
0.705084
0.705087
0.705094
0.705094
0.705151
0.705151
0.705188
0.70523
0.705264
0.705274
0.705288
0.705297
0.705307
0.705364
0.705387
0.705397
0.7054
0.705401
0.705424
0.705451
0.70546
0.705461
0.70547
0.7055
0.705501
0.705521
0.705534
0.70554
0.705547
0.705553
0.705567
0.705571
0.705577
0.705585
0.705641
0.705641
0.70565
0.705661
0.705661
0.705668
0.705681
0.705683
0.705694
0.705707
0.705707
0.70571
0.705714
0.705745
0.705745
0.705774
0.705777
0.705795
0.705841
0.705857
0.705865
0.705878
0.705894
0.705907
0.705911
0.705917
0.705978
0.70598
0.705981
0.70599
0.705991
0.706003
0.706034
0.706045
0.706077
0.706077
0.706077
0.706111
0.70616
0.706161
0.706164
0.706187
0.706207
0.706211
0.706228
0.706247
0.70626
0.706261
0.706264
0.706284
0.706284
0.706287
0.706297
0.706301
0.706304
0.706307
0.706327
0.706337
0.706381
0.706398
0.7064
0.70643
0.706431
0.706454
0.706461
0.706507
0.70651
0.706518
0.706534
0.706547
0.706551
0.706557
0.706557
0.706597
0.706604
0.706618
0.706624
0.706628
0.706633
0.706651
0.706655
0.706657
0.706674
0.706691
0.706714
0.706721
0.70673
0.706744
0.706753
0.706758
0.706764
0.706767
0.706767
0.70677
0.706801
0.70681
0.706814
0.706825
0.70686
0.706904
0.706917
0.706931
0.706937
0.70696
0.706964
0.706987
0.707027
0.707027
0.707031
0.707038
0.707038
0.70706
0.707067
0.707067
0.707078
0.70708
0.707108
0.70712
0.707141
0.707147
0.707157
0.70716
0.707163
0.70717
0.707181
0.70719
0.70721
0.707213
0.70723
0.707244
0.707284
0.707298
0.70731
0.707318
0.707321
0.70737
0.70739
0.707417
0.707434
0.707437
0.707441
0.707484
0.707501
0.707534
0.70755
0.707568
0.707591
0.70761
0.707627
0.707658
0.70769
0.707694
0.70771
0.707721
0.707747
0.707758
0.707764
0.707777
0.7078
0.707803
0.707811
0.707837
0.707841
0.70785
0.707873
0.707908
0.707937
0.707941
0.707964
0.707991
0.708004
0.708018
0.70807
0.708071
0.708088
0.708094
0.708098
0.708115
0.708121
0.708148
0.708181
0.708188
0.708201
0.708204
0.708211
0.708215
0.708227
0.708268
0.70827
0.708283
0.708288
0.708295
0.708298
0.708308
0.708334
0.708337
0.708348
0.708377
0.70839
0.708398
0.708401
0.708417
0.708418
0.708431
0.708431
0.708438
0.708441
0.708444
0.708465
0.708474
0.708501
0.708504
0.708508
0.708554
0.708577
0.708581
0.708591
0.708594
0.708604
0.708638
0.708647
0.708687
0.708708
0.708717
0.708727
0.708757
0.708758
0.70876
0.708764
0.708774
0.708783
0.708804
0.708841
0.708861
0.708884
0.708884
0.708891
0.708894
0.708917
0.708925
0.708967
0.70897
0.70897
0.708984
0.708991
0.708997
0.708998
0.709011
0.709025
0.709047
0.709051
0.709053
0.709055
0.709064
0.709071
0.709074
0.709074
0.709077
0.709087
0.709141
0.709154
0.70917
0.709187
0.709191
0.709207
0.709208
0.709218
0.709231
0.709258
0.709261
0.709278
0.709297
0.709298
0.709301
0.70932
0.70934
0.709347
0.709351
0.709354
0.709371
0.709381
0.709381
0.709381
0.709391
0.709401
0.709403
0.709404
0.709417
0.709421
0.709473
0.709491
0.709491
0.709541
0.709544
0.709547
0.709576
0.709597
0.709614
0.709617
0.709618
0.709618
0.709624
0.709627
0.709661
0.709695
0.709697
0.709741
0.709758
0.70977
0.709777
0.709784
0.709788
0.709798
0.709801
0.709825
0.709831
0.70985
0.709857
0.709861
0.709891
0.709906
0.709908
0.709926
0.709931
0.709931
0.709934
0.709954
0.709964
0.709967
0.710007
0.710031
0.710051
0.710051
0.710071
0.710077
0.710078
0.710087
0.710094
0.710104
0.710111
0.710144
0.71016
0.710161
0.710161
0.710178
0.710187
0.71022
0.710228
0.710231
0.710231
0.710238
0.71024
0.710245
0.710247
0.710254
0.71026
0.710278
0.710286
0.710291
0.710301
0.710308
0.710333
0.710334
0.710334
0.710354
0.710357
0.710425
0.710454
0.710454
0.710491
0.710495
0.710501
0.710547
0.710548
0.710557
0.710561
0.710561
0.710574
0.710583
0.710603
0.710614
0.71065
0.710651
0.710664
0.710671
0.710705
0.710738
0.710748
0.710767
0.710767
0.710773
0.710777
0.710784
0.710831
0.710838
0.710861
0.710864
0.710881
0.7109
0.710906
0.710914
0.710921
0.710928
0.71094
0.710976
0.710986
0.710987
0.711001
0.711001
0.711004
0.711007
0.711011
0.711035
0.711038
0.711111
0.711114
0.71113
0.711133
0.711147
0.711154
0.711154
0.711164
0.711197
0.711203
0.711204
0.711225
0.71125
0.711257
0.711265
0.711271
0.711276
0.71128
0.711304
0.711307
0.71133
0.711335
0.711341
0.711351
0.711358
0.711361
0.711364
0.711367
0.711387
0.711394
0.71141
0.711424
0.711455
0.711461
0.71147
0.7115
0.711507
0.711521
0.711521
0.711534
0.711541
0.711547
0.711557
0.711571
0.711588
0.711644
0.711657
0.711751
0.711753
0.711787
0.711801
0.711821
0.711861
0.711881
0.711887
0.711911
0.711921
0.711921
0.711927
0.711934
0.711944
0.711958
0.711961
0.712024
0.712033
0.712051
0.712068
0.712075
0.712078
0.712087
0.712097
0.712104
0.712107
0.712144
0.712164
0.712174
0.712188
0.71222
0.712254
0.712284
0.712307
0.712324
0.712368
0.712371
0.712374
0.712408
0.712417
0.712431
0.712438
0.712444
0.712447
0.712453
0.712457
0.712458
0.71252
0.712524
0.712541
0.712554
0.712554
0.712561
0.712564
0.712581
0.712585
0.712597
0.712601
0.712637
0.712638
0.71264
0.712661
0.712698
0.712757
0.712761
0.712765
0.712768
0.712791
0.712797
0.7128
0.712811
0.712834
0.71284
0.712884
0.712891
0.712894
0.7129
0.712921
0.712928
0.712945
0.712981
0.712988
0.713021
0.713037
0.713044
0.713044
0.713071
0.71309
0.713091
0.713127
0.71314
0.713148
0.713164
0.713178
0.713207
0.713221
0.713224
0.713227
0.713231
0.713234
0.713244
0.713248
0.713253
0.713254
0.713268
0.713275
0.713301
0.713301
0.713358
0.713388
0.71342
0.713423
0.713438
0.7135
0.713514
0.713521
0.713521
0.71353
0.713551
0.713557
0.713561
0.713584
0.713603
0.713611
0.713631
0.713634
0.713681
0.713717
0.713723
0.713777
0.713783
0.713784
0.713785
0.713804
0.713814
0.713851
0.713867
0.713881
0.713881
0.713884
0.713887
0.713898
0.7139
0.71391
0.713924
0.713957
0.71398
0.714011
0.714053
0.714061
0.714074
0.714124
0.714125
0.714131
0.714138
0.714141
0.714143
0.714148
0.714154
0.714164
0.714167
0.714174
0.714177
0.714188
0.714191
0.714204
0.714211
0.714211
0.714234
0.714237
0.714265
0.714284
0.714288
0.714291
0.714291
0.714318
0.714348
0.714424
0.714487
0.714508
0.714554
0.714557
0.71456
0.714561
0.714575
0.714604
0.714617
0.714657
0.714703
0.714714
0.71473
0.714736
0.714805
0.714854
0.714866
0.714882
0.714895
0.714927
0.714948
0.714954
0.714961
0.714967
0.714987
0.714991
0.714991
0.714996
0.715004
0.715047
0.715051
0.715125
0.715134
0.715147
0.715171
0.715191
0.715201
0.715208
0.715225
0.715247
0.715281
0.715324
0.715334
0.715348
0.715353
0.715377
0.715388
0.7154
0.715408
0.715425
0.715434
0.715467
0.715467
0.715477
0.715491
0.71551
0.715527
0.715541
0.715567
0.715594
0.715596
0.715614
0.715661
0.71567
0.715677
0.715694
0.715704
0.715711
0.715714
0.715718
0.71576
0.715761
0.715767
0.715798
0.715801
0.715827
0.715834
0.715841
0.715857
0.715883
0.715885
0.715931
0.715932
0.715961
0.715965
0.715988
0.715991
0.715997
0.716013
0.716014
0.716023
0.71605
0.71606
0.716061
0.716068
0.716074
0.716077
0.716111
0.716113
0.716118
0.716124
0.716124
0.716138
0.716174
0.716205
0.716211
0.716241
0.716281
0.716283
0.716288
0.716311
0.716314
0.716317
0.716327
0.716347
0.716348
0.716351
0.716357
0.716377
0.716387
0.716417
0.716464
0.716477
0.716491
0.716503
0.716507
0.716541
0.716547
0.716567
0.71658
0.71658
0.716591
0.716595
0.716605
0.716611
0.716614
0.716616
0.716631
0.716634
0.716634
0.716636
0.71669
0.716694
0.716713
0.716744
0.716753
0.71676
0.71677
0.716781
0.716815
0.716824
0.716827
0.716831
0.716837
0.716841
0.71685
0.71688
0.716901
0.716924
0.716954
0.716996
0.716998
0.717057
0.717057
0.717057
0.717071
0.717081
0.717091
0.717121
0.717131
0.717157
0.717168
0.717181
0.717187
0.71721
0.717231
0.71725
0.717261
0.717288
0.717288
0.717308
0.717311
0.717318
0.717344
0.717348
0.717387
0.717407
0.717411
0.717411
0.717471
0.717497
0.717498
0.717514
0.717521
0.717537
0.717555
0.717568
0.717581
0.717601
0.717604
0.717611
0.717627
0.71764
0.717654
0.717718
0.717734
0.717741
0.717763
0.717767
0.717773
0.71778
0.717824
0.717831
0.717868
0.717873
0.7179
0.71791
0.717917
0.718
0.718006
0.718015
0.718031
0.718054
0.718068
0.718077
0.718103
0.718128
0.71817
0.718203
0.718207
0.718218
0.718244
0.718271
0.718381
0.718384
0.718387
0.71841
0.718426
0.718427
0.718427
0.718471
0.718487
0.718494
0.718495
0.7185
0.718508
0.718528
0.718528
0.718537
0.718597
0.718598
0.718611
0.718614
0.718627
0.71865
0.718697
0.718701
0.718733
0.718747
0.718757
0.718783
0.718787
0.718794
0.718808
0.718825
0.718828
0.718834
0.718843
0.718867
0.718894
0.718917
0.718941
0.718944
0.718971
0.718974
0.718974
0.718977
0.718981
0.718994
0.719008
0.719044
0.719075
0.719085
0.719103
0.719104
0.719141
0.719147
0.719153
0.719158
0.71916
0.719195
0.719197
0.719204
0.719214
0.719227
0.719244
0.719248
0.719251
0.719257
0.719277
0.71928
0.719288
0.719298
0.719314
0.719338
0.719341
0.719344
0.719354
0.719374
0.719376
0.71938
0.719384
0.719387
0.719398
0.719427
0.719441
0.719488
0.719501
0.719517
0.719528
0.719528
0.719541
0.719557
0.719584
0.719584
0.719588
0.719604
0.719624
0.719645
0.719648
0.71965
0.719668
0.719668
0.719674
0.719678
0.719706
0.71972
0.719771
0.719827
0.71986
0.719877
0.719877
0.71989
0.719893
0.719894
0.719907
0.719908
0.719911
0.719928
0.719931
0.71994
0.719948
0.719964
0.719967
0.71998
0.719998
0.720023
0.720027
0.720031
0.720041
0.720051
0.720054
0.720054
0.720098
0.720118
0.720175
0.720217
0.720221
0.720224
0.720238
0.720243
0.72026
0.720267
0.720301
0.720308
0.720311
0.720334
0.720344
0.72035
0.720354
0.720377
0.720384
0.72041
0.720411
0.720415
0.720423
0.720447
0.720461
0.720467
0.720491
0.720514
0.720524
0.720541
0.720554
0.720575
0.720644
0.720645
0.720648
0.72069
0.720695
0.720701
0.720728
0.72073
0.720747
0.720757
0.720767
0.720778
0.720784
0.720811
0.720818
0.720831
0.720835
0.72084
0.720843
0.720844
0.720861
0.720863
0.72087
0.720887
0.720924
0.720945
0.720957
0.720957
0.72096
0.720977
0.721034
0.721038
0.721067
0.721074
0.721077
0.721097
0.721118
0.721128
0.721141
0.721147
0.721164
0.721167
0.721184
0.721197
0.721211
0.721211
0.721261
0.721264
0.72128
0.721307
0.721321
0.721334
0.721341
0.721357
0.72136
0.721387
0.721391
0.721404
0.721404
0.721411
0.721438
0.721451
0.72146
0.721487
0.721508
0.721536
0.72154
0.721547
0.721564
0.721581
0.721584
0.721584
0.721587
0.721634
0.721657
0.721671
0.72168
0.721684
0.721694
0.721697
0.721701
0.721708
0.721718
0.721727
0.72173
0.72177
0.72178
0.721784
0.7218
0.721804
0.721813
0.721824
0.721844
0.721851
0.721853
0.72186
0.721874
0.721887
0.721894
0.721901
0.721907
0.721907
0.721911
0.721938
0.721947
0.721997
0.721998
0.722005
0.722026
0.72204
0.722041
0.722047
0.722074
0.72209
0.722091
0.722097
0.7221
0.722148
0.722154
0.72217
0.722208
0.72222
0.72223
0.722231
0.722234
0.72225
0.722251
0.722251
0.722271
0.722327
0.722331
0.722341
0.722358
0.72236
0.722374
0.722377
0.722388
0.72241
0.722434
0.722441
0.722444
0.722457
0.722461
0.722497
0.722553
0.722574
0.722614
0.722624
0.722628
0.722643
0.722644
0.722653
0.722668
0.722696
0.722721
0.722761
0.722794
0.722831
0.722834
0.722844
0.722847
0.722851
0.722897
0.722916
0.722938
0.722951
0.722964
0.722968
0.72298
0.722985
0.723041
0.723056
0.723097
0.723107
0.723138
0.723215
0.723221
0.723241
0.723264
0.723294
0.7233
0.723304
0.723328
0.72343
0.723441
0.723488
0.723508
0.723508
0.723511
0.723527
0.723547
0.723548
0.72357
0.723598
0.723614
0.723617
0.723633
0.72364
0.723648
0.723657
0.723667
0.723674
0.723677
0.723701
0.723711
0.723718
0.723725
0.72373
0.72375
0.723801
0.723853
0.723854
0.723871
0.72392
0.723924
0.723925
0.723927
0.723928
0.723931
0.723935
0.723956
0.723965
0.724004
0.724004
0.724011
0.724021
0.724027
0.724037
0.724048
0.724061
0.724088
0.724104
0.724118
0.724135
0.724137
0.724158
0.72418
0.724221
0.724227
0.724318
0.72435
0.72437
0.724371
0.724371
0.724374
0.724388
0.724394
0.724404
0.724407
0.724411
0.724431
0.72444
0.724444
0.724451
0.724451
0.724467
0.724488
0.72449
0.72449
0.724501
0.724505
0.724515
0.724537
0.724544
0.724548
0.72455
0.724551
0.724554
0.724557
0.724557
0.724564
0.72457
0.724571
0.724587
0.724594
0.7246
0.724601
0.724648
0.724651
0.724678
0.724684
0.724684
0.72469
0.724764
0.724768
0.724768
0.724788
0.724827
0.724834
0.724846
0.724851
0.724864
0.724871
0.724891
0.724901
0.724911
0.724913
0.724917
0.724927
0.72495
0.724951
0.724974
0.724984
0.724987
0.724987
0.72499
0.725043
0.725045
0.725047
0.725051
0.725071
0.725084
0.725094
0.725097
0.725101
0.725114
0.725124
0.725134
0.725157
0.725168
0.725187
0.725204
0.725221
0.725224
0.725243
0.725264
0.725288
0.725291
0.725294
0.725315
0.725345
0.725357
0.725361
0.725361
0.725415
0.725424
0.725425
0.72544
0.72546
0.72547
0.725471
0.725471
0.725488
0.725491
0.725491
0.725494
0.725504
0.725505
0.725535
0.725538
0.725546
0.725551
0.725557
0.725563
0.725595
0.725627
0.725638
0.725638
0.725671
0.725677
0.725697
0.725708
0.72574
0.725747
0.725761
0.725767
0.725858
0.72586
0.725874
0.725878
0.725911
0.725911
0.72593
0.725947
0.725948
0.726031
0.726081
0.726084
0.72611
0.726135
0.726151
0.726154
0.726171
0.726177
0.726197
0.726217
0.726218
0.726235
0.72627
0.72627
0.726274
0.726288
0.726293
0.726321
0.726323
0.726331
0.726344
0.726347
0.726393
0.726397
0.726403
0.726428
0.726458
0.726461
0.726466
0.726471
0.726475
0.726477
0.726494
0.726517
0.72653
0.726565
0.726567
0.726567
0.726578
0.726578
0.726591
0.726598
0.72663
0.726637
0.726651
0.72666
0.726661
0.726664
0.726677
0.726678
0.726705
0.726707
0.726727
0.726734
0.726764
0.726807
0.726827
0.726843
0.726854
0.726874
0.726894
0.726911
0.726921
0.726921
0.726954
0.72699
0.727018
0.727021
0.727034
0.727034
0.727044
0.727056
0.727058
0.727058
0.727077
0.72709
0.727093
0.727111
0.727111
0.727115
0.727121
0.727173
0.727193
0.727196
0.727231
0.727233
0.727247
0.727254
0.727301
0.72731
0.727321
0.727344
0.727387
0.727407
0.72742
0.727433
0.727474
0.727504
0.727507
0.727508
0.727514
0.727514
0.727524
0.72754
0.727547
0.727561
0.727607
0.727607
0.727614
0.727704
0.727771
0.727781
0.727801
0.727805
0.727807
0.727824
0.727838
0.727844
0.727857
0.727861
0.727878
0.727881
0.72789
0.727891
0.7279
0.727904
0.727914
0.727967
0.728034
0.728038
0.728071
0.728097
0.728111
0.728114
0.72813
0.728143
0.728151
0.728168
0.72819
0.728217
0.728231
0.728251
0.728255
0.728261
0.728274
0.728304
0.728337
0.728354
0.72836
0.728394
0.728395
0.728408
0.728414
0.728425
0.728428
0.728453
0.728458
0.728474
0.728484
0.728497
0.728548
0.728603
0.728607
0.728628
0.728635
0.728647
0.728651
0.728684
0.728694
0.728704
0.728744
0.728754
0.728767
0.728768
0.728778
0.728801
0.728811
0.728811
0.728821
0.728848
0.728851
0.72886
0.728861
0.728871
0.728873
0.728891
0.728908
0.728911
0.728911
0.728946
0.728961
0.728998
0.72901
0.729017
0.729037
0.729067
0.729071
0.729091
0.729091
0.729097
0.729101
0.72911
0.729114
0.729121
0.729123
0.729145
0.729148
0.729174
0.729181
0.729204
0.729208
0.729217
0.729227
0.729248
0.729303
0.729313
0.729327
0.72933
0.729364
0.729367
0.729407
0.729417
0.729424
0.729441
0.729477
0.729524
0.729544
0.729547
0.729551
0.729561
0.729561
0.729564
0.729574
0.729576
0.729584
0.729585
0.729591
0.729601
0.729601
0.729604
0.729604
0.729621
0.729621
0.72963
0.729637
0.729645
0.729654
0.729671
0.729674
0.729697
0.729697
0.729727
0.729737
0.729757
0.729761
0.729781
0.729787
0.729791
0.729794
0.729798
0.729824
0.729847
0.729847
0.729863
0.729894
0.729913
0.729917
0.729921
0.729924
0.72995
0.729974
0.729974
0.729981
0.729991
0.73005
0.730088
0.730094
0.730107
0.730124
0.730148
0.730163
0.730178
0.730178
0.730211
0.730237
0.73024
0.730253
0.730254
0.730261
0.730264
0.730305
0.730321
0.730331
0.730374
0.730397
0.7304
0.730427
0.730434
0.73045
0.730458
0.730461
0.730468
0.730478
0.730537
0.730541
0.730554
0.730577
0.730593
0.730594
0.730627
0.730657
0.73076
0.730826
0.730851
0.730871
0.730893
0.7309
0.730901
0.730901
0.730904
0.730904
0.73094
0.730947
0.730961
0.730967
0.731024
0.731037
0.731038
0.731048
0.731081
0.731107
0.731123
0.731131
0.731137
0.731158
0.73118
0.731201
0.731211
0.731218
0.731223
0.731267
0.73128
0.731284
0.731287
0.731297
0.731297
0.731304
0.731355
0.731391
0.731401
0.731401
0.731404
0.731433
0.731471
0.731474
0.731477
0.731491
0.731514
0.731515
0.73154
0.73156
0.731591
0.731597
0.731598
0.73161
0.731621
0.731626
0.731631
0.731634
0.731645
0.731701
0.731717
0.731805
0.73181
0.73182
0.731825
0.73183
0.731848
0.731848
0.731905
0.73193
0.731961
0.731994
0.732038
0.732044
0.732047
0.732065
0.732074
0.732127
0.732207
0.732227
0.732231
0.732237
0.732267
0.732277
0.732285
0.732291
0.732297
0.732338
0.73234
0.732341
0.732351
0.73238
0.732387
0.732417
0.732471
0.732484
0.732491
0.732507
0.732511
0.732514
0.732545
0.732591
0.732658
0.732664
0.732691
0.732694
0.732724
0.732734
0.732745
0.732754
0.732781
0.732783
0.732795
0.732804
0.732811
0.732824
0.732888
0.732897
0.732905
0.732908
0.732913
0.73293
0.732967
0.732973
0.732998
0.733021
0.733021
0.733061
0.733081
0.733084
0.733128
0.733178
0.733204
0.733228
0.733231
0.733274
0.733308
0.733317
0.733333
0.733337
0.733348
0.733358
0.733374
0.733413
0.733418
0.733427
0.73346
0.733464
0.733467
0.733481
0.733501
0.733521
0.733537
0.733537
0.733553
0.733605
0.733611
0.733621
0.733621
0.733631
0.733654
0.733664
0.733677
0.733681
0.733681
0.73369
0.733724
0.733734
0.733754
0.73376
0.733766
0.733784
0.733784
0.733786
0.733787
0.733801
0.733804
0.733854
0.733874
0.733888
0.73389
0.7339
0.733914
0.733923
0.733938
0.733938
0.733938
0.734016
0.734033
0.734038
0.734058
0.734078
0.734091
0.734095
0.734097
0.734104
0.734117
0.73412
0.73414
0.734174
0.734177
0.734185
0.734198
0.7342
0.734201
0.73422
0.734238
0.734243
0.734251
0.734257
0.734271
0.734305
0.734308
0.734321
0.734321
0.73435
0.734393
0.734407
0.734411
0.734424
0.734427
0.734445
0.734461
0.734488
0.734508
0.734518
0.734543
0.734554
0.734581
0.734614
0.734618
0.73462
0.734631
0.73469
0.734691
0.7347
0.734701
0.734704
0.73471
0.734714
0.734737
0.734765
0.734771
0.734771
0.734801
0.734815
0.734821
0.734833
0.734841
0.734851
0.734887
0.734898
0.734914
0.734934
0.734937
0.734943
0.734947
0.734951
0.734991
0.735007
0.735011
0.735027
0.735031
0.735031
0.735058
0.735068
0.735071
0.735091
0.735091
0.735094
0.735094
0.735105
0.735114
0.735125
0.735155
0.73518
0.735204
0.735227
0.735227
0.735254
0.735281
0.735294
0.735314
0.735321
0.735347
0.735351
0.735357
0.735375
0.735378
0.735388
0.735395
0.735397
0.735408
0.735411
0.735433
0.735455
0.735468
0.735487
0.735513
0.735514
0.735515
0.735517
0.735534
0.735551
0.735597
0.735601
0.735604
0.735617
0.735644
0.735667
0.735674
0.735681
0.735687
0.735738
0.735781
0.735787
0.735817
0.735831
0.735857
0.73588
0.735891
0.735894
0.735897
0.73591
0.73592
0.735954
0.735971
0.736004
0.736018
0.736038
0.736041
0.736048
0.736051
0.736051
0.736057
0.736117
0.736128
0.736135
0.736141
0.736163
0.736168
0.736184
0.73619
0.736191
0.736205
0.73621
0.736211
0.736213
0.736224
0.736264
0.736281
0.736293
0.736314
0.736345
0.736348
0.736354
0.736371
0.736394
0.736418
0.736421
0.736438
0.736451
0.736491
0.736501
0.736543
0.736561
0.736574
0.736581
0.736604
0.736614
0.73663
0.736644
0.736657
0.736664
0.736664
0.736671
0.736674
0.736691
0.736691
0.736735
0.736737
0.736798
0.736807
0.73681
0.736814
0.736821
0.736858
0.736877
0.736888
0.736907
0.73692
0.73694
0.736951
0.736965
0.737048
0.737091
0.737113
0.737114
0.737138
0.73717
0.737177
0.737224
0.737244
0.737251
0.737264
0.737268
0.737268
0.737297
0.737307
0.737314
0.737324
0.737331
0.737336
0.737347
0.737354
0.737361
0.737374
0.737377
0.737377
0.737397
0.7374
0.737404
0.73742
0.73742
0.737451
0.737461
0.737463
0.737491
0.737498
0.7375
0.737501
0.737507
0.73751
0.737518
0.737524
0.737534
0.737561
0.737597
0.737673
0.737674
0.73769
0.737691
0.737693
0.737711
0.737745
0.737764
0.73777
0.737775
0.737797
0.737821
0.737834
0.737834
0.737848
0.73788
0.737881
0.737897
0.737904
0.737921
0.737921
0.73793
0.737953
0.737954
0.737971
0.737974
0.737998
0.738001
0.738007
0.738017
0.738034
0.738051
0.738061
0.738078
0.738081
0.738088
0.738088
0.738105
0.738107
0.738124
0.738127
0.738135
0.738144
0.738147
0.738148
0.738177
0.738197
0.73823
0.738244
0.738261
0.738261
0.738348
0.738351
0.73836
0.738401
0.738424
0.738444
0.738448
0.738464
0.73847
0.738487
0.73851
0.738537
0.738554
0.738567
0.738574
0.738575
0.738578
0.738601
0.738601
0.738664
0.738677
0.738691
0.738721
0.738774
0.738808
0.738808
0.738811
0.738824
0.738828
0.738858
0.73887
0.738891
0.738914
0.738918
0.738931
0.738933
0.738944
0.738944
0.738968
0.739001
0.739046
0.73905
0.739068
0.739071
0.739087
0.73909
0.739134
0.739135
0.739157
0.739161
0.739187
0.739228
0.739287
0.739297
0.739301
0.739354
0.739361
0.739364
0.739384
0.739388
0.739391
0.739391
0.739391
0.739404
0.739411
0.739427
0.739441
0.73945
0.739461
0.739476
0.739487
0.739528
0.739534
0.73956
0.739565
0.739567
0.739568
0.739577
0.739587
0.739597
0.739603
0.739605
0.739611
0.739654
0.739674
0.73968
0.739691
0.739706
0.739714
0.739724
0.739728
0.73973
0.739745
0.739748
0.73975
0.73977
0.739791
0.739793
0.739795
0.739804
0.739861
0.7399
0.739947
0.739953
0.739964
0.739978
0.740024
0.740034
0.740058
0.740078
0.740078
0.740078
0.740093
0.740115
0.740135
0.74017
0.740181
0.740207
0.740211
0.740241
0.740241
0.74025
0.740254
0.740307
0.740328
0.740338
0.740358
0.74039
0.740424
0.740431
0.740433
0.740434
0.74044
0.740528
0.74053
0.740548
0.740573
0.740574
0.740624
0.740644
0.740677
0.740697
0.7407
0.740701
0.740705
0.740725
0.740738
0.740744
0.740774
0.740774
0.740781
0.740797
0.740838
0.740841
0.740864
0.740864
0.740867
0.740887
0.740901
0.740904
0.740927
0.740937
0.740941
0.740941
0.740967
0.74097
0.741021
0.741021
0.741024
0.741034
0.741034
0.741041
0.741054
0.741071
0.741078
0.74108
0.741107
0.741114
0.741124
0.741125
0.741137
0.741164
0.741194
0.741221
0.741234
0.741241
0.741251
0.741261
0.741314
0.741371
0.741384
0.741395
0.741415
0.741444
0.741458
0.741477
0.741527
0.741537
0.741547
0.741584
0.741594
0.741657
0.741661
0.741684
0.741708
0.741731
0.741741
0.741751
0.741768
0.741811
0.741841
0.741911
0.741938
0.741938
0.74195
0.741954
0.741954
0.741978
0.741981
0.741991
0.741997
0.742078
0.742094
0.742098
0.742104
0.742171
0.742181
0.742184
0.742204
0.742231
0.742243
0.742247
0.742247
0.742267
0.742268
0.742284
0.742291
0.742294
0.742308
0.742313
0.742361
0.742364
0.742374
0.742397
0.74241
0.742428
0.742441
0.742483
0.742483
0.742521
0.742527
0.742554
0.742573
0.742578
0.742591
0.742605
0.742631
0.742633
0.742641
0.742691
0.74272
0.742738
0.742741
0.742784
0.742791
0.742813
0.742814
0.742823
0.742827
0.742845
0.742904
0.742908
0.742914
0.742918
0.742958
0.742987
0.743
0.743014
0.74302
0.743037
0.743055
0.743091
0.743104
0.743118
0.743124
0.74315
0.743161
0.743174
0.743201
0.743204
0.743205
0.743208
0.743221
0.743268
0.743271
0.743277
0.743341
0.74336
0.743377
0.743381
0.743398
0.743431
0.74345
0.743463
0.743464
0.743464
0.743495
0.743527
0.74357
0.743573
0.743641
0.74365
0.743658
0.743671
0.743677
0.743685
0.743711
0.74376
0.74378
0.743788
0.743848
0.743854
0.743867
0.743874
0.743891
0.743894
0.743907
0.743911
0.743917
0.743926
0.74396
0.743968
0.744025
0.744031
0.744033
0.744044
0.744053
0.744058
0.744061
0.744117
0.744137
0.744138
0.74414
0.74415
0.744167
0.744174
0.744184
0.744196
0.744198
0.744211
0.744224
0.744234
0.744254
0.74431
0.7444
0.744421
0.74443
0.744441
0.744447
0.744451
0.744451
0.744454
0.744454
0.744465
0.744474
0.744491
0.744491
0.744494
0.744497
0.744501
0.744508
0.744531
0.744533
0.744544
0.744545
0.744568
0.744586
0.744591
0.744597
0.74462
0.744627
0.744628
0.744644
0.744647
0.744648
0.744675
0.744704
0.744727
0.74475
0.744794
0.744801
0.744834
0.744858
0.744867
0.744878
0.74488
0.744905
0.744908
0.744924
0.74494
0.744941
0.744957
0.744964
0.745035
0.745037
0.745067
0.745067
0.745101
0.74513
0.745141
0.745151
0.745154
0.745174
0.745188
0.745193
0.745218
0.745237
0.745254
0.745271
0.745277
0.745318
0.745338
0.745358
0.74542
0.745435
0.745437
0.745478
0.745485
0.745497
0.745504
0.745524
0.745544
0.745544
0.745546
0.745574
0.745574
0.745577
0.745587
0.745591
0.745605
0.745607
0.745671
0.74568
0.745684
0.745688
0.745704
0.745707
0.745724
0.745731
0.745737
0.745747
0.74575
0.745773
0.745804
0.745835
0.745854
0.745857
0.745908
0.745914
0.745938
0.745951
0.746008
0.746037
0.74606
0.746061
0.746084
0.746084
0.746087
0.746095
0.746098
0.746098
0.746108
0.746154
0.746191
0.746237
0.746245
0.746257
0.74626
0.746267
0.7463
0.746307
0.746324
0.74637
0.74643
0.746443
0.746448
0.746471
0.746494
0.746497
0.746523
0.746541
0.746567
0.74662
0.746625
0.746628
0.746631
0.746647
0.746667
0.746694
0.746708
0.746718
0.746761
0.746761
0.746771
0.746783
0.746784
0.746816
0.746834
0.746861
0.746867
0.7469
0.746921
0.746924
0.746927
0.746927
0.746931
0.746938
0.746953
0.746977
0.746978
0.746991
0.747018
0.747037
0.747077
0.747081
0.747081
0.747109
0.747111
0.747127
0.747174
0.74721
0.747221
0.747234
0.747241
0.747247
0.747254
0.747268
0.74729
0.747298
0.747337
0.747337
0.747367
0.747374
0.747388
0.747418
0.747461
0.747467
0.747471
0.747494
0.747504
0.747504
0.747543
0.747588
0.747607
0.747611
0.747615
0.747621
0.747631
0.747694
0.747721
0.747734
0.747744
0.747771
0.747811
0.747818
0.747855
0.747868
0.747875
0.747908
0.747913
0.747947
0.747948
0.747978
0.748001
0.748001
0.748004
0.748004
0.748023
0.748081
0.748094
0.748097
0.7481
0.748137
0.74814
0.748145
0.748207
0.748228
0.748245
0.748253
0.748264
0.748298
0.748324
0.748337
0.748418
0.748434
0.748454
0.748471
0.748484
0.748508
0.748544
0.748547
0.748561
0.748567
0.748575
0.748577
0.748601
0.748615
0.748621
0.748623
0.748644
0.748644
0.748687
0.748694
0.748721
0.748767
0.748791
0.748818
0.748823
0.748826
0.748838
0.74884
0.748847
0.748858
0.748865
0.748898
0.748908
0.74891
0.748927
0.748927
0.748954
0.748974
0.749031
0.749038
0.749091
0.749117
0.749118
0.749121
0.749131
0.749141
0.749161
0.74917
0.749221
0.749224
0.749241
0.749247
0.749301
0.749384
0.749404
0.749494
0.749501
0.749507
0.749521
0.749531
0.749594
0.749618
0.749621
0.74963
0.749631
0.749631
0.749664
0.74969
0.749698
0.749721
0.749741
0.749744
0.749748
0.749758
0.749784
0.749813
0.749835
0.749881
0.749928
0.749941
0.749948
0.749988
0.750064
0.750065
0.75007
0.750073
0.750098
0.750106
0.750124
0.750141
0.750161
0.750194
0.750274
0.750314
0.750365
0.750384
0.75039
0.750403
0.750471
0.750481
0.750484
0.750564
0.750564
0.750567
0.750568
0.750581
0.750618
0.750621
0.750621
0.750667
0.750681
0.75069
0.750701
0.750721
0.750728
0.750761
0.750768
0.750784
0.750811
0.750823
0.750827
0.750851
0.750861
0.750897
0.750948
0.75095
0.75096
0.750963
0.750965
0.750977
0.750998
0.751025
0.751058
0.751087
0.751097
0.751101
0.751111
0.751188
0.75119
0.751221
0.751228
0.751283
0.751284
0.751307
0.751311
0.751323
0.75133
0.751334
0.751348
0.751367
0.751438
0.751451
0.751451
0.751468
0.751515
0.751523
0.75154
0.751548
0.75155
0.751554
0.751614
0.751635
0.751674
0.751714
0.751714
0.75172
0.751721
0.751734
0.751738
0.75175
0.751803
0.751808
0.751808
0.751811
0.751821
0.751824
0.75186
0.751901
0.751924
0.751947
0.751958
0.751971
0.752005
0.752008
0.752018
0.752045
0.752046
0.752046
0.75205
0.752064
0.752067
0.752083
0.752101
0.752124
0.752158
0.752208
0.752214
0.752217
0.752224
0.752274
0.752294
0.752331
0.752338
0.752353
0.752367
0.752401
0.752441
0.752484
0.7525
0.752527
0.752564
0.752588
0.752611
0.75266
0.752661
0.752671
0.752674
0.752728
0.752747
0.752777
0.752788
0.75279
0.752791
0.752791
0.752798
0.752814
0.752821
0.752864
0.752868
0.752884
0.752921
0.752947
0.752997
0.75305
0.753088
0.753091
0.753097
0.753118
0.753118
0.753168
0.753225
0.753248
0.753261
0.753263
0.753264
0.753264
0.753271
0.753285
0.753287
0.753304
0.753344
0.753354
0.753384
0.753387
0.753407
0.753414
0.753451
0.753452
0.753541
0.753608
0.753661
0.753668
0.753701
0.753701
0.753707
0.75372
0.753731
0.753754
0.753785
0.753895
0.753945
0.753947
0.753948
0.753967
0.753974
0.754004
0.754057
0.754074
0.75411
0.754111
0.75412
0.754163
0.754168
0.754221
0.754231
0.754247
0.754247
0.754291
0.754298
0.754301
0.754314
0.754315
0.754318
0.75433
0.754338
0.754354
0.754401
0.75441
0.754417
0.754441
0.754494
0.754515
0.754524
0.754537
0.754564
0.754581
0.754594
0.75462
0.75463
0.754647
0.754661
0.754694
0.754704
0.754704
0.754744
0.754774
0.754814
0.754824
0.754858
0.754914
0.754914
0.754917
0.754987
0.755004
0.755021
0.755054
0.755054
0.755104
0.755108
0.755128
0.755151
0.755158
0.755165
0.755241
0.755247
0.75525
0.755251
0.75527
0.755314
0.755324
0.755327
0.755334
0.755353
0.755371
0.755374
0.75539
0.755403
0.755414
0.75545
0.755511
0.755517
0.755541
0.755547
0.755574
0.755604
0.755624
0.755708
0.755737
0.75574
0.755771
0.755784
0.755791
0.755821
0.755827
0.755878
0.755887
0.755934
0.755937
0.755984
0.756004
0.756004
0.756021
0.756028
0.756044
0.756046
0.756054
0.756093
0.756141
0.756147
0.75621
0.756224
0.756257
0.75636
0.756384
0.75639
0.756397
0.756407
0.756434
0.756471
0.756484
0.756517
0.75652
0.756524
0.756567
0.756581
0.756611
0.756634
0.75664
0.756648
0.756685
0.756718
0.756733
0.756838
0.756857
0.756868
0.756878
0.756903
0.756904
0.756947
0.756948
0.757014
0.75705
0.757051
0.757055
0.757077
0.757081
0.757107
0.757121
0.757125
0.757144
0.75715
0.757153
0.757211
0.75722
0.757237
0.75728
0.757291
0.757291
0.7573
0.757308
0.757325
0.757331
0.757331
0.757354
0.757421
0.757428
0.757445
0.757468
0.757481
0.757493
0.757548
0.757561
0.757564
0.757567
0.757577
0.75759
0.757597
0.757641
0.757657
0.757665
0.757667
0.75767
0.757728
0.757777
0.757798
0.75782
0.757828
0.757843
0.757844
0.757847
0.757871
0.757886
0.75789
0.757894
0.75794
0.757957
0.757971
0.757978
0.758025
0.758044
0.758051
0.758111
0.758126
0.758127
0.758134
0.758141
0.758147
0.758151
0.758175
0.758181
0.758181
0.758214
0.758234
0.75824
0.758264
0.758281
0.758304
0.758338
0.758344
0.758355
0.758364
0.758387
0.758406
0.758448
0.758491
0.758498
0.758567
0.758615
0.758623
0.75863
0.758683
0.758698
0.758705
0.758707
0.75874
0.758764
0.758778
0.758794
0.758798
0.758811
0.758815
0.758874
0.758875
0.7589
0.758947
0.758951
0.758967
0.759051
0.759057
0.759097
0.75913
0.759134
0.759141
0.75915
0.759175
0.759207
0.759214
0.759247
0.759248
0.759254
0.759261
0.759288
0.759294
0.759305
0.75942
0.759424
0.759434
0.759445
0.759473
0.759474
0.759488
0.759498
0.759501
0.759507
0.759548
0.759561
0.759564
0.759575
0.759601
0.759614
0.759615
0.759637
0.759653
0.759694
0.7597
0.7597
0.759741
0.759751
0.759784
0.759831
0.759866
0.759901
0.759904
0.759914
0.759927
0.759931
0.759931
0.759984
0.760001
0.760003
0.760018
0.760048
0.760051
0.760064
0.760071
0.760097
0.760101
0.76011
0.760141
0.760154
0.760167
0.760216
0.760217
0.760234
0.760251
0.760324
0.760334
0.760335
0.760441
0.760444
0.76048
0.760484
0.760571
0.760583
0.76059
0.760593
0.760661
0.760674
0.760676
0.760694
0.760697
0.760697
0.760701
0.760705
0.760711
0.760761
0.760767
0.760798
0.760808
0.760821
0.760821
0.760841
0.760888
0.760894
0.760953
0.761011
0.761031
0.761061
0.761061
0.761098
0.761111
0.761134
0.761157
0.761186
0.761228
0.761267
0.761324
0.761364
0.761371
0.761384
0.761388
0.761515
0.761516
0.761543
0.761544
0.761551
0.761564
0.76167
0.761694
0.761721
0.761741
0.761767
0.761788
0.761831
0.761837
0.761837
0.761847
0.761877
0.761911
0.761921
0.761938
0.76194
0.761941
0.76197
0.761994
0.762025
0.76203
0.762038
0.762068
0.762071
0.762071
0.762077
0.762094
0.762094
0.76215
0.762214
0.762297
0.762317
0.762344
0.762347
0.762357
0.762421
0.762434
0.762434
0.76247
0.762491
0.76253
0.762534
0.762591
0.762634
0.762641
0.762654
0.762661
0.762684
0.762701
0.762708
0.762718
0.762754
0.762778
0.762818
0.762825
0.762844
0.762854
0.76286
0.762897
0.762931
0.762944
0.762951
0.762957
0.762964
0.763004
0.763014
0.763057
0.763111
0.763134
0.763137
0.763144
0.763144
0.763177
0.763181
0.763185
0.763201
0.763204
0.763205
0.763255
0.763281
0.763287
0.763294
0.763305
0.76334
0.763371
0.763387
0.763394
0.763397
0.763437
0.763451
0.763455
0.763524
0.763528
0.76354
0.763544
0.763551
0.763554
0.763571
0.763571
0.763598
0.763607
0.763661
0.763664
0.763691
0.763763
0.763788
0.763847
0.763848
0.763897
0.763927
0.763938
0.763958
0.763968
0.763968
0.763987
0.764044
0.764045
0.764067
0.764101
0.764101
0.764143
0.764155
0.764184
0.764233
0.764275
0.764281
0.764317
0.764361
0.764374
0.764394
0.764398
0.764448
0.764465
0.764481
0.764481
0.764491
0.764494
0.764508
0.764517
0.764544
0.764548
0.764551
0.764556
0.764578
0.764611
0.764618
0.764657
0.764687
0.764698
0.764704
0.764708
0.764744
0.764754
0.764764
0.764807
0.764808
0.764831
0.764844
0.764844
0.764878
0.764941
0.764954
0.764964
0.765007
0.765011
0.765031
0.765034
0.765087
0.765094
0.765098
0.765101
0.76513
0.765137
0.765158
0.765251
0.765264
0.765281
0.765287
0.765291
0.765294
0.765318
0.765318
0.765351
0.765355
0.765384
0.765415
0.765441
0.765445
0.765493
0.765541
0.765565
0.765584
0.765637
0.765648
0.765684
0.765688
0.765701
0.765708
0.765716
0.765727
0.76574
0.76574
0.765747
0.765774
0.765774
0.765784
0.765824
0.765841
0.765884
0.765934
0.765958
0.765964
0.76599
0.765994
0.766021
0.766047
0.766084
0.766104
0.766111
0.766158
0.766168
0.76617
0.766187
0.766215
0.766297
0.766327
0.766337
0.766338
0.766344
0.766347
0.766361
0.766414
0.766434
0.766454
0.766458
0.766494
0.766604
0.766607
0.766617
0.766688
0.766717
0.766757
0.766765
0.766781
0.766847
0.766871
0.766901
0.766915
0.766971
0.766977
0.767021
0.767058
0.767071
0.767158
0.76721
0.767224
0.767273
0.767324
0.767361
0.767361
0.767364
0.767366
0.767377
0.767411
0.767425
0.767444
0.76754
0.767577
0.767581
0.767591
0.767611
0.767611
0.767627
0.767677
0.767708
0.767724
0.767787
0.767818
0.767818
0.767825
0.76785
0.767854
0.767861
0.767877
0.767897
0.767904
0.76793
0.767978
0.767985
0.767988
0.768007
0.768027
0.768037
0.768085
0.768121
0.768134
0.768221
0.768254
0.768261
0.768261
0.76828
0.768284
0.768377
0.768397
0.768467
0.768546
0.768633
0.768651
0.76866
0.76867
0.768691
0.768704
0.768818
0.768824
0.768828
0.768838
0.76889
0.768941
0.768994
0.768998
0.768998
0.769004
0.76907
0.76908
0.769081
0.769157
0.769163
0.769195
0.769211
0.769211
0.769267
0.769284
0.769354
0.769373
0.769431
0.76944
0.769477
0.769524
0.769537
0.769561
0.769564
0.769575
0.769583
0.769588
0.769614
0.769683
0.769691
0.769697
0.769818
0.769857
0.769868
0.769887
0.769897
0.769923
0.769978
0.77
0.770008
0.770008
0.77003
0.770031
0.770058
0.770061
0.770078
0.770094
0.770111
0.770146
0.770187
0.7702
0.770214
0.770234
0.770274
0.770328
0.770361
0.770377
0.770441
0.77049
0.770493
0.770517
0.770551
0.770565
0.77057
0.770594
0.770647
0.770648
0.770674
0.770701
0.770721
0.770734
0.770747
0.770778
0.770817
0.770858
0.770887
0.770904
0.770981
0.770987
0.770997
0.77104
0.771134
0.77115
0.771167
0.771185
0.77119
0.771274
0.77128
0.771323
0.771331
0.7714
0.771407
0.771414
0.771551
0.771554
0.771568
0.771594
0.771601
0.771607
0.771628
0.77163
0.771641
0.771648
0.771654
0.771681
0.771708
0.771711
0.771761
0.771767
0.771774
0.771794
0.771798
0.771855
0.77186
0.771877
0.771891
0.771908
0.771978
0.771981
0.772088
0.772098
0.772151
0.772174
0.772324
0.77234
0.772411
0.772417
0.772421
0.772421
0.772511
0.77255
0.772641
0.77266
0.772664
0.772668
0.772674
0.772691
0.772711
0.772727
0.77276
0.772774
0.77278
0.772788
0.772841
0.772864
0.772948
0.772984
0.773011
0.773017
0.773048
0.773088
0.773101
0.773107
0.773158
0.773187
0.77326
0.773275
0.773315
0.773338
0.773358
0.773387
0.77344
0.773491
0.773494
0.773505
0.773524
0.773533
0.773564
0.773588
0.773611
0.773644
0.773655
0.773728
0.773734
0.77376
0.773774
0.773777
0.773814
0.77382
0.773828
0.773871
0.773878
0.773895
0.773904
0.773944
0.773964
0.773968
0.773991
0.773991
0.774001
0.774034
0.774035
0.774104
0.774104
0.774104
0.774167
0.774191
0.774194
0.774223
0.774274
0.774277
0.774307
0.77431
0.774314
0.774331
0.774397
0.77447
0.774501
0.774511
0.774537
0.774544
0.774557
0.774577
0.774624
0.774631
0.774634
0.77464
0.774648
0.774671
0.774684
0.774724
0.774771
0.774771
0.774864
0.774871
0.774937
0.774968
0.775018
0.775047
0.775088
0.775121
0.775131
0.775151
0.775158
0.775178
0.775198
0.77523
0.775231
0.775274
0.775318
0.775328
0.775331
0.775381
0.775431
0.775444
0.775485
0.775501
0.775534
0.775541
0.775551
0.775557
0.775611
0.775681
0.775707
0.775728
0.775744
0.77579
0.7758
0.77581
0.775851
0.775877
0.775931
0.775937
0.77602
0.776034
0.776053
0.776057
0.776077
0.776121
0.776153
0.776187
0.776204
0.776211
0.776304
0.776358
0.776361
0.776361
0.776397
0.776414
0.776468
0.776491
0.776518
0.776534
0.77655
0.776554
0.776601
0.776691
0.776697
0.776704
0.776811
0.77685
0.776897
0.776911
0.776914
0.776917
0.776964
0.776981
0.777004
0.777081
0.777197
0.777277
0.777328
0.777334
0.777348
0.777377
0.777497
0.777518
0.777584
0.777588
0.777598
0.777611
0.77765
0.777658
0.777681
0.777684
0.777684
0.777867
0.777881
0.777938
0.777988
0.778014
0.778111
0.778178
0.778207
0.778231
0.778301
0.778317
0.778328
0.778341
0.778348
0.778363
0.778374
0.778458
0.778524
0.778528
0.778548
0.778564
0.778597
0.778795
0.778804
0.778824
0.778861
0.778934
0.778937
0.779147
0.779178
0.779217
0.779228
0.779261
0.779305
0.779414
0.77946
0.779471
0.779508
0.779514
0.77953
0.779534
0.779561
0.779564
0.779571
0.779578
0.779584
0.779617
0.779634
0.779641
0.779684
0.779691
0.7797
0.779721
0.779724
0.779767
0.77977
0.779773
0.779785
0.779804
0.779824
0.779857
0.779881
0.779886
0.779897
0.779935
0.779981
0.779998
0.780023
0.780024
0.780053
0.780054
0.780057
0.780078
0.780118
0.780121
0.780134
0.780171
0.780177
0.780194
0.78022
0.780244
0.780275
0.780276
0.780384
0.780408
0.780414
0.780451
0.78047
0.780541
0.780561
0.780651
0.780674
0.780694
0.780747
0.780791
0.780804
0.780806
0.780874
0.780874
0.780931
0.780944
0.781011
0.781018
0.781051
0.781064
0.781131
0.781135
0.78116
0.781248
0.781257
0.781294
0.781295
0.781297
0.781331
0.781384
0.781424
0.781427
0.781441
0.781461
0.781527
0.781547
0.781556
0.781557
0.781561
0.781573
0.781611
0.781621
0.781721
0.781748
0.78184
0.781844
0.781861
0.781868
0.781881
0.781907
0.781947
0.781971
0.782005
0.782054
0.782131
0.782155
0.782165
0.782205
0.782224
0.782255
0.782258
0.782277
0.782284
0.782307
0.782381
0.782388
0.782457
0.782458
0.782497
0.782585
0.782637
0.782707
0.782754
0.782774
0.782793
0.782851
0.782857
0.782957
0.782973
0.782978
0.782998
0.783107
0.783114
0.783157
0.783164
0.783175
0.783245
0.783265
0.783298
0.78334
0.78335
0.783358
0.783384
0.783387
0.783423
0.78346
0.783484
0.783511
0.783533
0.783574
0.783581
0.783584
0.783705
0.783707
0.783771
0.783791
0.783794
0.783907
0.78392
0.783921
0.783925
0.783935
0.783935
0.783937
0.783981
0.783993
0.783994
0.784124
0.784128
0.784157
0.784197
0.784217
0.784254
0.784401
0.784401
0.784408
0.784455
0.784471
0.784525
0.784627
0.784664
0.784721
0.784771
0.784787
0.78487
0.784871
0.784931
0.784951
0.784988
0.785007
0.785023
0.785031
0.785034
0.78511
0.785114
0.785115
0.785127
0.785218
0.785384
0.785421
0.785464
0.785487
0.785545
0.785564
0.785587
0.785657
0.785673
0.785677
0.785677
0.785698
0.78571
0.785726
0.785727
0.785754
0.785757
0.785807
0.785811
0.785841
0.785885
0.785894
0.785915
0.785947
0.78599
0.785994
0.786004
0.786011
0.786018
0.786084
0.786091
0.786154
0.786157
0.786177
0.786191
0.786231
0.786231
0.786254
0.786271
0.78628
0.78639
0.786484
0.786568
0.786571
0.786608
0.786654
0.786664
0.786754
0.786778
0.786844
0.786873
0.786875
0.786884
0.786891
0.787048
0.787094
0.787188
0.787205
0.787214
0.787248
0.787254
0.787391
0.787404
0.787421
0.787441
0.787631
0.787755
0.787757
0.787768
0.787857
0.787931
0.788037
0.788037
0.788065
0.788071
0.788074
0.788081
0.78811
0.788177
0.788195
0.788204
0.788205
0.788234
0.788238
0.7883
0.788424
0.788424
0.788428
0.78846
0.788494
0.788518
0.788531
0.788603
0.788611
0.788687
0.788761
0.7888
0.788971
0.789035
0.789044
0.789101
0.789117
0.789118
0.789141
0.789158
0.789308
0.789324
0.789327
0.789421
0.789467
0.789541
0.789551
0.789748
0.789791
0.789798
0.789837
0.789857
0.789901
0.789938
0.789967
0.789983
0.789991
0.790001
0.79005
0.790094
0.790127
0.790151
0.790394
0.790408
0.790488
0.790548
0.790554
0.79056
0.790643
0.790677
0.790678
0.7907
0.790714
0.79073
0.790797
0.790804
0.790914
0.79098
0.791018
0.791127
0.791137
0.791144
0.79115
0.791171
0.791193
0.79133
0.791371
0.79149
0.791694
0.791717
0.791834
0.791944
0.791957
0.792021
0.792038
0.792074
0.792347
0.792388
0.79241
0.792448
0.792477
0.792507
0.792514
0.792517
0.792521
0.792558
0.792644
0.792717
0.792751
0.79276
0.792818
0.792828
0.79288
0.792885
0.792977
0.79298
0.793031
0.793097
0.793161
0.793258
0.793364
0.793367
0.793387
0.793424
0.79362
0.793621
0.793664
0.793735
0.79374
0.793791
0.793885
0.793967
0.794048
0.794115
0.794137
0.794138
0.794154
0.794157
0.794184
0.794201
0.794207
0.794228
0.794437
0.794758
0.79478
0.794834
0.794863
0.794891
0.794898
0.794924
0.794927
0.794981
0.795394
0.795397
0.795424
0.795431
0.795561
0.795651
0.795668
0.795764
0.795767
0.795821
0.795881
0.796001
0.796047
0.796157
0.796204
0.796214
0.796314
0.79632
0.796331
0.796354
0.796368
0.796418
0.796428
0.796434
0.796447
0.796574
0.79661
0.796614
0.79666
0.79667
0.796681
0.796687
0.796764
0.796774
0.797024
0.797194
0.797195
0.797228
0.797271
0.797374
0.797395
0.797424
0.79747
0.79748
0.797528
0.797694
0.797704
0.797735
0.797757
0.797794
0.797824
0.797868
0.79789
0.797958
0.797994
0.798057
0.798313
0.798378
0.798548
0.798591
0.798703
0.79877
0.798797
0.798817
0.798844
0.79887
0.798914
0.798944
0.799351
0.799361
0.799367
0.799517
0.799604
0.799654
0.799694
0.799707
0.799711
0.799734
0.799751
0.799758
0.799774
0.79981
0.799834
0.799841
0.800027
0.800077
0.800128
0.800135
0.800147
0.800163
0.80018
0.800198
0.800221
0.800247
0.800274
0.80028
0.800308
0.800334
0.800341
0.800351
0.800354
0.800364
0.800384
0.800408
0.800428
0.800654
0.800661
0.80073
0.80076
0.800911
0.801037
0.801081
0.801357
0.801387
0.8015
0.801521
0.801551
0.801596
0.801635
0.801641
0.801641
0.801685
0.801741
0.801757
0.801758
0.801797
0.801878
0.801963
0.802016
0.802055
0.80206
0.802191
0.802424
0.802431
0.802461
0.802627
0.802714
0.802758
0.802811
0.802836
0.802881
0.802891
0.802945
0.803007
0.803073
0.803137
0.803168
0.803231
0.803274
0.803304
0.803315
0.803411
0.80351
0.803685
0.803711
0.803801
0.803838
0.803847
0.803888
0.803897
0.804004
0.804034
0.804058
0.804064
0.804068
0.804248
0.804408
0.804504
0.804554
0.804587
0.804591
0.804664
0.804677
0.804717
0.804787
0.80485
0.805144
0.805334
0.805374
0.805795
0.805951
0.806128
0.806242
0.806327
0.806394
0.806418
0.806495
0.806564
0.806627
0.806677
0.806801
0.806805
0.806968
0.807023
0.807026
0.807098
0.807205
0.807378
0.807391
0.807581
0.807745
0.807828
0.807857
0.807895
0.808004
0.808008
0.808131
0.808146
0.808435
0.808484
0.808491
0.808793
0.809168
0.809718
0.809764
0.809851
0.809868
0.810031
0.810171
0.810251
0.81037
0.810668
0.810731
0.810917
0.810927
0.810931
0.811007
0.811027
0.811085
0.811124
0.811221
0.811291
0.811393
0.811507
0.811518
0.811624
0.811664
0.811707
0.811711
0.81189
0.811924
0.812047
0.812217
0.812414
0.812698
0.812858
0.813035
0.813137
0.813154
0.813418
0.81342
0.813444
0.813534
0.813778
0.813801
0.813818
0.813908
0.813921
0.813994
0.814031
0.814325
0.814425
0.814484
0.814667
0.814711
0.814744
0.814804
0.814834
0.814938
0.815007
0.815228
0.815334
0.815424
0.815514
0.815534
0.815578
0.8158
0.816014
0.816158
0.816217
0.816224
0.816243
0.816251
0.816301
0.81635
0.816454
0.816515
0.816523
0.816637
0.816644
0.816685
0.816747
0.816784
0.816851
0.816874
0.816935
0.817184
0.817193
0.817261
0.81727
0.817291
0.81744
0.817457
0.817668
0.817741
0.817771
0.817777
0.817814
0.817868
0.818314
0.818447
0.818518
0.818527
0.818594
0.818621
0.818811
0.818814
0.818971
0.819134
0.819141
0.819375
0.819468
0.819497
0.819561
0.819625
0.819627
0.819638
0.819674
0.81979
0.819818
0.819874
0.820187
0.820321
0.820584
0.820605
0.820621
0.820807
0.820857
0.82092
0.821024
0.821121
0.821121
0.82117
0.821264
0.821414
0.82143
0.821788
0.821997
0.822347
0.822498
0.822561
0.822581
0.822604
0.822617
0.822711
0.822768
0.822985
0.823028
0.823074
0.823075
0.823234
0.823244
0.823398
0.823708
0.823954
0.823984
0.823987
0.824181
0.824187
0.824297
0.824704
0.824841
0.824854
0.824874
0.82494
0.825331
0.825457
0.825474
0.825494
0.825521
0.825724
0.825757
0.825871
0.82622
0.82624
0.826807
0.826921
0.827141
0.827267
0.827391
0.827394
0.827945
0.828381
0.828387
0.828504
0.828571
0.828757
0.829028
0.829174
0.829254
0.829411
0.829438
0.829671
0.829834
0.829898
0.830024
0.83006
0.830157
0.830407
0.830681
0.830737
0.830741
0.830787
0.830908
0.830934
0.830981
0.831404
0.831444
0.831548
0.831615
0.831818
0.831921
0.831964
0.83231
0.832451
0.832477
0.832495
0.832558
0.833068
0.833084
0.833404
0.834111
0.834121
0.834451
0.834521
0.83473
0.834784
0.834848
0.834934
0.834977
0.835255
0.835518
0.83559
0.835611
0.836161
0.836171
0.836177
0.836304
0.836335
0.836388
0.836397
0.836608
0.836703
0.836921
0.837034
0.83704
0.837398
0.837704
0.837754
0.837941
0.838101
0.838241
0.838758
0.838807
0.838897
0.838961
0.839237
0.839244
0.839518
0.839631
0.839697
0.840331
0.840537
0.840544
0.840727
0.840941
0.84111
0.841744
0.841794
0.842407
0.842528
0.843024
0.843274
0.843277
0.843357
0.843384
0.843384
0.843504
0.843961
0.844188
0.844634
0.844851
0.84497
0.845168
0.845491
0.845507
0.845977
0.846507
0.846511
0.846671
0.847108
0.847407
0.84754
0.847717
0.848604
0.84881
0.848901
0.849271
0.850338
0.851088
0.851447
0.851678
0.851824
0.851884
0.852008
0.852055
0.852134
0.852378
0.852878
0.853094
0.85346
0.853584
0.854177
0.854324
0.854485
0.854497
0.85472
0.85476
0.854791
0.855034
0.855127
0.855333
0.855574
0.855791
0.85595
0.856229
0.856285
0.856347
0.856574
0.856617
0.856664
0.856808
0.856834
0.856847
0.857034
0.858208
0.858221
0.858318
0.858358
0.858627
0.858655
0.859021
0.859294
0.859474
0.859633
0.859777
0.859874
0.85997
0.860904
0.861081
0.861157
0.861438
0.862834
0.863587
0.863941
0.863974
0.864323
0.865271
0.865507
0.865561
0.865645
0.866545
0.866625
0.867151
0.867251
0.867621
0.867874
0.868317
0.868631
0.868761
0.868998
0.869617
0.869631
0.86981
0.869914
0.870067
0.870287
0.870641
0.870784
0.871585
0.871661
0.871884
0.871997
0.872178
0.872201
0.872381
0.873753
0.874264
0.874264
0.875161
0.875403
0.875515
0.875844
0.876581
0.877337
0.877495
0.877761
0.878031
0.878114
0.879191
0.879468
0.879668
0.880191
0.880481
0.881341
0.881421
0.881931
0.882211
0.882444
0.883324
0.883398
0.883894
0.884241
0.884271
0.885641
0.885667
0.885681
0.8863
0.88634
0.886671
0.886957
0.887548
0.887801
0.888088
0.888418
0.888807
0.889318
0.889841
0.889944
0.890818
0.891104
0.891541
0.891563
0.891665
0.891714
0.891795
0.891928
0.891948
0.892198
0.892224
0.892875
0.892901
0.893228
0.893974
0.893985
0.894571
0.89507
0.895758
0.895774
0.896045
0.896184
0.896761
0.897457
0.897525
0.897767
0.897964
0.897988
0.898201
0.899787
0.899854
0.900094
0.900267
0.900294
0.900661
0.900735
0.901618
0.902084
0.902121
0.90252
0.902634
0.903468
0.903508
0.903681
0.903721
0.903748
0.903855
0.904077
0.904218
0.904228
0.904271
0.904957
0.905235
0.905268
0.905511
0.905848
0.905928
0.9064
0.906598
0.906681
0.907044
0.907134
0.907236
0.907301
0.907515
0.908151
0.908454
0.908504
0.908588
0.908801
0.908887
0.908916
0.909654
0.909988
0.910831
0.910914
0.910991
0.911025
0.911061
0.911081
0.912088
0.912431
0.912654
0.912694
0.91282
0.912827
0.913338
0.914141
0.914204
0.914737
0.915778
0.915854
0.915871
0.915904
0.915928
0.916627
0.916766
0.917345
0.917364
0.917511
0.917967
0.918488
0.918931
0.919825
0.919868
0.920434
0.920647
0.920741
0.921252
0.921504
0.921614
0.921821
0.922077
0.922271
0.922361
0.923254
0.924591
0.924978
0.925588
0.926305
0.926785
0.927157
0.927311
0.927598
0.928104
0.929168
0.929671
0.930117
0.930191
0.930327
0.931035
0.931194
0.931347
0.931871
0.932511
0.932524
0.933551
0.93371
0.934448
0.934768
0.934801
0.936221
0.936222
0.936411
0.936684
0.937777
0.937978
0.938118
0.938257
0.938313
0.938455
0.938691
0.938711
0.938834
0.938844
0.939035
0.939568
0.940044
0.940091
0.940695
0.941628
0.942625
0.942627
0.942731
0.942987
0.943148
0.944308
0.944537
0.945151
0.945374
0.946401
0.946515
0.946518
0.946831
0.947164
0.947481
0.948474
0.949177
0.949198
0.949678
0.950144
0.950884
0.951117
0.951121
0.951604
0.951691
0.951927
0.951977
0.952011
0.952414
0.953348
0.95339
0.953727
0.954431
0.954725
0.955091
0.955761
0.956071
0.956224
0.956224
0.956753
0.957398
0.957634
0.957644
0.957738
0.957987
0.958568
0.958571
0.958755
0.959628
0.960487
0.960661
0.960837
0.961348
0.961485
0.962194
0.962548
0.962784
0.962794
0.963097
0.963954
0.964201
0.964231
0.964278
0.964358
0.964868
0.965247
0.965824
0.966225
0.966724
0.966825
0.967018
0.967051
0.967084
0.967644
0.967801
0.968174
0.968334
0.968801
0.969331
0.969607
0.969858
0.970231
0.971077
0.971148
0.971244
0.972371
0.972931
0.973388
0.974167
0.974497
0.974637
0.974641
0.974671
0.974678
0.974855
0.975124
0.975464
0.975634
0.976354
0.976473
0.976661
0.976674
0.977535
0.977597
0.979254
0.979675
0.980048
0.980481
0.980508
0.980548
0.980705
0.981155
0.98132
0.981398
0.981581
0.981598
0.981981
0.982388
0.982577
0.982724
0.982881
0.983304
0.983627
0.983841
0.983927
0.983977
0.984111
0.984464
0.984935
0.985025
0.985851
0.986011
0.986354
0.986407
0.986758
0.987521
0.987901
0.988175
0.988577
0.990934
0.991128
0.991301
0.991434
0.9917
0.991758
0.991895
0.992491
0.992838
0.993281
0.9933
0.993651
0.99416
0.994467
0.994515
0.994608
0.995221
0.996968
0.997638
0.998117
0.998798
0.998851
0.999874
1.000241
1.000826
1.001228
1.001584
1.001607
1.001621
1.001825
1.002121
1.002388
1.002421
1.003361
1.003928
1.004561
1.004691
1.004861
1.005334
1.00558
1.005991
1.006471
1.006871
1.006974
1.007011
1.007208
1.007411
1.007584
1.00799
1.008125
1.008505
1.009098
1.009178
1.009287
1.009754
1.009854
1.010065
1.010141
1.010661
1.010804
1.011001
1.011167
1.011295
1.011414
1.011944
1.012013
1.012208
1.012511
1.012772
1.013225
1.013871
1.013965
1.014095
1.014231
1.014604
1.014982
1.015764
1.016114
1.016411
1.016427
1.016761
1.017524
1.017734
1.017781
1.019068
1.019821
1.020058
1.020228
1.020427
1.021055
1.021564
1.021778
1.022127
1.022438
1.022825
1.023428
1.024081
1.024391
1.024878
1.025378
1.025698
1.025731
1.025838
1.026338
1.027021
1.027308
1.027371
1.028107
1.028301
1.028397
1.028628
1.029597
1.029698
1.030271
1.030665
1.030761
1.030907
1.031224
1.031901
1.03191
1.032568
1.032747
1.032898
1.032904
1.033128
1.033611
1.033681
1.034664
1.034921
1.035068
1.036021
1.036384
1.036814
1.036829
1.036934
1.037291
1.037498
1.037724
1.037908
1.037977
1.038112
1.038288
1.038671
1.038911
1.039237
1.039428
1.039724
1.039901
1.040014
1.040034
1.040191
1.040408
1.040451
1.041144
1.042091
1.042484
1.042568
1.042991
1.043078
1.044171
1.044557
1.044587
1.044898
1.044934
1.045215
1.045544
1.046504
1.046837
1.047401
1.047966
1.048172
1.048294
1.048444
1.049435
1.049457
1.049464
1.049511
1.049634
1.049964
1.050071
1.050734
1.050791
1.051035
1.051068
1.051438
1.051578
1.052284
1.052551
1.052828
1.052828
1.053251
1.053491
1.053681
1.053917
1.054428
1.054501
1.054505
1.054778
1.055094
1.055354
1.055458
1.055865
1.056077
1.056151
1.056195
1.056431
1.057108
1.057151
1.058044
1.058457
1.058524
1.058711
1.059434
1.059495
1.059957
1.060035
1.060415
1.060888
1.061041
1.061065
1.061861
1.062105
1.062208
1.062571
1.062794
1.062981
1.063561
1.063937
1.065604
1.065634
1.066008
1.067168
1.069054
1.069238
1.069457
1.069791
1.070061
1.070228
1.070284
1.070305
1.070328
1.071304
1.071718
1.071778
1.072058
1.072068
1.072391
1.073935
1.074371
1.076097
1.076337
1.076471
1.076688
1.076702
1.076729
1.076828
1.077224
1.077784
1.078124
1.078155
1.078241
1.078525
1.078578
1.078958
1.079085
1.079182
1.079595
1.079691
1.080498
1.080675
1.080945
1.080964
1.081061
1.082038
1.082428
1.082591
1.082727
1.082988
1.083074
1.083535
1.084361
1.084645
1.085811
1.086101
1.086424
1.08646
1.086511
1.086948
1.087558
1.087575
1.088261
1.088367
1.088451
1.088568
1.088661
1.089155
1.089257
1.089724
1.091144
1.091318
1.091371
1.091498
1.091634
1.092104
1.093498
1.093931
1.094715
1.095475
1.095944
1.096138
1.096471
1.096798
1.097378
1.097765
1.098761
1.099791
1.100009
1.100738
1.100921
1.100964
1.102065
1.102075
1.102181
1.102994
1.103141
1.103844
1.104854
1.106075
1.106198
1.106234
1.106451
1.106598
1.106978
1.107578
1.107595
1.107984
1.108045
1.108618
1.109388
1.109951
1.110221
1.111068
1.111217
1.111378
1.111618
1.112084
1.112661
1.113308
1.113352
1.114338
1.114711
1.115081
1.116378
1.116458
1.116847
1.117581
1.117758
1.118271
1.118617
1.118665
1.119881
1.120175
1.121268
1.121377
1.121755
1.122341
1.123654
1.123938
1.124681
1.125441
1.126421
1.126643
1.126678
1.127115
1.127824
1.128205
1.128411
1.128447
1.128954
1.129011
1.129237
1.129744
1.130385
1.130548
1.130788
1.130978
1.131644
1.131798
1.131821
1.132211
1.132581
1.133028
1.133291
1.133354
1.133594
1.133601
1.133737
1.134621
1.135204
1.136558
1.136684
1.136748
1.137081
1.137741
1.138041
1.138478
1.138564
1.138697
1.138844
1.139015
1.139164
1.139439
1.139498
1.140175
1.140331
1.140393
1.140788
1.142784
1.143011
1.143077
1.143508
1.144011
1.146181
1.146601
1.146615
1.147215
1.148038
1.148704
1.148815
1.148897
1.150127
1.151131
1.151294
1.151441
1.151561
1.151561
1.151818
1.152157
1.152287
1.152634
1.156775
1.156824
1.157258
1.157608
1.157704
1.157798
1.158044
1.158798
1.158878
1.159387
1.159538
1.159859
1.159925
1.159961
1.160179
1.161014
1.161265
1.161401
1.161664
1.161668
1.162158
1.162321
1.162817
1.162871
1.163141
1.163159
1.164128
1.164141
1.164961
1.165091
1.16557
1.165679
1.165681
1.165711
1.165987
1.166318
1.166602
1.167918
1.168747
1.168771
1.169291
1.169384
1.171318
1.172198
1.173085
1.173214
1.173924
1.174035
1.174588
1.174868
1.175525
1.175555
1.176071
1.176393
1.176785
1.176988
1.177788
1.177911
1.178771
1.178952
1.180355
1.181544
1.181798
1.182351
1.182808
1.184265
1.185338
1.185575
1.185595
1.185688
1.186101
1.187238
1.187307
1.187801
1.187948
1.187951
1.188091
1.189104
1.189661
1.189871
1.190251
1.191171
1.191209
1.191844
1.192378
1.192524
1.192895
1.193391
1.193594
1.193771
1.195141
1.196621
1.196728
1.196878
1.197168
1.197854
1.198488
1.198767
1.198824
1.199238
1.199528
1.200204
1.200465
1.200737
1.201118
1.201241
1.201338
1.201428
1.201837
1.202161
1.202344
1.202515
1.202684
1.202688
1.202761
1.203491
1.203751
1.203754
1.203784
1.203838
1.204574
1.204617
1.205384
1.205538
1.205801
1.207132
1.207188
1.207368
1.207404
1.208124
1.208192
1.208301
1.208895
1.209681
1.209951
1.210488
1.211048
1.211208
1.211384
1.211674
1.213039
1.213248
1.214138
1.215438
1.215601
1.215798
1.216517
1.217105
1.218608
1.219011
1.219492
1.220098
1.222371
1.222575
1.222714
1.222838
1.223255
1.223428
1.225178
1.225421
1.226288
1.227305
1.229698
1.230452
1.230804
1.231941
1.232034
1.232061
1.232424
1.232585
1.232684
1.232975
1.232988
1.233041
1.233159
1.233471
1.233918
1.233954
1.234908
1.235232
1.235497
1.236101
1.236774
1.237081
1.238914
1.238945
1.239091
1.239718
1.239974
1.241951
1.242134
1.242201
1.242311
1.242535
1.242901
1.243014
1.243084
1.243168
1.243331
1.243495
1.243817
1.244308
1.244904
1.245224
1.245439
1.245674
1.246225
1.247815
1.247888
1.248637
1.248771
1.249144
1.250188
1.250305
1.250488
1.251007
1.251109
1.251271
1.251691
1.251729
1.252054
1.252468
1.253458
1.254198
1.254845
1.254965
1.255441
1.255501
1.256416
1.256451
1.256998
1.258829
1.258845
1.259218
1.259221
1.259678
1.260005
1.261011
1.261366
1.261841
1.262098
1.262677
1.263121
1.263835
1.263972
1.265357
1.265685
1.266808
1.266889
1.267164
1.267544
1.267548
1.267591
1.267974
1.268198
1.268958
1.269277
1.269395
1.270655
1.270928
1.271757
1.272461
1.272684
1.272874
1.273008
1.273017
1.273658
1.273678
1.275251
1.275334
1.275598
1.275838
1.275922
1.276288
1.276325
1.276871
1.276939
1.276947
1.277024
1.277345
1.277605
1.277724
1.279237
1.279331
1.279402
1.279747
1.279828
1.280189
1.280474
1.281082
1.281112
1.281724
1.282241
1.282875
1.282931
1.284674
1.284878
1.285165
1.285821
1.286375
1.287165
1.287304
1.287515
1.288462
1.289474
1.289664
1.290231
1.290865
1.291055
1.291261
1.292784
1.293445
1.293501
1.293635
1.293907
1.294921
1.295511
1.295759
1.297248
1.298688
1.298788
1.298818
1.299438
1.301154
1.301301
1.302615
1.302868
1.303564
1.303585
1.303975
1.304188
1.304718
1.305254
1.305612
1.306361
1.307008
1.307398
1.307934
1.308018
1.308421
1.310338
1.311618
1.312418
1.312615
1.312987
1.314131
1.314428
1.314988
1.317348
1.318264
1.318774
1.319238
1.319668
1.319735
1.321114
1.321421
1.321769
1.322645
1.322775
1.323821
1.324275
1.324397
1.324485
1.324551
1.324558
1.325564
1.326076
1.326215
1.326588
1.326761
1.326965
1.327105
1.327455
1.327614
1.327868
1.328411
1.329158
1.329849
1.330438
1.330624
1.331224
1.331808
1.332081
1.333148
1.333991
1.334008
1.334554
1.335028
1.336414
1.336521
1.337691
1.338174
1.338198
1.338995
1.339111
1.339302
1.340885
1.341198
1.341331
1.341342
1.342798
1.343664
1.345491
1.345828
1.345938
1.346771
1.346781
1.347689
1.347801
1.347904
1.348168
1.348555
1.348761
1.348808
1.349108
1.349268
1.349448
1.349554
1.351218
1.352822
1.353238
1.353475
1.354501
1.356964
1.357258
1.357725
1.358632
1.359155
1.359202
1.359281
1.359318
1.359508
1.360572
1.360572
1.362372
1.363064
1.363488
1.364415
1.365194
1.365327
1.365731
1.366844
1.367685
1.368804
1.369614
1.369637
1.370891
1.370984
1.371374
1.371414
1.372201
1.373101
1.373361
1.374215
1.375442
1.375802
1.376471
1.377132
1.377638
1.378122
1.378491
1.378564
1.379705
1.380426
1.381201
1.381421
1.381628
1.381955
1.382508
1.383628
1.383852
1.384042
1.384392
1.384581
1.385149
1.385304
1.385608
1.385655
1.385775
1.386329
1.386529
1.387091
1.388244
1.388722
1.388781
1.389532
1.389765
1.390109
1.390655
1.391338
1.392921
1.393346
1.393688
1.393965
1.394161
1.394225
1.399072
1.400675
1.400725
1.403127
1.404014
1.404732
1.40496
1.406361
1.407749
1.408669
1.408684
1.408805
1.411781
1.413781
1.413782
1.413784
1.414384
1.415202
1.415328
1.415476
1.416584
1.418907
1.419141
1.419425
1.419694
1.421109
1.425652
1.425984
1.426178
1.426564
1.426879
1.428665
1.429328
1.430142
1.431111
1.432188
1.432366
1.432888
1.432944
1.433318
1.434175
1.434241
1.434508
1.435678
1.437088
1.437461
1.441014
1.441528
1.443029
1.444288
1.444585
1.447311
1.447838
1.448711
1.453938
1.454175
1.456148
1.458762
1.460979
1.463168
1.466891
1.467558
1.468158
1.468867
1.480475
1.482992
1.485012
1.492285
1.494812
1.497622
1.500604
1.502315
1.505739
1.512457
1.513252
1.518379
1.528959
1.529732
1.530152
1.533811
1.535225
1.543027
1.545671
1.553858
1.585224
1.601469
1.604768
1.615279
1.619131
1.628201
1.694482
1.730668
1.825595
1.870281
1.907438
2.013655
2.097026
