0.254837
0.25732
0.259812
0.263034
0.263294
0.265174
0.265356
0.266496
0.268014
0.269607
0.2702
0.270298
0.270522
0.271894
0.27314
0.27367
0.273733
0.273789
0.274604
0.274671
0.275014
0.275416
0.27566
0.275809
0.275946
0.276089
0.276116
0.276148
0.27627
0.276317
0.27701
0.277177
0.277203
0.277407
0.277552
0.278068
0.278254
0.278304
0.278506
0.278646
0.278762
0.278767
0.27889
0.279244
0.279281
0.279588
0.279939
0.280576
0.280952
0.28106
0.281083
0.281454
0.281624
0.281717
0.281757
0.281794
0.281893
0.281914
0.281955
0.281992
0.282003
0.28214
0.282193
0.282342
0.282448
0.282542
0.282614
0.282677
0.28276
0.282816
0.28294
0.283137
0.28314
0.283346
0.283354
0.283433
0.283547
0.283888
0.283944
0.283983
0.284009
0.284053
0.284157
0.284168
0.28439
0.284404
0.28451
0.28459
0.284636
0.28464
0.28471
0.284924
0.285096
0.285112
0.285123
0.285251
0.28554
0.285556
0.285636
0.285657
0.285735
0.285767
0.285957
0.285984
0.285995
0.28609
0.286128
0.28613
0.286343
0.286352
0.286462
0.286468
0.286626
0.28675
0.286801
0.287051
0.287096
0.287205
0.28724
0.287247
0.287284
0.287339
0.287377
0.287489
0.287561
0.287654
0.28775
0.28823
0.28845
0.288468
0.288588
0.288673
0.288726
0.288897
0.288918
0.288948
0.289
0.289174
0.289186
0.289344
0.28935
0.2895
0.289621
0.289657
0.28971
0.28972
0.289766
0.289773
0.289793
0.289903
0.289947
0.289974
0.289995
0.290018
0.290098
0.290127
0.290203
0.29027
0.290317
0.290317
0.290353
0.290357
0.290384
0.290465
0.290468
0.290498
0.290516
0.290568
0.290585
0.290603
0.29063
0.290644
0.290704
0.29077
0.290788
0.290886
0.290926
0.290965
0.29115
0.291164
0.291198
0.29127
0.291273
0.291333
0.291449
0.291456
0.291514
0.291536
0.291583
0.291584
0.29165
0.291716
0.29175
0.291918
0.291931
0.291943
0.29197
0.292053
0.292074
0.292087
0.292244
0.292277
0.292322
0.292334
0.292513
0.292594
0.292731
0.292811
0.292902
0.292942
0.29304
0.293045
0.293072
0.293103
0.29313
0.293198
0.293203
0.293222
0.293254
0.293353
0.293373
0.293431
0.293447
0.293463
0.293491
0.29353
0.293597
0.293606
0.293711
0.293967
0.294004
0.294064
0.294065
0.294171
0.294221
0.294231
0.294237
0.294275
0.294285
0.294302
0.294337
0.294375
0.294407
0.29443
0.294514
0.294518
0.294584
0.294684
0.294732
0.294734
0.294736
0.294806
0.29483
0.294847
0.29491
0.295215
0.295242
0.295253
0.295277
0.295366
0.295381
0.295403
0.295441
0.295467
0.295565
0.295586
0.295655
0.295663
0.295683
0.295697
0.295745
0.295764
0.295829
0.295864
0.295941
0.295963
0.295967
0.296031
0.2961
0.29612
0.296121
0.296125
0.296134
0.296157
0.29621
0.29626
0.29626
0.296276
0.296276
0.296291
0.296522
0.296528
0.296551
0.296573
0.2966
0.296603
0.296627
0.296643
0.296682
0.29672
0.29676
0.296767
0.296798
0.296821
0.296832
0.29684
0.29686
0.296902
0.296937
0.297111
0.297112
0.29712
0.29721
0.29724
0.297248
0.29729
0.297393
0.297437
0.297534
0.297551
0.297576
0.297584
0.297627
0.297628
0.297647
0.297667
0.297697
0.29774
0.29774
0.297827
0.297827
0.29787
0.297927
0.29795
0.298024
0.298051
0.29809
0.298102
0.298142
0.29815
0.298167
0.298223
0.298231
0.298254
0.298273
0.29833
0.29842
0.298464
0.298473
0.298494
0.298498
0.298503
0.298507
0.29852
0.298527
0.298543
0.298572
0.29858
0.29861
0.298621
0.298736
0.298748
0.298768
0.298811
0.29885
0.29896
0.29897
0.298988
0.299021
0.29903
0.299044
0.299135
0.299162
0.29918
0.299218
0.299251
0.29932
0.29933
0.299435
0.299532
0.299537
0.299546
0.299578
0.299664
0.299683
0.299728
0.299781
0.2998
0.299801
0.299834
0.29984
0.299884
0.299889
0.299982
0.299997
0.300017
0.300026
0.30004
0.300063
0.300064
0.300094
0.300126
0.300202
0.300247
0.30025
0.300281
0.300284
0.300298
0.300321
0.300327
0.300329
0.300376
0.300387
0.300419
0.30048
0.30048
0.300498
0.300528
0.300544
0.30056
0.300587
0.300613
0.300614
0.300683
0.300724
0.30074
0.300757
0.300763
0.300793
0.300852
0.300858
0.300901
0.300904
0.301003
0.301006
0.301012
0.301021
0.30106
0.301207
0.301211
0.301234
0.301246
0.301267
0.301284
0.301284
0.301286
0.301287
0.301373
0.301383
0.301433
0.30156
0.301613
0.301701
0.301748
0.301813
0.301822
0.301854
0.30193
0.301942
0.301952
0.30197
0.30199
0.302014
0.302026
0.302063
0.302097
0.302144
0.302163
0.302174
0.30219
0.302244
0.302245
0.302256
0.302276
0.302301
0.302303
0.302315
0.302334
0.302361
0.302364
0.30241
0.302418
0.302437
0.302443
0.30247
0.302486
0.302504
0.302674
0.302688
0.302757
0.302761
0.302783
0.30279
0.302791
0.302802
0.302809
0.302867
0.302961
0.30297
0.303004
0.30304
0.30308
0.303103
0.30312
0.303144
0.303144
0.303166
0.303183
0.303187
0.30319
0.30321
0.303213
0.303226
0.303238
0.303262
0.303267
0.303276
0.303318
0.303331
0.30334
0.303394
0.303423
0.303424
0.303454
0.303497
0.303517
0.303517
0.303536
0.303557
0.303563
0.303591
0.303597
0.303619
0.30363
0.303647
0.303671
0.303677
0.303682
0.30369
0.303697
0.303707
0.303726
0.303744
0.303753
0.303764
0.30384
0.303843
0.303847
0.303894
0.30393
0.303933
0.30394
0.30394
0.303947
0.30395
0.303966
0.304028
0.304041
0.304047
0.30409
0.304091
0.304118
0.304224
0.304253
0.304257
0.304262
0.304293
0.304309
0.304316
0.304334
0.304527
0.30456
0.304566
0.304574
0.3046
0.304607
0.30461
0.30464
0.30464
0.304676
0.304695
0.30471
0.304741
0.304787
0.304806
0.304812
0.304827
0.304837
0.304855
0.30488
0.304909
0.304914
0.304933
0.304934
0.30498
0.304997
0.305053
0.305074
0.305093
0.305098
0.305101
0.305114
0.305117
0.30513
0.305134
0.305157
0.30516
0.30516
0.305176
0.305194
0.305222
0.305264
0.305314
0.305327
0.30533
0.305353
0.305387
0.305404
0.305423
0.305423
0.305532
0.30559
0.305614
0.30562
0.305625
0.305643
0.305721
0.305753
0.30577
0.305788
0.30581
0.305823
0.305834
0.305874
0.305882
0.305887
0.305889
0.305904
0.305931
0.306036
0.30604
0.306088
0.30611
0.306123
0.30617
0.30618
0.306188
0.30621
0.306268
0.306271
0.306295
0.306317
0.306357
0.30639
0.306408
0.30645
0.306453
0.306466
0.306516
0.30652
0.306551
0.306557
0.306577
0.306637
0.306639
0.306647
0.30666
0.306667
0.306704
0.306734
0.306747
0.306763
0.306786
0.30682
0.306825
0.306837
0.306874
0.306901
0.306934
0.30695
0.306962
0.306974
0.306979
0.30699
0.30707
0.307107
0.30715
0.307154
0.307174
0.307236
0.307242
0.307252
0.307263
0.307267
0.307267
0.307292
0.307307
0.307347
0.307363
0.30738
0.307383
0.307407
0.30743
0.30747
0.307481
0.307484
0.307534
0.307545
0.307574
0.307591
0.3076
0.307607
0.307624
0.30763
0.307656
0.307661
0.307671
0.307704
0.307708
0.307713
0.30772
0.307724
0.307743
0.307787
0.307864
0.307864
0.307918
0.307938
0.307947
0.307954
0.307963
0.308017
0.30802
0.308114
0.308118
0.308125
0.308137
0.308164
0.308174
0.308177
0.308177
0.30818
0.308204
0.30824
0.308264
0.308304
0.308316
0.308323
0.308341
0.308368
0.308371
0.308394
0.308417
0.308427
0.308432
0.308459
0.308541
0.308608
0.308617
0.308627
0.30863
0.308693
0.308746
0.308803
0.30883
0.308888
0.308893
0.308897
0.30891
0.308934
0.309001
0.309028
0.30903
0.309041
0.309048
0.309053
0.309057
0.309084
0.309102
0.309133
0.30914
0.309177
0.309223
0.309226
0.30923
0.309233
0.309267
0.309286
0.309298
0.30931
0.309337
0.309343
0.30937
0.30938
0.309393
0.309414
0.309429
0.309437
0.309487
0.309492
0.309493
0.309494
0.309513
0.309521
0.309525
0.309527
0.309529
0.309529
0.309533
0.309556
0.309564
0.309567
0.309577
0.309593
0.309604
0.309614
0.309617
0.309648
0.30965
0.309651
0.309708
0.309763
0.309794
0.309808
0.309814
0.309848
0.309858
0.309867
0.30989
0.309902
0.309954
0.309984
0.310016
0.310016
0.310047
0.31006
0.310073
0.310095
0.310147
0.310147
0.310186
0.310188
0.310227
0.310254
0.310297
0.310302
0.310329
0.310336
0.31036
0.3104
0.310403
0.310428
0.310457
0.310477
0.310477
0.310494
0.310533
0.310541
0.31055
0.310594
0.31061
0.310618
0.310648
0.310654
0.310677
0.310683
0.310728
0.310731
0.310745
0.310757
0.310758
0.310773
0.310777
0.31078
0.310793
0.3108
0.310827
0.310834
0.310884
0.31089
0.310917
0.310927
0.310954
0.31097
0.310971
0.31099
0.310996
0.310997
0.311013
0.311013
0.311043
0.311044
0.311051
0.311057
0.311074
0.311084
0.311133
0.31114
0.311152
0.311154
0.311158
0.311166
0.311213
0.311241
0.31128
0.311281
0.31134
0.3114
0.311414
0.311424
0.311444
0.311447
0.311474
0.31148
0.31149
0.311491
0.311534
0.311545
0.31158
0.311588
0.311594
0.311603
0.311606
0.311608
0.311611
0.311635
0.31164
0.31168
0.311683
0.311696
0.311743
0.311807
0.31184
0.311851
0.311861
0.311865
0.311874
0.311924
0.311955
0.311987
0.312006
0.312033
0.312044
0.312081
0.312093
0.312124
0.312125
0.312132
0.312152
0.312154
0.312163
0.312176
0.31218
0.31221
0.312212
0.312217
0.312222
0.312244
0.312257
0.312264
0.312287
0.312304
0.312335
0.31234
0.312354
0.312404
0.31242
0.312437
0.312437
0.312441
0.312494
0.312507
0.31259
0.31259
0.312604
0.312614
0.312617
0.312627
0.312644
0.312651
0.31268
0.312681
0.312683
0.312704
0.312707
0.312707
0.312734
0.312744
0.31276
0.31281
0.312824
0.312833
0.312854
0.312867
0.31287
0.312906
0.312907
0.312911
0.312916
0.312938
0.312953
0.312957
0.312963
0.312977
0.31298
0.312987
0.312987
0.313009
0.313026
0.313028
0.31303
0.31304
0.313041
0.31305
0.313051
0.313051
0.31307
0.313108
0.313128
0.313146
0.313147
0.313147
0.313148
0.313157
0.313177
0.313183
0.313208
0.313234
0.313246
0.313248
0.313253
0.313262
0.3133
0.313303
0.313307
0.313335
0.313353
0.313354
0.313357
0.313374
0.313394
0.3134
0.31341
0.313414
0.313437
0.313464
0.313504
0.313521
0.313543
0.313557
0.313572
0.313573
0.3136
0.313607
0.313608
0.31362
0.313641
0.313644
0.313663
0.313713
0.31372
0.313757
0.31377
0.31377
0.313771
0.313777
0.313784
0.313788
0.31379
0.31381
0.313834
0.313857
0.313892
0.313924
0.313951
0.313954
0.31396
0.313964
0.313998
0.314004
0.314013
0.31405
0.314051
0.314052
0.314107
0.31411
0.314116
0.314119
0.314137
0.314147
0.314161
0.314179
0.314207
0.314221
0.314234
0.314244
0.314304
0.314318
0.314329
0.31433
0.314331
0.314344
0.314347
0.31437
0.31437
0.314377
0.314394
0.314403
0.314409
0.314417
0.31442
0.314444
0.314464
0.314467
0.31447
0.31449
0.314511
0.314548
0.314597
0.314607
0.31461
0.314637
0.314645
0.314667
0.314695
0.314697
0.314704
0.314704
0.314714
0.31472
0.31472
0.314787
0.314796
0.314798
0.314801
0.314804
0.314821
0.314826
0.31484
0.314867
0.314874
0.314885
0.31494
0.314941
0.314976
0.315007
0.31503
0.315086
0.3151
0.31511
0.31517
0.31518
0.315225
0.315231
0.315247
0.315247
0.315251
0.31527
0.315301
0.31534
0.315344
0.31535
0.315366
0.315397
0.315442
0.315444
0.315454
0.315454
0.315481
0.315483
0.315495
0.315497
0.315504
0.31551
0.31552
0.315524
0.315534
0.315544
0.315563
0.315584
0.3156
0.315607
0.315616
0.315618
0.31563
0.315671
0.315674
0.315681
0.315686
0.315696
0.315728
0.315735
0.31574
0.315751
0.315755
0.31578
0.31579
0.315808
0.315826
0.315829
0.315839
0.315864
0.315901
0.315903
0.31591
0.315916
0.315944
0.315945
0.315974
0.315975
0.31599
0.316001
0.31601
0.316011
0.316034
0.316093
0.316104
0.316123
0.316126
0.316141
0.316147
0.316163
0.31617
0.31617
0.316183
0.316187
0.316194
0.316208
0.316228
0.316271
0.316273
0.3163
0.316328
0.316343
0.316347
0.316377
0.31638
0.316402
0.316437
0.316451
0.316461
0.31647
0.3165
0.316508
0.316533
0.316573
0.316574
0.31658
0.316624
0.316633
0.316633
0.316637
0.316644
0.31665
0.316666
0.31667
0.316672
0.316723
0.316734
0.316754
0.316761
0.316767
0.316777
0.316807
0.316807
0.316816
0.316827
0.316847
0.31686
0.316897
0.316906
0.316911
0.316917
0.316933
0.316943
0.31697
0.316976
0.317
0.317017
0.317019
0.317049
0.317063
0.317076
0.317094
0.317108
0.317124
0.317127
0.317154
0.317181
0.317184
0.31719
0.31719
0.317197
0.3172
0.317217
0.317223
0.317237
0.317266
0.31729
0.317293
0.31731
0.31732
0.317356
0.31737
0.31739
0.317407
0.317407
0.317414
0.317417
0.317424
0.317449
0.317457
0.317474
0.31748
0.317481
0.317489
0.317541
0.317548
0.317556
0.317564
0.317573
0.317584
0.317604
0.317614
0.317616
0.31763
0.317633
0.317634
0.317648
0.3177
0.317704
0.317731
0.317744
0.317754
0.317761
0.31777
0.317771
0.317802
0.317807
0.31782
0.31785
0.317857
0.317857
0.317858
0.317865
0.317871
0.317873
0.317901
0.317907
0.317934
0.31794
0.317941
0.317947
0.317977
0.317988
0.317988
0.31801
0.318022
0.318022
0.31803
0.318034
0.31804
0.318046
0.318077
0.318077
0.31808
0.3181
0.31813
0.318134
0.318138
0.318144
0.31815
0.318166
0.318176
0.318193
0.318197
0.318204
0.318206
0.318207
0.31821
0.318211
0.318213
0.318227
0.318228
0.31825
0.318256
0.318277
0.318281
0.318296
0.318297
0.318307
0.318321
0.31833
0.318332
0.318337
0.318352
0.318366
0.318377
0.318387
0.318406
0.318407
0.318411
0.318423
0.318446
0.318464
0.318477
0.318483
0.318487
0.318497
0.3185
0.318514
0.318517
0.318527
0.318575
0.31858
0.318587
0.318597
0.3186
0.318604
0.318633
0.318644
0.318647
0.318663
0.318665
0.318697
0.31872
0.318726
0.31873
0.31877
0.318776
0.31879
0.31879
0.318831
0.318834
0.318863
0.318865
0.318867
0.318878
0.31888
0.318917
0.31892
0.31892
0.318939
0.31894
0.318941
0.318954
0.318988
0.318993
0.318997
0.319028
0.319068
0.319071
0.319073
0.319073
0.319086
0.319101
0.319103
0.319113
0.319121
0.319121
0.319124
0.31913
0.319134
0.319144
0.319183
0.319195
0.319234
0.319244
0.319246
0.31927
0.319273
0.319277
0.319278
0.319281
0.319294
0.319314
0.319323
0.319334
0.319339
0.319344
0.319346
0.319353
0.319356
0.319357
0.31936
0.319381
0.319393
0.319394
0.319416
0.319417
0.319434
0.319466
0.319466
0.31947
0.31949
0.319512
0.319523
0.319549
0.31959
0.3196
0.3196
0.319613
0.319631
0.31967
0.319671
0.319704
0.319714
0.319714
0.319723
0.319727
0.319736
0.319737
0.31976
0.319763
0.319771
0.319773
0.319847
0.319852
0.319881
0.319901
0.319902
0.319907
0.319957
0.319997
0.319998
0.320016
0.320027
0.32005
0.32007
0.320073
0.320077
0.32008
0.32008
0.320081
0.32013
0.32016
0.32017
0.320184
0.320187
0.320191
0.3202
0.320204
0.320207
0.320221
0.320227
0.320231
0.320277
0.320283
0.320293
0.320305
0.32031
0.32031
0.320323
0.320343
0.320347
0.32035
0.320375
0.32038
0.320398
0.3204
0.320404
0.320407
0.320418
0.320421
0.320423
0.32044
0.32045
0.320457
0.320477
0.320498
0.320552
0.320557
0.320561
0.320563
0.320568
0.320577
0.320596
0.320596
0.32062
0.320627
0.320637
0.32065
0.32066
0.32072
0.320731
0.320734
0.320746
0.320751
0.320773
0.320777
0.320778
0.32081
0.320814
0.320817
0.320831
0.32084
0.320843
0.320851
0.320886
0.32089
0.320893
0.320918
0.32095
0.321
0.32101
0.321017
0.321031
0.321044
0.321068
0.32107
0.321084
0.321087
0.321094
0.321095
0.321117
0.321117
0.321123
0.321128
0.32113
0.321134
0.321154
0.321198
0.321204
0.321207
0.321211
0.321222
0.321224
0.321248
0.321251
0.321267
0.321287
0.32129
0.321297
0.321304
0.321304
0.321306
0.321308
0.321347
0.321348
0.32136
0.321384
0.3214
0.321406
0.321407
0.321407
0.321414
0.321424
0.321427
0.32143
0.321437
0.321457
0.321463
0.321473
0.32148
0.321485
0.321494
0.321497
0.321501
0.32151
0.321516
0.321517
0.321533
0.32154
0.321551
0.321557
0.321563
0.321583
0.321608
0.321643
0.321651
0.321667
0.321687
0.32169
0.321716
0.321717
0.32173
0.321734
0.321737
0.321743
0.321753
0.32177
0.32181
0.32181
0.321824
0.321836
0.321875
0.321894
0.32191
0.321947
0.32197
0.321973
0.32198
0.321986
0.321988
0.321998
0.322004
0.322014
0.322016
0.322034
0.322057
0.322077
0.32208
0.322087
0.322156
0.322167
0.32217
0.322173
0.322174
0.32218
0.32218
0.322187
0.322201
0.32222
0.322221
0.322223
0.322266
0.322277
0.322283
0.322304
0.322315
0.32232
0.32232
0.322323
0.322328
0.322332
0.322347
0.322347
0.322361
0.322394
0.3224
0.32241
0.32241
0.322424
0.322443
0.322443
0.322454
0.322468
0.322477
0.322491
0.322494
0.322507
0.322521
0.322534
0.322553
0.322577
0.32258
0.322594
0.322597
0.322613
0.32262
0.322627
0.32263
0.32265
0.32265
0.322661
0.322673
0.322674
0.322683
0.322694
0.322698
0.322707
0.322708
0.32271
0.322711
0.322727
0.32275
0.322767
0.322767
0.322777
0.322806
0.322824
0.322835
0.322874
0.322877
0.322932
0.322934
0.322942
0.322947
0.322987
0.322994
0.323007
0.32302
0.323041
0.323054
0.323062
0.323097
0.323133
0.323141
0.323141
0.323164
0.32319
0.323201
0.32321
0.323217
0.32322
0.32322
0.323223
0.32323
0.32323
0.323241
0.323247
0.323247
0.32329
0.323298
0.323304
0.323314
0.32333
0.323334
0.323346
0.323354
0.323354
0.32336
0.323374
0.323379
0.323383
0.3234
0.323456
0.323465
0.323465
0.32347
0.323476
0.3235
0.323503
0.323514
0.323533
0.323536
0.323547
0.323548
0.323556
0.323566
0.323574
0.323577
0.323578
0.323596
0.323606
0.32364
0.323664
0.32367
0.323677
0.323684
0.323697
0.323712
0.323717
0.323718
0.323731
0.323736
0.323737
0.323745
0.32375
0.323764
0.323768
0.32378
0.323781
0.323794
0.323813
0.323819
0.323834
0.323868
0.323887
0.32389
0.323906
0.323919
0.323924
0.323936
0.323937
0.323953
0.323974
0.324
0.324013
0.324014
0.324026
0.324041
0.324048
0.324057
0.324065
0.324077
0.324094
0.32414
0.324157
0.32419
0.3242
0.324206
0.32421
0.324221
0.324227
0.324227
0.324231
0.324237
0.324243
0.32426
0.324264
0.32427
0.324273
0.324283
0.324284
0.32432
0.324328
0.32433
0.324337
0.324339
0.32435
0.32436
0.32438
0.324397
0.324407
0.32441
0.324421
0.324443
0.32446
0.324467
0.324471
0.32449
0.3245
0.324531
0.324543
0.324547
0.32459
0.32459
0.324594
0.324597
0.324597
0.324607
0.324618
0.324623
0.324634
0.324634
0.324643
0.324649
0.324653
0.324697
0.324711
0.324713
0.324723
0.324724
0.324763
0.324775
0.324777
0.324781
0.324806
0.32482
0.32483
0.324834
0.324836
0.324853
0.324857
0.324857
0.324858
0.324882
0.324907
0.32492
0.32493
0.324941
0.324948
0.324954
0.324957
0.32498
0.324983
0.324987
0.32499
0.325021
0.325026
0.32504
0.32504
0.325047
0.325051
0.32506
0.325061
0.325062
0.325063
0.325067
0.32507
0.32508
0.325087
0.32509
0.325091
0.325097
0.325097
0.32511
0.325111
0.325143
0.325164
0.325164
0.325166
0.325201
0.325201
0.325237
0.325238
0.32524
0.325241
0.325245
0.325247
0.32525
0.325265
0.325273
0.325284
0.325287
0.325287
0.32529
0.325297
0.325301
0.32532
0.32532
0.325347
0.325357
0.325371
0.325381
0.32539
0.325398
0.3254
0.325433
0.325444
0.325471
0.325486
0.325487
0.325487
0.32549
0.32549
0.325493
0.325527
0.325527
0.325553
0.325554
0.325556
0.325564
0.325584
0.325584
0.325604
0.32561
0.32562
0.325624
0.325624
0.325625
0.325634
0.325636
0.32564
0.325641
0.32565
0.325654
0.325671
0.325674
0.325675
0.325683
0.325697
0.325708
0.32572
0.325733
0.325757
0.325758
0.325767
0.32577
0.32577
0.325784
0.325784
0.325786
0.3258
0.3258
0.325801
0.325828
0.325837
0.325857
0.325857
0.325863
0.325863
0.32588
0.325885
0.325906
0.325943
0.325947
0.325961
0.32597
0.325971
0.32598
0.325997
0.326
0.326
0.326006
0.32602
0.326023
0.32603
0.326034
0.326063
0.32607
0.32608
0.326083
0.326083
0.32609
0.326093
0.326127
0.326127
0.32613
0.326137
0.326141
0.326144
0.326163
0.326187
0.32619
0.326201
0.326208
0.326221
0.326231
0.32624
0.326251
0.326252
0.326268
0.326274
0.326283
0.326293
0.326307
0.326314
0.326317
0.326324
0.326346
0.326353
0.326373
0.326388
0.32639
0.326396
0.3264
0.326404
0.326464
0.32648
0.32648
0.326483
0.326497
0.32652
0.326523
0.326524
0.326524
0.326527
0.32653
0.326532
0.326544
0.326555
0.326557
0.32657
0.326576
0.32658
0.326581
0.326581
0.326585
0.326608
0.326623
0.326663
0.326664
0.326665
0.326666
0.326678
0.32668
0.326723
0.326727
0.32673
0.326731
0.326737
0.32674
0.326774
0.32678
0.326784
0.326785
0.326788
0.326794
0.3268
0.3268
0.3268
0.326804
0.326838
0.326841
0.32685
0.326855
0.326855
0.326857
0.326883
0.32689
0.326918
0.326923
0.326933
0.326951
0.326957
0.326958
0.326982
0.326985
0.326987
0.326999
0.327
0.327
0.327004
0.327006
0.327008
0.32701
0.327025
0.32704
0.327044
0.327071
0.327087
0.327097
0.327117
0.327117
0.327124
0.327127
0.32714
0.327143
0.32715
0.327154
0.32716
0.327161
0.327167
0.327175
0.327207
0.327208
0.32722
0.327222
0.32723
0.32723
0.327241
0.327243
0.327257
0.327277
0.327293
0.327294
0.327313
0.327317
0.327326
0.327327
0.327327
0.327328
0.327332
0.32734
0.327347
0.32735
0.327357
0.32737
0.32737
0.327398
0.327434
0.327437
0.327437
0.327453
0.327457
0.327461
0.327461
0.327467
0.327467
0.32747
0.327473
0.327476
0.327484
0.327507
0.327513
0.327527
0.327531
0.327537
0.327537
0.327567
0.327568
0.327572
0.327618
0.327627
0.327658
0.327671
0.327673
0.327673
0.32769
0.327695
0.3277
0.327704
0.327707
0.327708
0.327714
0.327718
0.32772
0.327734
0.32775
0.327757
0.327773
0.327777
0.327783
0.32779
0.327791
0.32781
0.327815
0.327816
0.327841
0.327847
0.32785
0.327867
0.327882
0.327884
0.32789
0.327907
0.32793
0.32793
0.327937
0.32795
0.327954
0.327957
0.327964
0.327978
0.327978
0.327986
0.327987
0.328008
0.32801
0.328031
0.328051
0.328053
0.328056
0.328066
0.328067
0.32807
0.328077
0.32808
0.328087
0.32809
0.328098
0.328101
0.32811
0.32811
0.328127
0.32814
0.32814
0.328155
0.328163
0.32817
0.328171
0.328183
0.328188
0.328193
0.328194
0.328211
0.32822
0.328224
0.328231
0.328281
0.328286
0.32829
0.328294
0.328307
0.328313
0.328338
0.328344
0.328353
0.328355
0.328366
0.328378
0.328388
0.32839
0.3284
0.328404
0.328408
0.328413
0.328424
0.328434
0.328447
0.328468
0.328476
0.32848
0.328484
0.328496
0.328497
0.3285
0.3285
0.32851
0.328533
0.328543
0.328548
0.328554
0.328558
0.328563
0.328586
0.3286
0.328615
0.328617
0.328628
0.32863
0.328655
0.328657
0.328684
0.328691
0.328704
0.328714
0.32872
0.328724
0.328726
0.328737
0.328744
0.328747
0.328763
0.328768
0.328783
0.328804
0.328806
0.328814
0.328815
0.328851
0.328853
0.328855
0.328861
0.328864
0.328874
0.328875
0.328876
0.32888
0.328907
0.32891
0.32891
0.328911
0.328913
0.328913
0.328914
0.328921
0.328923
0.328929
0.328937
0.328939
0.328951
0.328951
0.328955
0.328963
0.328968
0.328973
0.328974
0.328978
0.328984
0.328988
0.328991
0.329017
0.329044
0.32906
0.329064
0.329088
0.329095
0.329108
0.329109
0.329113
0.329114
0.329124
0.329136
0.32914
0.329146
0.32915
0.32916
0.329161
0.329167
0.329168
0.329168
0.32917
0.32919
0.329193
0.3292
0.329226
0.32923
0.32923
0.329253
0.329266
0.329267
0.32927
0.32927
0.329276
0.329278
0.329302
0.329317
0.329344
0.329347
0.329348
0.329354
0.329357
0.329357
0.329373
0.329394
0.329396
0.329419
0.329438
0.329447
0.32945
0.32945
0.329473
0.329491
0.3295
0.329501
0.329507
0.329511
0.32953
0.329547
0.329548
0.329557
0.329567
0.329586
0.329588
0.329593
0.329593
0.329604
0.329606
0.329607
0.329608
0.329613
0.32964
0.329647
0.329648
0.329651
0.329654
0.32966
0.329674
0.329693
0.3297
0.329711
0.329765
0.329768
0.329785
0.32982
0.32982
0.329823
0.329834
0.329847
0.329876
0.329884
0.329887
0.329888
0.329914
0.329925
0.329964
0.329977
0.329983
0.329983
0.329994
0.330004
0.330005
0.330014
0.330031
0.330043
0.330046
0.33006
0.330067
0.330083
0.330084
0.330096
0.330098
0.330114
0.330128
0.330137
0.330148
0.33015
0.330163
0.33017
0.330177
0.330186
0.330191
0.330196
0.330197
0.330203
0.330211
0.33023
0.330258
0.330271
0.330276
0.33028
0.330283
0.330284
0.330317
0.330318
0.330323
0.330337
0.33035
0.330354
0.330357
0.330367
0.330374
0.330378
0.330384
0.330397
0.33041
0.330416
0.33043
0.330463
0.330476
0.33048
0.330493
0.330496
0.330497
0.3305
0.330502
0.330503
0.330523
0.330523
0.33053
0.33054
0.330554
0.33056
0.330594
0.3306
0.330604
0.33061
0.330611
0.330616
0.330624
0.330634
0.330637
0.330657
0.330683
0.33069
0.330701
0.330704
0.330704
0.330717
0.330717
0.330718
0.330733
0.330741
0.330743
0.330745
0.330748
0.33076
0.330764
0.330797
0.330801
0.330814
0.33082
0.330837
0.330847
0.330864
0.33087
0.330897
0.330917
0.330923
0.330936
0.330968
0.330971
0.330973
0.33098
0.33099
0.331021
0.331024
0.331038
0.331041
0.331044
0.331057
0.331058
0.331073
0.331087
0.331124
0.33113
0.33114
0.33115
0.331153
0.331164
0.331178
0.331184
0.331186
0.331191
0.331206
0.33121
0.33122
0.331227
0.33123
0.331237
0.331247
0.331277
0.331283
0.331291
0.331294
0.331301
0.331314
0.331317
0.33132
0.33132
0.331324
0.331333
0.331333
0.331345
0.331348
0.33135
0.331353
0.33136
0.331364
0.331367
0.33139
0.331396
0.331397
0.331417
0.331425
0.331433
0.331434
0.33144
0.331443
0.331446
0.33145
0.331461
0.33148
0.331483
0.331484
0.331492
0.331493
0.3315
0.331526
0.331546
0.331551
0.331553
0.331555
0.331558
0.331575
0.33163
0.33166
0.331661
0.331666
0.331667
0.331668
0.33167
0.331671
0.331675
0.331677
0.331682
0.331694
0.331697
0.331706
0.331717
0.331726
0.331731
0.331737
0.33174
0.331748
0.331751
0.331767
0.33178
0.331783
0.33181
0.331822
0.331831
0.33184
0.331847
0.331854
0.331864
0.331874
0.331883
0.331889
0.331901
0.331937
0.33196
0.331966
0.33197
0.33197
0.331977
0.33198
0.332
0.332017
0.33202
0.332023
0.332027
0.332037
0.33204
0.332055
0.332057
0.332067
0.332087
0.332109
0.33211
0.332117
0.33213
0.332141
0.332141
0.332147
0.332148
0.332153
0.33216
0.332163
0.332168
0.332187
0.332189
0.332195
0.3322
0.332201
0.332204
0.332217
0.332218
0.332226
0.332227
0.332228
0.332238
0.33224
0.332246
0.33225
0.332258
0.332273
0.332274
0.332296
0.332297
0.332298
0.332299
0.332309
0.332321
0.33233
0.332357
0.33237
0.332373
0.332377
0.332377
0.33238
0.33238
0.332397
0.332414
0.332428
0.332433
0.332434
0.332436
0.332436
0.33245
0.332465
0.332487
0.332496
0.332497
0.332506
0.332509
0.332513
0.33252
0.332528
0.33253
0.332531
0.332536
0.332537
0.33254
0.33254
0.33254
0.33255
0.332574
0.33258
0.332591
0.332606
0.332624
0.332627
0.332632
0.33265
0.332667
0.33267
0.332677
0.3327
0.332713
0.332718
0.33272
0.332734
0.332758
0.332767
0.33278
0.332781
0.332784
0.332788
0.332788
0.332804
0.332817
0.332823
0.33283
0.33284
0.332841
0.332847
0.332847
0.332854
0.33287
0.332871
0.332873
0.332874
0.332884
0.33289
0.332913
0.332917
0.33292
0.332924
0.33296
0.332964
0.332967
0.33297
0.33297
0.332971
0.332987
0.332997
0.333004
0.333013
0.333021
0.333034
0.333038
0.333053
0.333093
0.333095
0.333107
0.333114
0.333129
0.333134
0.33315
0.333163
0.33319
0.333193
0.333198
0.333227
0.333227
0.333234
0.333237
0.333244
0.333257
0.33326
0.333264
0.333268
0.333268
0.333272
0.33331
0.333323
0.33333
0.333331
0.33334
0.33334
0.333347
0.33338
0.333384
0.333384
0.3334
0.33341
0.333411
0.333428
0.333437
0.333441
0.33345
0.333454
0.333456
0.333477
0.333481
0.333484
0.333487
0.333488
0.333511
0.333527
0.333528
0.333534
0.333537
0.333546
0.333567
0.333577
0.333587
0.333587
0.333597
0.333605
0.333606
0.333607
0.333608
0.333608
0.33361
0.333617
0.33362
0.33362
0.333627
0.333633
0.333644
0.333664
0.333667
0.333667
0.333681
0.333688
0.333695
0.33371
0.333711
0.333745
0.33376
0.333771
0.333784
0.333806
0.333806
0.333807
0.333813
0.333818
0.33382
0.333833
0.333847
0.33385
0.33386
0.333861
0.33387
0.333878
0.33389
0.333893
0.333897
0.333921
0.333932
0.333937
0.333944
0.333961
0.333966
0.333977
0.333984
0.333988
0.333993
0.333994
0.333997
0.33401
0.33404
0.334054
0.334054
0.334057
0.334066
0.334074
0.33408
0.334096
0.33411
0.334115
0.33413
0.334151
0.33416
0.334161
0.334163
0.334167
0.334188
0.33419
0.334191
0.334191
0.334194
0.3342
0.33422
0.334248
0.334271
0.334295
0.334303
0.334304
0.334306
0.334311
0.334316
0.334323
0.334335
0.334344
0.33436
0.334368
0.334371
0.33439
0.334394
0.334407
0.33442
0.334427
0.334427
0.334428
0.334434
0.334443
0.33446
0.33446
0.334463
0.334475
0.334487
0.33449
0.334502
0.33451
0.334517
0.33452
0.334532
0.334534
0.334547
0.334553
0.334557
0.334563
0.334569
0.334583
0.334613
0.334617
0.334617
0.334618
0.33464
0.334643
0.334647
0.334671
0.33468
0.33469
0.334694
0.334696
0.334696
0.334714
0.33472
0.334747
0.334752
0.334754
0.334764
0.33478
0.334807
0.334835
0.334843
0.334847
0.334857
0.334861
0.33487
0.334874
0.334893
0.334922
0.334944
0.33495
0.33496
0.33497
0.334976
0.334977
0.334984
0.334997
0.335004
0.335017
0.335023
0.335025
0.335037
0.335043
0.335058
0.33507
0.335071
0.335074
0.335082
0.335084
0.335093
0.335097
0.33511
0.335117
0.335122
0.335126
0.335144
0.335144
0.33516
0.335161
0.335171
0.335173
0.335177
0.335194
0.335194
0.3352
0.335201
0.335203
0.335213
0.335221
0.335228
0.33523
0.33523
0.33528
0.335283
0.33529
0.3353
0.335311
0.335317
0.335354
0.33538
0.335411
0.335423
0.335424
0.335431
0.335456
0.335463
0.335463
0.335471
0.335477
0.335491
0.335518
0.335524
0.335537
0.33554
0.33555
0.335554
0.335564
0.335571
0.335586
0.335617
0.335623
0.335624
0.335625
0.33563
0.335634
0.335638
0.33566
0.335664
0.335673
0.335684
0.335686
0.335691
0.335697
0.335709
0.335713
0.335723
0.335737
0.33576
0.335768
0.335783
0.335793
0.335797
0.335804
0.335813
0.335818
0.335819
0.335822
0.33583
0.335834
0.335836
0.335837
0.335849
0.335853
0.335877
0.33589
0.335898
0.33592
0.33592
0.335931
0.335936
0.335936
0.335981
0.335984
0.335998
0.335998
0.336007
0.336011
0.336014
0.336017
0.336045
0.336091
0.336095
0.336104
0.336107
0.336107
0.336114
0.336116
0.336148
0.336153
0.336154
0.33616
0.33617
0.336173
0.336174
0.336184
0.336197
0.3362
0.336217
0.336237
0.336255
0.336262
0.336274
0.336277
0.336287
0.336298
0.336335
0.336353
0.336356
0.33636
0.336371
0.33639
0.336391
0.336417
0.33642
0.336437
0.336437
0.33644
0.336443
0.336444
0.336453
0.336453
0.336464
0.33647
0.336507
0.336511
0.336517
0.33655
0.33656
0.336563
0.336567
0.336591
0.336594
0.336594
0.336597
0.336601
0.336613
0.336618
0.336625
0.336629
0.336631
0.33664
0.336658
0.336671
0.336675
0.33668
0.336686
0.33669
0.336696
0.336697
0.336714
0.336716
0.33672
0.336723
0.336737
0.336738
0.336753
0.336763
0.336777
0.336777
0.336788
0.336797
0.33681
0.33681
0.336824
0.33683
0.33683
0.336834
0.336836
0.336843
0.336847
0.336847
0.336853
0.336857
0.336867
0.336869
0.336877
0.336877
0.33688
0.336881
0.33689
0.33689
0.336917
0.336923
0.336937
0.336937
0.336943
0.336954
0.336967
0.336973
0.336977
0.33698
0.336984
0.336995
0.336997
0.337007
0.337017
0.337021
0.337027
0.337038
0.337044
0.337047
0.33705
0.33705
0.337053
0.337053
0.337056
0.33707
0.337076
0.337081
0.33709
0.33709
0.337095
0.337101
0.337102
0.337107
0.33711
0.337113
0.337117
0.337131
0.337157
0.337166
0.337173
0.337181
0.337184
0.337236
0.33724
0.33724
0.337247
0.337251
0.337271
0.337287
0.337305
0.337307
0.337317
0.337318
0.337324
0.337324
0.337326
0.33734
0.337342
0.337344
0.337345
0.33735
0.337357
0.337364
0.33738
0.337384
0.33739
0.337407
0.337417
0.337426
0.337426
0.337441
0.337445
0.337446
0.337465
0.33747
0.337483
0.337493
0.337497
0.337514
0.337521
0.337541
0.337548
0.337553
0.337558
0.33756
0.33756
0.337563
0.337573
0.337573
0.337594
0.337594
0.337595
0.337604
0.337607
0.337614
0.337617
0.337624
0.33763
0.337637
0.337643
0.337666
0.33767
0.337677
0.337683
0.337684
0.33769
0.337695
0.337697
0.3377
0.337701
0.337703
0.337727
0.337728
0.337733
0.337736
0.337738
0.337741
0.337746
0.337747
0.337764
0.33777
0.337784
0.337791
0.337824
0.337824
0.337836
0.337837
0.33784
0.337853
0.337858
0.337868
0.33789
0.33792
0.337933
0.337942
0.337947
0.337962
0.337973
0.337988
0.337988
0.337994
0.337997
0.338001
0.338004
0.33801
0.338044
0.33806
0.33806
0.338067
0.338068
0.33808
0.33809
0.338098
0.3381
0.338144
0.338149
0.338157
0.338171
0.338172
0.338184
0.338186
0.338188
0.33819
0.33819
0.338193
0.338194
0.338197
0.338208
0.338214
0.338227
0.338247
0.338255
0.338258
0.33826
0.338276
0.33828
0.33828
0.33828
0.338281
0.338283
0.338283
0.338301
0.338324
0.338337
0.338337
0.338341
0.338341
0.338343
0.338353
0.338373
0.338383
0.338414
0.338417
0.338423
0.338433
0.338438
0.338443
0.338457
0.338458
0.33846
0.338467
0.338474
0.338476
0.338477
0.338483
0.338491
0.338495
0.338501
0.338503
0.338503
0.33851
0.338517
0.338517
0.338523
0.338534
0.338537
0.338548
0.338557
0.33856
0.338563
0.33858
0.33859
0.338597
0.338601
0.33861
0.338614
0.33862
0.338623
0.338634
0.338654
0.338657
0.338663
0.338667
0.338678
0.338681
0.338707
0.338724
0.338726
0.338737
0.338747
0.338747
0.338754
0.338757
0.33876
0.33876
0.33877
0.338781
0.338794
0.338804
0.338804
0.33881
0.338833
0.338833
0.338847
0.338878
0.33888
0.338888
0.338893
0.338893
0.338897
0.338913
0.338917
0.338923
0.338926
0.33893
0.338931
0.338933
0.338947
0.33895
0.338954
0.338957
0.338968
0.33897
0.33897
0.33897
0.338973
0.338977
0.338987
0.339
0.339011
0.339014
0.339014
0.339017
0.33902
0.339028
0.339049
0.339064
0.339074
0.339074
0.33908
0.339096
0.339123
0.339124
0.339125
0.339134
0.339134
0.339136
0.339139
0.339141
0.339149
0.33916
0.339161
0.339173
0.339181
0.339181
0.339183
0.339188
0.339198
0.339217
0.339224
0.339227
0.33923
0.33925
0.339254
0.339267
0.339279
0.33928
0.33928
0.33928
0.339287
0.339295
0.339304
0.33931
0.339314
0.33933
0.339337
0.339344
0.33935
0.339353
0.33936
0.339367
0.339383
0.339388
0.339391
0.339396
0.339396
0.339397
0.339398
0.339407
0.339414
0.339417
0.339423
0.339433
0.339444
0.339464
0.339466
0.339467
0.339473
0.339477
0.33948
0.339483
0.339498
0.339504
0.339504
0.339518
0.339526
0.339531
0.339534
0.339537
0.33954
0.33954
0.339546
0.339547
0.339553
0.339564
0.339567
0.33957
0.339588
0.33959
0.339603
0.339606
0.339623
0.339628
0.339634
0.339638
0.33965
0.339651
0.339658
0.33967
0.339673
0.3397
0.339704
0.339704
0.339707
0.339717
0.339736
0.339737
0.33974
0.339743
0.339747
0.339747
0.33975
0.339751
0.339773
0.339787
0.33979
0.339791
0.339794
0.339797
0.339797
0.339807
0.339833
0.339833
0.33984
0.339848
0.339849
0.33985
0.339851
0.339857
0.33986
0.33986
0.339863
0.339863
0.339886
0.339894
0.339896
0.3399
0.339914
0.339924
0.339934
0.339944
0.33996
0.339964
0.339968
0.339971
0.339977
0.33998
0.339983
0.339987
0.340021
0.340037
0.340038
0.340058
0.34006
0.340067
0.34007
0.340073
0.340073
0.34008
0.34008
0.340101
0.340104
0.340104
0.340111
0.340114
0.34014
0.340151
0.340154
0.340156
0.34016
0.340177
0.340191
0.340217
0.34023
0.340233
0.340233
0.340234
0.340243
0.34025
0.340269
0.340278
0.340296
0.3403
0.340302
0.340317
0.340329
0.340333
0.34034
0.340347
0.340367
0.34037
0.340388
0.340388
0.3404
0.34041
0.340413
0.340417
0.34042
0.34043
0.340434
0.340436
0.340447
0.340459
0.34046
0.340461
0.340464
0.340466
0.340467
0.340473
0.340474
0.340481
0.3405
0.34053
0.340536
0.340537
0.340537
0.340537
0.340548
0.340556
0.340564
0.34057
0.340573
0.340573
0.340577
0.34059
0.340594
0.340614
0.34062
0.34062
0.34063
0.340632
0.340634
0.340644
0.340649
0.340654
0.34066
0.34066
0.340664
0.34067
0.340671
0.340681
0.340684
0.340691
0.340694
0.340711
0.340714
0.34074
0.340742
0.34075
0.340753
0.340754
0.340754
0.340793
0.340801
0.340807
0.340807
0.34081
0.340826
0.340837
0.340847
0.34085
0.340853
0.340864
0.340873
0.340886
0.340891
0.340918
0.340929
0.340943
0.340945
0.340947
0.34095
0.340952
0.340961
0.340963
0.340983
0.340994
0.341001
0.341007
0.341008
0.341018
0.341027
0.34103
0.341044
0.341046
0.341057
0.341057
0.34106
0.34109
0.34109
0.341091
0.341093
0.3411
0.341103
0.341123
0.341131
0.341144
0.341151
0.341161
0.341163
0.341164
0.341168
0.341173
0.341174
0.34118
0.341201
0.341204
0.341211
0.341228
0.341237
0.341241
0.34125
0.341254
0.34126
0.341261
0.341263
0.341264
0.341273
0.341277
0.3413
0.341302
0.341314
0.341326
0.341337
0.341355
0.341356
0.341364
0.341364
0.341366
0.341366
0.341381
0.341382
0.341388
0.34139
0.341398
0.341413
0.34142
0.34142
0.341424
0.341436
0.341436
0.341471
0.341473
0.341477
0.341493
0.34151
0.341517
0.341521
0.341521
0.341531
0.341557
0.341561
0.341567
0.341574
0.341574
0.341584
0.341594
0.3416
0.3416
0.341601
0.341617
0.34162
0.341634
0.341638
0.34167
0.34167
0.341671
0.341678
0.341687
0.3417
0.341701
0.341718
0.341723
0.341734
0.341734
0.341747
0.34175
0.341753
0.341757
0.34176
0.34177
0.341776
0.341778
0.341779
0.34178
0.341783
0.341793
0.341801
0.341817
0.341838
0.341847
0.341856
0.341867
0.34189
0.341903
0.341904
0.341913
0.341925
0.34193
0.341931
0.341933
0.341934
0.341954
0.341954
0.341971
0.341976
0.341979
0.34198
0.341981
0.341984
0.341985
0.34199
0.341997
0.341997
0.341998
0.342003
0.342007
0.342014
0.342021
0.342027
0.34203
0.34204
0.342044
0.342053
0.342057
0.342057
0.342059
0.342067
0.34207
0.342077
0.342078
0.342083
0.342084
0.342093
0.342114
0.342124
0.34213
0.342136
0.342154
0.342158
0.342159
0.34216
0.34218
0.342194
0.3422
0.34221
0.342213
0.34223
0.342243
0.342243
0.342257
0.342258
0.342258
0.342264
0.342273
0.342274
0.342286
0.342287
0.342299
0.342303
0.342307
0.34231
0.342315
0.342321
0.342325
0.342326
0.342327
0.342331
0.342361
0.342363
0.342364
0.342365
0.342366
0.34237
0.342384
0.342385
0.342397
0.342397
0.3424
0.342408
0.342417
0.34242
0.34242
0.342421
0.342428
0.342428
0.34243
0.34243
0.342434
0.342437
0.342446
0.342448
0.342454
0.342461
0.342471
0.34248
0.3425
0.342504
0.342516
0.342516
0.34253
0.342534
0.342541
0.342556
0.342577
0.342586
0.342588
0.34259
0.342601
0.342603
0.342617
0.342617
0.342618
0.342637
0.342644
0.342647
0.34265
0.342653
0.342656
0.342656
0.342664
0.342677
0.342678
0.342694
0.342703
0.342703
0.34272
0.342738
0.34274
0.342745
0.342767
0.342774
0.342781
0.342785
0.342807
0.342811
0.342821
0.342841
0.342843
0.342875
0.342876
0.342884
0.342886
0.342917
0.342918
0.342933
0.342933
0.342941
0.342943
0.342947
0.34295
0.342961
0.342967
0.342968
0.342988
0.343
0.343001
0.343004
0.343004
0.343007
0.34301
0.343013
0.343017
0.343017
0.343024
0.343033
0.343037
0.34304
0.343047
0.34307
0.343072
0.343074
0.343077
0.343083
0.343084
0.343084
0.343085
0.343092
0.343101
0.343104
0.343133
0.343138
0.343147
0.34315
0.343156
0.34316
0.343164
0.34317
0.343171
0.343173
0.34318
0.343184
0.343197
0.343204
0.34321
0.34321
0.343215
0.34322
0.343227
0.343247
0.343253
0.343253
0.343254
0.343256
0.343257
0.34327
0.343284
0.343287
0.343287
0.343296
0.343302
0.343314
0.34332
0.343324
0.343332
0.343336
0.343337
0.343344
0.343354
0.343354
0.34336
0.34336
0.343373
0.343384
0.343388
0.343414
0.343419
0.34342
0.343447
0.343457
0.34349
0.343495
0.343511
0.343544
0.34355
0.343554
0.343556
0.343557
0.343564
0.343564
0.343578
0.343579
0.34359
0.343594
0.343598
0.343614
0.343623
0.343624
0.343627
0.343637
0.343638
0.343644
0.343647
0.34365
0.343656
0.343661
0.343687
0.343691
0.343694
0.343695
0.343697
0.343704
0.34373
0.343733
0.343747
0.343764
0.343773
0.343776
0.343787
0.34379
0.343791
0.343797
0.3438
0.343804
0.34382
0.34382
0.34383
0.34384
0.343848
0.343848
0.34385
0.343857
0.34386
0.343864
0.34387
0.34388
0.343881
0.343888
0.343891
0.343901
0.343903
0.343907
0.34391
0.343917
0.34392
0.34393
0.34393
0.343943
0.343968
0.343977
0.343994
0.344
0.344001
0.344007
0.344011
0.344013
0.344021
0.344033
0.344034
0.344037
0.344037
0.344054
0.344074
0.344084
0.344101
0.344104
0.344107
0.344111
0.344117
0.344124
0.344127
0.34413
0.34413
0.344142
0.344144
0.344147
0.344154
0.34416
0.344167
0.34417
0.34417
0.344178
0.34418
0.344183
0.344192
0.344194
0.34422
0.344231
0.344244
0.344263
0.34427
0.344273
0.344274
0.344281
0.344291
0.344291
0.344301
0.34431
0.344314
0.344317
0.344324
0.344329
0.34433
0.34433
0.344333
0.344335
0.34434
0.344352
0.34436
0.344363
0.34438
0.344393
0.344403
0.344407
0.344407
0.34442
0.34442
0.344426
0.344458
0.34446
0.344468
0.344471
0.34448
0.34449
0.344496
0.344507
0.344507
0.344512
0.344514
0.34452
0.344533
0.344538
0.344541
0.344554
0.344566
0.344573
0.344586
0.344588
0.344595
0.344603
0.344613
0.344617
0.344624
0.344624
0.344625
0.344641
0.344644
0.344657
0.344664
0.344666
0.34467
0.344671
0.344677
0.344681
0.344687
0.344703
0.344707
0.344737
0.34474
0.344743
0.344746
0.344753
0.344757
0.344757
0.34476
0.344766
0.344774
0.34478
0.344793
0.344803
0.344804
0.344807
0.344808
0.344811
0.344815
0.344824
0.344837
0.344843
0.344843
0.344843
0.344847
0.344861
0.344864
0.34489
0.344907
0.344924
0.344924
0.34493
0.344945
0.344951
0.34497
0.34497
0.34498
0.344984
0.344988
0.344992
0.344997
0.345004
0.345006
0.345013
0.345014
0.345017
0.34502
0.34503
0.345044
0.34507
0.345076
0.345093
0.3451
0.345113
0.34514
0.345144
0.34515
0.345151
0.345154
0.345154
0.34516
0.345163
0.34517
0.345177
0.345184
0.345191
0.345198
0.345213
0.345224
0.345227
0.34523
0.345247
0.345254
0.345257
0.345257
0.345257
0.345271
0.345277
0.345291
0.345291
0.345292
0.345294
0.345296
0.345302
0.345307
0.345317
0.345327
0.345337
0.345344
0.345354
0.345357
0.345357
0.345364
0.34539
0.34539
0.345405
0.345406
0.345408
0.345411
0.345431
0.345434
0.345434
0.345437
0.345444
0.345447
0.34545
0.345464
0.345464
0.34547
0.34548
0.345484
0.345491
0.345494
0.345495
0.3455
0.3455
0.345531
0.345543
0.34555
0.345552
0.345566
0.345567
0.34557
0.345583
0.345597
0.345608
0.345623
0.345634
0.345635
0.345642
0.345647
0.345653
0.34566
0.34567
0.345671
0.345674
0.345674
0.345677
0.345677
0.345687
0.345707
0.345708
0.345721
0.345753
0.345764
0.3458
0.345804
0.34581
0.345811
0.345823
0.34583
0.345837
0.34584
0.345854
0.345854
0.345856
0.345864
0.345866
0.345867
0.345877
0.345897
0.3459
0.345914
0.345937
0.345943
0.345954
0.345963
0.345967
0.34597
0.34597
0.346004
0.346016
0.346018
0.346018
0.34602
0.346024
0.346024
0.34604
0.346042
0.346045
0.346048
0.346057
0.346105
0.346123
0.346124
0.346127
0.346127
0.346127
0.346137
0.346142
0.34615
0.346163
0.346164
0.346171
0.346178
0.34621
0.346243
0.34625
0.34625
0.346257
0.346284
0.346285
0.346297
0.34631
0.34632
0.346358
0.346358
0.346366
0.346367
0.34638
0.346403
0.34642
0.346443
0.346447
0.34645
0.34645
0.346455
0.346467
0.346476
0.346477
0.346493
0.346508
0.346508
0.346514
0.346521
0.346523
0.346524
0.34653
0.346543
0.346551
0.346558
0.34656
0.346573
0.346574
0.346587
0.346593
0.346594
0.3466
0.346607
0.34661
0.34661
0.346637
0.346641
0.346644
0.346644
0.34665
0.346658
0.34666
0.346664
0.346674
0.346687
0.346707
0.346737
0.346761
0.34677
0.346793
0.346793
0.346798
0.3468
0.346811
0.346811
0.346817
0.34682
0.346835
0.346837
0.346853
0.34686
0.346864
0.346871
0.346873
0.346874
0.346877
0.346886
0.346906
0.346911
0.346928
0.346954
0.346961
0.346967
0.346974
0.346977
0.34698
0.346984
0.346984
0.346995
0.347004
0.347008
0.347023
0.34704
0.347043
0.347047
0.347051
0.34706
0.347071
0.347088
0.347137
0.347137
0.347151
0.347151
0.347153
0.347153
0.347159
0.347164
0.347178
0.347211
0.347224
0.347243
0.347251
0.347253
0.347257
0.34726
0.34727
0.347283
0.34729
0.347297
0.3473
0.34732
0.34733
0.347363
0.347377
0.34738
0.347388
0.347396
0.3474
0.347404
0.34741
0.347423
0.347433
0.347444
0.347448
0.34745
0.347461
0.347468
0.34748
0.347483
0.347497
0.3475
0.347513
0.347518
0.347521
0.347521
0.347537
0.347537
0.347544
0.34755
0.34755
0.34756
0.34756
0.347563
0.347565
0.347594
0.347613
0.347628
0.347647
0.347673
0.347673
0.347674
0.347679
0.34768
0.347683
0.347684
0.347693
0.347694
0.347713
0.347722
0.347724
0.347728
0.34773
0.347734
0.347736
0.347754
0.347764
0.347776
0.34778
0.347784
0.34781
0.347811
0.347813
0.347819
0.347821
0.347843
0.34785
0.347864
0.347867
0.347877
0.34788
0.347899
0.34791
0.347911
0.347914
0.34792
0.347924
0.347947
0.347958
0.347977
0.347981
0.347984
0.347985
0.347988
0.34799
0.347994
0.347998
0.348006
0.34801
0.348018
0.348033
0.348033
0.348037
0.348046
0.348051
0.348061
0.348077
0.348084
0.3481
0.34811
0.348124
0.348124
0.34816
0.348176
0.348177
0.348185
0.348186
0.348188
0.348191
0.3482
0.348202
0.34822
0.34822
0.348233
0.348234
0.348237
0.34824
0.348257
0.34828
0.348281
0.348294
0.348307
0.348307
0.348313
0.348313
0.348317
0.348343
0.348346
0.348351
0.348367
0.348377
0.34838
0.348383
0.348384
0.348398
0.348398
0.348414
0.348417
0.348423
0.348424
0.348424
0.348424
0.348437
0.34844
0.34845
0.348457
0.348473
0.348524
0.34853
0.348536
0.348538
0.34854
0.348542
0.348544
0.348555
0.348564
0.348566
0.348567
0.348571
0.348577
0.34859
0.348611
0.348617
0.348618
0.348625
0.348628
0.348631
0.34864
0.348668
0.348675
0.3487
0.348706
0.348708
0.348734
0.348738
0.348742
0.348743
0.348744
0.348755
0.34876
0.34877
0.34877
0.348777
0.348795
0.348797
0.348807
0.348807
0.348815
0.348827
0.348836
0.348844
0.34886
0.348866
0.348887
0.348891
0.348903
0.348911
0.34892
0.34893
0.34893
0.348933
0.34895
0.34895
0.34895
0.348953
0.348953
0.348957
0.34896
0.348983
0.348994
0.348998
0.349004
0.349016
0.34903
0.349031
0.34904
0.34904
0.349043
0.34905
0.349067
0.349074
0.349088
0.349103
0.349103
0.349107
0.34911
0.349117
0.34916
0.349164
0.34917
0.349181
0.349197
0.349201
0.349212
0.349217
0.349227
0.349233
0.349237
0.349247
0.349247
0.349254
0.349254
0.349274
0.349274
0.349274
0.349285
0.349294
0.349301
0.349307
0.349313
0.34932
0.34932
0.349321
0.349321
0.349327
0.349344
0.349383
0.349387
0.349387
0.349406
0.349407
0.349413
0.349417
0.34942
0.349453
0.34948
0.349497
0.349501
0.349501
0.349508
0.349511
0.349511
0.349511
0.349518
0.349524
0.349527
0.349533
0.349534
0.349536
0.349539
0.34954
0.349551
0.349555
0.34957
0.349573
0.349584
0.349591
0.349596
0.349597
0.349597
0.349613
0.349632
0.349644
0.349644
0.349651
0.349654
0.349657
0.349673
0.349678
0.349683
0.349683
0.34969
0.349693
0.349703
0.349704
0.34971
0.349731
0.349733
0.34974
0.349752
0.349763
0.34977
0.349779
0.349787
0.349787
0.349804
0.349807
0.34981
0.349827
0.349834
0.34985
0.34985
0.349851
0.349863
0.349874
0.34989
0.349891
0.349894
0.34991
0.349913
0.349923
0.349937
0.349957
0.349957
0.349961
0.349963
0.349967
0.349974
0.349986
0.349986
0.35
0.35002
0.350021
0.350034
0.35004
0.350047
0.350063
0.350064
0.350066
0.350067
0.350068
0.350073
0.350097
0.3501
0.350102
0.350104
0.350108
0.350127
0.350137
0.350143
0.350161
0.350167
0.350174
0.350184
0.350188
0.3502
0.350205
0.350227
0.350236
0.350243
0.350244
0.350256
0.350267
0.35027
0.350271
0.350287
0.350287
0.350294
0.350297
0.35032
0.350321
0.350324
0.35033
0.350331
0.350336
0.350337
0.350356
0.35036
0.35037
0.35039
0.350404
0.350413
0.350433
0.35044
0.350464
0.35047
0.350471
0.350473
0.350486
0.350492
0.3505
0.3505
0.35052
0.350543
0.350544
0.350553
0.350563
0.350572
0.350584
0.350585
0.350587
0.350613
0.350617
0.350624
0.350624
0.350641
0.350665
0.350667
0.350674
0.350677
0.35068
0.35069
0.35069
0.350694
0.350697
0.35071
0.350724
0.350744
0.35075
0.350757
0.350784
0.350806
0.350837
0.350847
0.350857
0.350861
0.35088
0.350886
0.350897
0.350914
0.350923
0.350934
0.350943
0.350945
0.350953
0.35096
0.350969
0.350988
0.350991
0.350994
0.350994
0.35102
0.351024
0.351034
0.351037
0.351058
0.351064
0.351069
0.351083
0.351084
0.351093
0.351102
0.351124
0.351133
0.35116
0.351167
0.35117
0.351187
0.351187
0.351211
0.351214
0.351223
0.351224
0.351238
0.351263
0.351264
0.35127
0.351277
0.351277
0.35128
0.351284
0.351285
0.35129
0.351291
0.351304
0.351313
0.35132
0.35132
0.351323
0.351324
0.351336
0.351336
0.35134
0.351341
0.35136
0.351367
0.351373
0.351379
0.35138
0.351381
0.351391
0.351397
0.3514
0.351422
0.351433
0.35144
0.351471
0.351484
0.351536
0.351537
0.351541
0.351548
0.351554
0.351555
0.351557
0.351564
0.351574
0.35159
0.35162
0.351623
0.351623
0.351652
0.35167
0.351677
0.351693
0.351694
0.351701
0.351708
0.35172
0.351723
0.351727
0.35173
0.351738
0.351753
0.35176
0.351767
0.35177
0.351777
0.351783
0.351785
0.351787
0.351797
0.351801
0.351804
0.351844
0.35185
0.351863
0.351868
0.351877
0.351877
0.351884
0.351893
0.351893
0.351894
0.351897
0.351907
0.351908
0.351926
0.351934
0.351954
0.35196
0.351967
0.352023
0.352037
0.352038
0.352044
0.352051
0.35206
0.352064
0.352077
0.352077
0.352088
0.352123
0.352126
0.352131
0.352157
0.352184
0.352185
0.352194
0.352203
0.352206
0.352209
0.352217
0.352223
0.352233
0.352237
0.352247
0.352254
0.352255
0.35226
0.352263
0.352277
0.35228
0.352286
0.35229
0.352291
0.352297
0.35231
0.352321
0.352326
0.35234
0.352354
0.352364
0.35237
0.352371
0.352373
0.352391
0.352404
0.352414
0.352414
0.352424
0.35243
0.352434
0.35244
0.352459
0.352477
0.352491
0.352506
0.352507
0.352507
0.35252
0.352521
0.352527
0.352534
0.352543
0.35256
0.352576
0.352581
0.352586
0.352587
0.352607
0.35261
0.352617
0.352624
0.352624
0.352636
0.352641
0.352647
0.35266
0.352707
0.352713
0.352714
0.352717
0.352721
0.352733
0.35275
0.352757
0.352758
0.352758
0.352763
0.352772
0.352783
0.352787
0.35279
0.352793
0.352814
0.352834
0.352836
0.352837
0.352843
0.352843
0.35285
0.352853
0.352853
0.352855
0.352864
0.352864
0.352871
0.352871
0.352888
0.35289
0.352894
0.3529
0.352904
0.352911
0.352934
0.35296
0.35297
0.352973
0.353003
0.353004
0.353006
0.353036
0.353037
0.353037
0.353038
0.353043
0.353046
0.353047
0.353071
0.353099
0.3531
0.353124
0.353134
0.35314
0.353143
0.353146
0.35315
0.353154
0.353157
0.353157
0.353166
0.353181
0.353191
0.353194
0.353211
0.353231
0.35324
0.353241
0.353243
0.353251
0.353254
0.353281
0.353283
0.353284
0.353297
0.35331
0.353317
0.353349
0.353366
0.353381
0.353383
0.353397
0.353404
0.353431
0.353433
0.353441
0.353457
0.353467
0.353474
0.353475
0.353483
0.353484
0.3535
0.353501
0.353521
0.353537
0.35354
0.353557
0.35356
0.35357
0.353577
0.353586
0.35359
0.3536
0.353606
0.353607
0.35362
0.353623
0.353634
0.353677
0.353683
0.353707
0.35371
0.353721
0.353734
0.35374
0.353741
0.353763
0.353772
0.353775
0.353777
0.353777
0.353777
0.353794
0.3538
0.353804
0.353807
0.353807
0.353818
0.353823
0.353824
0.35383
0.353856
0.353857
0.35387
0.353896
0.353914
0.35392
0.353924
0.353947
0.353951
0.353954
0.353964
0.353981
0.35399
0.354001
0.354004
0.354027
0.354027
0.354028
0.354034
0.354043
0.354051
0.35406
0.354064
0.354064
0.354067
0.354084
0.354086
0.354087
0.354087
0.35409
0.354094
0.354103
0.354114
0.354134
0.354134
0.354137
0.354137
0.354144
0.354156
0.354157
0.354176
0.354187
0.35419
0.354193
0.35421
0.354221
0.354224
0.354234
0.354234
0.35424
0.35424
0.354254
0.354263
0.354274
0.354277
0.354283
0.3543
0.354301
0.354314
0.35432
0.354325
0.354344
0.35435
0.354351
0.354354
0.354364
0.354393
0.354397
0.354418
0.35442
0.354424
0.354425
0.354437
0.35446
0.354473
0.354474
0.354477
0.354477
0.354484
0.354485
0.354486
0.35449
0.354491
0.354497
0.354502
0.354503
0.35451
0.35452
0.354524
0.354527
0.35453
0.354531
0.35454
0.354543
0.35455
0.354554
0.354556
0.354567
0.35457
0.35458
0.35459
0.354603
0.354626
0.354631
0.35464
0.35465
0.35466
0.354664
0.35468
0.354681
0.354683
0.354684
0.3547
0.354704
0.35471
0.354746
0.35475
0.354751
0.354753
0.354757
0.354761
0.354766
0.354773
0.354781
0.354796
0.3548
0.354811
0.354813
0.354844
0.354847
0.35485
0.354853
0.354867
0.35487
0.354886
0.354897
0.354903
0.35495
0.354956
0.354961
0.35497
0.354973
0.354974
0.354977
0.354979
0.354996
0.355003
0.355007
0.35502
0.355024
0.355033
0.355037
0.355037
0.355043
0.355044
0.35505
0.355064
0.35507
0.355074
0.35508
0.355107
0.35515
0.355157
0.355177
0.355177
0.355188
0.355194
0.3552
0.355203
0.35522
0.355223
0.355227
0.355231
0.355234
0.355241
0.355257
0.355274
0.355283
0.355283
0.355318
0.355324
0.35533
0.355334
0.355335
0.355347
0.355367
0.355393
0.355397
0.355398
0.355414
0.355418
0.355423
0.355424
0.35544
0.35544
0.355444
0.355456
0.35546
0.355474
0.35548
0.355491
0.355494
0.355501
0.355527
0.355552
0.355557
0.355567
0.355574
0.355583
0.355586
0.355586
0.355587
0.3556
0.355614
0.355628
0.355654
0.355657
0.355663
0.35567
0.35569
0.355704
0.355704
0.35572
0.35573
0.35573
0.355737
0.355753
0.355757
0.35576
0.355767
0.355794
0.355796
0.355797
0.355798
0.355807
0.355807
0.355813
0.355814
0.35583
0.355833
0.35585
0.355851
0.355854
0.355854
0.355854
0.355862
0.355866
0.355867
0.355884
0.355888
0.355897
0.3559
0.355913
0.355917
0.355924
0.355926
0.355937
0.35594
0.355944
0.35595
0.355956
0.355957
0.35596
0.355967
0.355991
0.355997
0.356
0.356003
0.356014
0.35602
0.35602
0.356023
0.356037
0.356038
0.356049
0.356081
0.356126
0.35615
0.356155
0.356156
0.35616
0.356167
0.356168
0.356171
0.356173
0.356177
0.35618
0.356194
0.356194
0.356197
0.356198
0.356204
0.356217
0.35622
0.356224
0.356231
0.356241
0.356241
0.356254
0.35626
0.35627
0.356287
0.356297
0.35631
0.356321
0.356321
0.356336
0.356347
0.35635
0.356351
0.356354
0.35637
0.356377
0.356377
0.356378
0.356379
0.356383
0.356387
0.356387
0.356388
0.356397
0.356404
0.356407
0.356418
0.356424
0.35643
0.356434
0.356441
0.35645
0.356454
0.35646
0.356461
0.356464
0.356476
0.356488
0.356497
0.356498
0.356501
0.356507
0.356523
0.356527
0.356533
0.356537
0.356545
0.356554
0.356561
0.35657
0.35657
0.356578
0.35658
0.356581
0.356584
0.356591
0.356603
0.35661
0.356614
0.356624
0.356655
0.356657
0.356663
0.356667
0.356675
0.35669
0.356693
0.356703
0.356707
0.356707
0.356707
0.356713
0.356726
0.356736
0.356741
0.356744
0.356754
0.356758
0.356763
0.356775
0.356791
0.356793
0.3568
0.3568
0.356803
0.356803
0.356804
0.356807
0.356813
0.356824
0.356854
0.356854
0.356864
0.356877
0.356898
0.356917
0.356921
0.356927
0.356936
0.356939
0.35695
0.356957
0.35696
0.356967
0.356967
0.356987
0.356994
0.357001
0.357006
0.357018
0.357038
0.357044
0.35706
0.357071
0.357077
0.35709
0.357097
0.357104
0.357127
0.357134
0.35714
0.35714
0.357147
0.357158
0.357164
0.35718
0.357191
0.3572
0.357237
0.357237
0.357238
0.357243
0.35725
0.357254
0.357259
0.357274
0.35728
0.357298
0.357305
0.357307
0.357313
0.357321
0.357333
0.357357
0.357374
0.357377
0.357385
0.357396
0.357398
0.357404
0.357414
0.357416
0.35744
0.357451
0.35746
0.357464
0.357466
0.357474
0.357492
0.357497
0.357504
0.35752
0.35752
0.357533
0.357541
0.357547
0.357554
0.357554
0.35756
0.357567
0.357574
0.357577
0.35758
0.35759
0.357601
0.357607
0.357615
0.357617
0.357622
0.357627
0.35764
0.35766
0.357666
0.35767
0.357671
0.357674
0.35768
0.35769
0.357717
0.357731
0.357733
0.357735
0.35774
0.357747
0.357753
0.357754
0.357764
0.357767
0.35779
0.357807
0.357807
0.357828
0.357834
0.35784
0.357845
0.357847
0.357853
0.357856
0.357867
0.357873
0.357873
0.35788
0.357881
0.35789
0.35789
0.357891
0.357898
0.357906
0.357914
0.357917
0.35793
0.357931
0.357931
0.357938
0.357939
0.35794
0.357941
0.357941
0.357943
0.357956
0.357974
0.357984
0.357997
0.358017
0.358023
0.358024
0.358044
0.358046
0.35805
0.358053
0.35808
0.358083
0.358087
0.358087
0.358093
0.358103
0.358104
0.358115
0.358117
0.358121
0.358137
0.358144
0.358157
0.35816
0.35816
0.358167
0.35818
0.358181
0.358194
0.3582
0.358208
0.35821
0.358221
0.358223
0.358227
0.358227
0.358235
0.35824
0.358255
0.358277
0.358277
0.358297
0.358311
0.358317
0.358323
0.35834
0.35835
0.358363
0.358373
0.358377
0.35838
0.35842
0.358425
0.358427
0.358437
0.35844
0.358456
0.358478
0.358483
0.358487
0.358497
0.358501
0.358503
0.358504
0.358507
0.358524
0.358528
0.35853
0.35854
0.358544
0.358547
0.358551
0.358551
0.358556
0.358557
0.358564
0.358567
0.358574
0.358577
0.358581
0.358587
0.35859
0.358593
0.358594
0.358604
0.358648
0.358648
0.358657
0.35867
0.358673
0.358674
0.358686
0.35869
0.35869
0.35869
0.358703
0.358711
0.358711
0.358727
0.358736
0.358737
0.358744
0.358751
0.358753
0.358756
0.358763
0.358772
0.35878
0.358814
0.358821
0.358833
0.358841
0.358847
0.35885
0.358863
0.358868
0.35887
0.358894
0.35891
0.358911
0.35892
0.358971
0.358974
0.358988
0.359006
0.359007
0.359031
0.359034
0.35904
0.359043
0.359046
0.359048
0.35905
0.359074
0.359113
0.35914
0.359146
0.35916
0.359161
0.359164
0.359174
0.359184
0.359184
0.359207
0.359207
0.359211
0.359217
0.359237
0.35925
0.359262
0.359262
0.359264
0.359267
0.359267
0.359281
0.359295
0.359303
0.35931
0.359311
0.359323
0.359337
0.35934
0.35935
0.359388
0.3594
0.359404
0.359407
0.359423
0.359443
0.359444
0.359463
0.359464
0.359481
0.359497
0.359518
0.359521
0.359528
0.359587
0.359601
0.359607
0.359629
0.35966
0.359697
0.359698
0.359704
0.35973
0.359733
0.359734
0.35975
0.359757
0.359774
0.359774
0.359774
0.359787
0.359794
0.359802
0.35981
0.35984
0.35984
0.359841
0.359854
0.359864
0.359876
0.35989
0.359897
0.359898
0.359908
0.35991
0.359911
0.359924
0.359935
0.359944
0.359947
0.359951
0.359977
0.359981
0.359984
0.359987
0.359987
0.359993
0.359996
0.359998
0.360011
0.360014
0.360021
0.36004
0.360044
0.36005
0.360066
0.360067
0.360073
0.360104
0.360133
0.360139
0.360147
0.360147
0.360166
0.360171
0.360175
0.360194
0.3602
0.36021
0.360244
0.36025
0.360268
0.36027
0.360274
0.360274
0.360287
0.3603
0.360317
0.36032
0.36032
0.360324
0.36033
0.360331
0.360337
0.36034
0.360345
0.360345
0.360357
0.360368
0.36038
0.360381
0.360387
0.360404
0.360406
0.360407
0.360414
0.360423
0.360426
0.360428
0.36044
0.360454
0.360456
0.360457
0.360481
0.360491
0.360493
0.360499
0.360507
0.360507
0.360511
0.360561
0.36057
0.360577
0.360577
0.360584
0.360588
0.36059
0.360594
0.360607
0.360621
0.360637
0.360638
0.360643
0.360647
0.360657
0.360667
0.360673
0.360681
0.360694
0.360695
0.3607
0.360704
0.360705
0.360726
0.36075
0.360757
0.36076
0.360783
0.36079
0.360791
0.360804
0.36081
0.360814
0.360823
0.360824
0.360847
0.360851
0.360865
0.360877
0.360884
0.360887
0.360891
0.360893
0.360904
0.360907
0.36091
0.360923
0.360923
0.360936
0.360936
0.360937
0.360954
0.360961
0.36098
0.360987
0.360993
0.360994
0.360997
0.361004
0.361019
0.361021
0.361024
0.361025
0.361029
0.36103
0.361043
0.361044
0.361054
0.361096
0.3611
0.3611
0.361104
0.36111
0.361121
0.361143
0.361143
0.361146
0.361164
0.361167
0.36119
0.361191
0.361205
0.361207
0.36122
0.36123
0.361234
0.361237
0.361245
0.361245
0.36125
0.36125
0.361263
0.361267
0.361274
0.361281
0.361283
0.361284
0.361292
0.36132
0.361326
0.361336
0.361337
0.36136
0.36136
0.36137
0.361377
0.36138
0.361403
0.361404
0.36141
0.361417
0.361424
0.361427
0.36145
0.361451
0.36146
0.361467
0.361477
0.361481
0.361484
0.361488
0.361499
0.361521
0.361528
0.36156
0.361573
0.361584
0.361584
0.361597
0.361597
0.3616
0.36161
0.36161
0.361627
0.361631
0.361637
0.361641
0.361646
0.361664
0.361667
0.361676
0.361677
0.361683
0.361684
0.361703
0.361704
0.361706
0.361711
0.361717
0.361717
0.361718
0.361723
0.361723
0.361731
0.361761
0.361777
0.361782
0.361795
0.361798
0.361807
0.361814
0.361827
0.361851
0.36186
0.36187
0.361877
0.361886
0.361887
0.361917
0.361925
0.361947
0.36195
0.361957
0.361968
0.361978
0.362001
0.362003
0.362007
0.362017
0.362017
0.362024
0.362057
0.36206
0.362066
0.362073
0.362111
0.36214
0.362143
0.362144
0.362154
0.362157
0.362167
0.362181
0.362194
0.362204
0.36221
0.362227
0.362244
0.362246
0.362254
0.362268
0.36227
0.36229
0.362293
0.362297
0.362297
0.362301
0.362304
0.362305
0.362323
0.362326
0.362327
0.362338
0.362356
0.362357
0.362375
0.362376
0.362376
0.362382
0.362404
0.362414
0.362414
0.362423
0.362423
0.362439
0.36244
0.362457
0.362471
0.362473
0.362483
0.362483
0.362484
0.362534
0.362534
0.362536
0.362541
0.362545
0.362557
0.362561
0.362567
0.36257
0.362573
0.362574
0.362577
0.36258
0.36258
0.362587
0.3626
0.362617
0.362627
0.362628
0.362634
0.362641
0.36265
0.36265
0.362653
0.362653
0.362654
0.362657
0.362707
0.362711
0.362717
0.362724
0.362727
0.36273
0.362734
0.362741
0.362743
0.36275
0.36278
0.362781
0.362787
0.362791
0.3628
0.362813
0.362816
0.362816
0.36283
0.362837
0.362847
0.362848
0.362861
0.362868
0.36288
0.3629
0.362924
0.362927
0.36293
0.362931
0.362933
0.362943
0.362963
0.362967
0.36298
0.362986
0.362987
0.363001
0.363004
0.363004
0.36301
0.363015
0.363033
0.36304
0.363044
0.36306
0.363094
0.363098
0.3631
0.363104
0.363111
0.363111
0.363114
0.363126
0.363127
0.363134
0.363143
0.36317
0.363171
0.363174
0.363184
0.36319
0.363194
0.363197
0.3632
0.363215
0.363257
0.363261
0.363263
0.36329
0.363297
0.363304
0.363307
0.36332
0.363321
0.363343
0.363344
0.363347
0.363351
0.363353
0.36338
0.36339
0.363396
0.363414
0.363443
0.363443
0.363456
0.363472
0.36348
0.36351
0.363526
0.363533
0.363535
0.363537
0.363543
0.363544
0.36356
0.363561
0.363563
0.363563
0.363566
0.36358
0.363594
0.363604
0.363607
0.36362
0.363624
0.363628
0.363633
0.363647
0.363653
0.36366
0.363667
0.363683
0.363687
0.363704
0.363717
0.36373
0.363734
0.36375
0.363781
0.363788
0.363794
0.363794
0.363811
0.363817
0.36385
0.363858
0.363859
0.363874
0.363884
0.363908
0.363914
0.363917
0.36392
0.363921
0.363927
0.363934
0.36395
0.36395
0.363957
0.363958
0.36397
0.363973
0.363987
0.363991
0.363993
0.364
0.364003
0.364011
0.364013
0.364016
0.364036
0.36405
0.364064
0.364083
0.3641
0.364106
0.364118
0.364126
0.364135
0.36414
0.364164
0.364166
0.364167
0.36417
0.36417
0.364174
0.364174
0.364184
0.364187
0.364195
0.364216
0.364221
0.364243
0.364244
0.364256
0.36426
0.364267
0.364275
0.364281
0.364297
0.36434
0.36434
0.364347
0.364347
0.364358
0.364363
0.364367
0.364387
0.36439
0.364397
0.36441
0.364413
0.364434
0.36444
0.364441
0.364443
0.36445
0.36446
0.364493
0.364496
0.3645
0.364507
0.364514
0.364514
0.364524
0.364534
0.364544
0.364544
0.364573
0.364593
0.364598
0.364601
0.364603
0.364604
0.364604
0.364613
0.364614
0.364623
0.364654
0.364676
0.364687
0.364697
0.364702
0.364714
0.364721
0.36475
0.364756
0.36476
0.36478
0.364786
0.364814
0.364817
0.364827
0.364834
0.364838
0.364856
0.364857
0.364865
0.364868
0.36488
0.364887
0.364893
0.364905
0.364907
0.364924
0.364927
0.364956
0.364963
0.364968
0.36497
0.364976
0.364981
0.364985
0.364988
0.365021
0.365028
0.365031
0.365043
0.365047
0.365056
0.365064
0.365064
0.36508
0.365083
0.3651
0.365107
0.36512
0.36513
0.365133
0.36514
0.36515
0.36515
0.365168
0.365173
0.365174
0.365183
0.365194
0.365198
0.365203
0.36521
0.365213
0.365213
0.365214
0.365217
0.365223
0.36523
0.365234
0.365236
0.36524
0.365267
0.36527
0.365271
0.365279
0.365284
0.365294
0.36533
0.365334
0.365347
0.36535
0.365356
0.365366
0.365383
0.36539
0.3654
0.365417
0.365428
0.36545
0.365477
0.365477
0.365486
0.365487
0.365501
0.365504
0.365511
0.365514
0.365538
0.365564
0.365574
0.365584
0.36559
0.365597
0.365616
0.36563
0.365631
0.365658
0.36566
0.365704
0.365714
0.365753
0.365756
0.365784
0.365784
0.365791
0.36584
0.365844
0.365863
0.365863
0.365884
0.36589
0.365901
0.36592
0.36593
0.365933
0.36594
0.365948
0.365988
0.366003
0.366008
0.366015
0.366021
0.366027
0.366044
0.366077
0.366087
0.366103
0.366103
0.36613
0.366137
0.36614
0.366147
0.366158
0.36616
0.3662
0.366204
0.366224
0.36623
0.36624
0.366246
0.366257
0.36626
0.366261
0.366264
0.366267
0.36627
0.366273
0.366304
0.36632
0.366323
0.366324
0.366326
0.366327
0.366347
0.366347
0.366368
0.366387
0.366393
0.366394
0.366409
0.366414
0.366424
0.366428
0.366433
0.366447
0.366447
0.366453
0.366454
0.366465
0.36647
0.366473
0.366477
0.36648
0.366484
0.366527
0.36653
0.366538
0.366547
0.36658
0.366607
0.366621
0.366627
0.366627
0.366633
0.366634
0.36664
0.366643
0.366644
0.366647
0.366677
0.366688
0.366697
0.366703
0.366706
0.366707
0.366724
0.36673
0.36673
0.366733
0.366736
0.366737
0.366748
0.36678
0.366783
0.366783
0.366794
0.366801
0.366801
0.366811
0.366817
0.366821
0.366824
0.366838
0.36684
0.366862
0.366863
0.366881
0.366886
0.366887
0.366896
0.3669
0.36691
0.366911
0.36692
0.366923
0.366934
0.366944
0.366947
0.366951
0.366975
0.366983
0.367053
0.367054
0.367074
0.367074
0.367077
0.367097
0.367105
0.36711
0.367114
0.367151
0.367154
0.367164
0.367181
0.367191
0.367211
0.367221
0.367227
0.367234
0.367243
0.367257
0.367277
0.367277
0.367294
0.367321
0.367324
0.367334
0.36734
0.367343
0.367357
0.367357
0.36737
0.367383
0.367383
0.36739
0.367403
0.367407
0.367407
0.367423
0.36745
0.367473
0.367476
0.367481
0.367493
0.367547
0.367568
0.367577
0.367613
0.367616
0.367617
0.367627
0.36763
0.36764
0.36764
0.36765
0.367653
0.36766
0.36768
0.367684
0.367688
0.36769
0.367694
0.367703
0.367703
0.367703
0.367717
0.367734
0.36776
0.367764
0.367767
0.36777
0.36777
0.367778
0.367791
0.367803
0.367814
0.367817
0.367817
0.36782
0.367823
0.367827
0.36783
0.367837
0.36784
0.367844
0.367847
0.367856
0.367856
0.367859
0.367863
0.367875
0.367892
0.367914
0.36793
0.36793
0.36795
0.367951
0.367957
0.36796
0.367966
0.367987
0.368007
0.368024
0.368027
0.368027
0.368043
0.368044
0.368047
0.368051
0.368058
0.368067
0.368073
0.368073
0.368094
0.368107
0.36811
0.36812
0.368175
0.368177
0.368177
0.368177
0.3682
0.3682
0.368228
0.368234
0.368234
0.368238
0.368247
0.368257
0.368267
0.368274
0.368293
0.368307
0.368334
0.368344
0.368347
0.368353
0.368358
0.368368
0.368373
0.368373
0.368387
0.3684
0.36844
0.368461
0.36849
0.368493
0.368497
0.368506
0.368531
0.368535
0.368536
0.368554
0.368554
0.36857
0.36858
0.368586
0.36862
0.368641
0.368644
0.368663
0.368703
0.368704
0.368704
0.368704
0.368717
0.368717
0.36874
0.368763
0.368783
0.368786
0.3688
0.368821
0.368833
0.368838
0.368857
0.36886
0.368874
0.368894
0.368896
0.368901
0.368914
0.368921
0.368947
0.368953
0.368954
0.368958
0.36897
0.36897
0.36898
0.36899
0.368993
0.36902
0.369037
0.369047
0.369063
0.369064
0.369084
0.369086
0.369104
0.369117
0.369127
0.369129
0.369143
0.36917
0.369174
0.369181
0.36919
0.369197
0.369197
0.369198
0.3692
0.369204
0.369227
0.369234
0.369238
0.369243
0.369253
0.369264
0.369268
0.369271
0.369283
0.36929
0.3693
0.369317
0.369324
0.369347
0.36936
0.369367
0.36937
0.3694
0.369407
0.369423
0.369427
0.369431
0.369491
0.369497
0.369503
0.369508
0.369517
0.369521
0.369527
0.369531
0.369534
0.36954
0.369543
0.36956
0.369566
0.369571
0.369584
0.369628
0.369631
0.369636
0.369664
0.369667
0.369687
0.369687
0.369693
0.369703
0.369718
0.369726
0.369734
0.369738
0.369744
0.369747
0.369753
0.369768
0.369808
0.369813
0.36983
0.369834
0.36984
0.369884
0.36989
0.369914
0.369915
0.36992
0.369921
0.369941
0.369944
0.369957
0.369968
0.36997
0.369977
0.369993
0.370017
0.370021
0.37007
0.370073
0.370078
0.370131
0.37014
0.370144
0.370146
0.370148
0.370154
0.370164
0.370184
0.370191
0.370214
0.37023
0.370233
0.370241
0.370243
0.370247
0.370256
0.370257
0.370271
0.370274
0.370274
0.370275
0.370293
0.370294
0.370297
0.370303
0.370306
0.370317
0.37032
0.370327
0.370328
0.37033
0.370333
0.370336
0.370337
0.370341
0.37037
0.370374
0.370383
0.370434
0.370446
0.370452
0.370486
0.370501
0.370517
0.370543
0.37055
0.370558
0.370561
0.370565
0.37057
0.37057
0.370571
0.37058
0.370593
0.370617
0.370628
0.370634
0.370643
0.370646
0.370654
0.370655
0.370664
0.370668
0.37067
0.37067
0.370674
0.370685
0.370688
0.370707
0.370714
0.37072
0.370727
0.370745
0.37075
0.370757
0.370764
0.370767
0.370793
0.370796
0.37081
0.370841
0.37085
0.37086
0.370861
0.370874
0.370903
0.370908
0.370917
0.370927
0.370931
0.370968
0.370981
0.37099
0.371006
0.371011
0.371077
0.371077
0.371083
0.3711
0.371108
0.371142
0.37116
0.37116
0.37117
0.371173
0.371173
0.371184
0.37119
0.371206
0.371207
0.371213
0.371229
0.371235
0.371246
0.371251
0.371264
0.37128
0.371291
0.371317
0.371324
0.371338
0.371343
0.37135
0.371357
0.371357
0.371394
0.371408
0.371408
0.371412
0.371423
0.371436
0.37145
0.371467
0.371483
0.371511
0.371524
0.37153
0.371577
0.371631
0.371634
0.371636
0.371651
0.371667
0.371667
0.371671
0.371674
0.371681
0.371685
0.37169
0.371704
0.371717
0.371724
0.371736
0.371737
0.371758
0.371767
0.371773
0.371787
0.371797
0.371817
0.37182
0.37182
0.371834
0.371881
0.3719
0.371901
0.371914
0.371923
0.371924
0.371928
0.371946
0.371957
0.37196
0.371967
0.371967
0.371977
0.371986
0.372023
0.372024
0.372027
0.372028
0.37203
0.37205
0.372077
0.37208
0.372089
0.372091
0.372107
0.37211
0.372117
0.37213
0.372136
0.372156
0.372184
0.37219
0.37219
0.372196
0.372201
0.372207
0.372216
0.372225
0.372253
0.37226
0.372264
0.372273
0.372281
0.372293
0.372298
0.372304
0.372308
0.372318
0.372318
0.37232
0.372323
0.372361
0.37237
0.372373
0.372381
0.372401
0.372404
0.372407
0.372414
0.372457
0.372473
0.372473
0.372476
0.3725
0.372501
0.372501
0.372534
0.372534
0.372555
0.372561
0.372563
0.372567
0.3726
0.372627
0.372643
0.372646
0.372654
0.372664
0.372686
0.372691
0.372696
0.372696
0.372718
0.372724
0.372727
0.37273
0.37274
0.372756
0.372757
0.372761
0.372764
0.372771
0.372797
0.372824
0.372824
0.372833
0.37291
0.372911
0.372924
0.372937
0.372951
0.372961
0.37298
0.372997
0.373016
0.373045
0.373046
0.373051
0.373057
0.37306
0.373131
0.373133
0.37315
0.37316
0.373164
0.373167
0.373187
0.373207
0.373227
0.373258
0.373263
0.373264
0.373264
0.373276
0.373284
0.373286
0.373286
0.373287
0.373314
0.373326
0.373337
0.373351
0.373354
0.37336
0.373373
0.373387
0.373397
0.3734
0.3734
0.373421
0.373444
0.373452
0.373467
0.373474
0.373514
0.373548
0.373576
0.37358
0.373597
0.373597
0.373604
0.373607
0.373627
0.373654
0.37366
0.373667
0.373668
0.373688
0.3737
0.373741
0.37375
0.373757
0.373777
0.373783
0.373797
0.373801
0.373806
0.373816
0.373827
0.373841
0.373873
0.37388
0.37389
0.373902
0.37391
0.37395
0.373967
0.373967
0.373974
0.374004
0.37401
0.374014
0.374047
0.37405
0.374057
0.374094
0.374105
0.374114
0.374117
0.374143
0.374153
0.37416
0.374173
0.374174
0.374176
0.374181
0.374211
0.37422
0.37422
0.374225
0.37423
0.37424
0.37426
0.374264
0.374274
0.37429
0.3743
0.374313
0.374313
0.37435
0.374351
0.374363
0.374368
0.374369
0.37438
0.374388
0.374394
0.374406
0.37443
0.374444
0.374467
0.374493
0.37453
0.37453
0.37454
0.374561
0.37457
0.374574
0.374587
0.374587
0.374624
0.374624
0.374633
0.374644
0.374647
0.374656
0.37466
0.374678
0.374694
0.3747
0.374703
0.374703
0.374711
0.374728
0.374766
0.374787
0.374807
0.374811
0.374828
0.37484
0.374851
0.374881
0.37489
0.374906
0.37492
0.37492
0.374926
0.37495
0.374957
0.374957
0.374971
0.374977
0.374993
0.375
0.375014
0.375038
0.375044
0.375057
0.37506
0.37508
0.375084
0.375092
0.375101
0.375125
0.375143
0.375154
0.375157
0.375163
0.375167
0.37517
0.375177
0.375193
0.375213
0.37523
0.375233
0.375244
0.375246
0.375267
0.37529
0.375293
0.375307
0.375313
0.375315
0.375317
0.375333
0.375343
0.375394
0.375394
0.375413
0.375427
0.37544
0.375441
0.375444
0.375486
0.37552
0.375544
0.375564
0.37557
0.37557
0.375591
0.375591
0.37564
0.375651
0.375661
0.375671
0.37569
0.375697
0.3757
0.3757
0.375704
0.375713
0.37573
0.375767
0.375777
0.375787
0.37579
0.375821
0.375827
0.375833
0.37584
0.375846
0.375847
0.37586
0.375871
0.37588
0.375884
0.375911
0.37595
0.375957
0.375966
0.375977
0.375996
0.37602
0.376021
0.376056
0.376066
0.376073
0.376077
0.376077
0.376097
0.376127
0.376138
0.376138
0.37614
0.376161
0.376174
0.376184
0.376185
0.376207
0.37622
0.376234
0.376288
0.376303
0.376334
0.376335
0.376347
0.376353
0.376353
0.37637
0.376377
0.37639
0.376393
0.376407
0.376411
0.376412
0.37642
0.376427
0.376456
0.376471
0.376507
0.376543
0.376546
0.376557
0.376573
0.376587
0.376614
0.376687
0.376691
0.376697
0.376708
0.37671
0.376711
0.376716
0.376717
0.376721
0.376734
0.376764
0.376774
0.37678
0.376785
0.376807
0.376811
0.376818
0.376824
0.37683
0.376881
0.376911
0.376933
0.376946
0.376984
0.377024
0.377028
0.377044
0.377074
0.377084
0.37714
0.377143
0.377147
0.377156
0.377157
0.377163
0.37718
0.377191
0.377191
0.377213
0.377214
0.37724
0.377253
0.377294
0.377311
0.377343
0.377365
0.377382
0.37739
0.377424
0.377434
0.377434
0.377443
0.377444
0.377457
0.377466
0.37751
0.37751
0.377546
0.37755
0.377553
0.377567
0.377597
0.377637
0.377643
0.377657
0.377683
0.377693
0.377694
0.377697
0.377707
0.377711
0.377711
0.377721
0.377771
0.377784
0.377793
0.377814
0.377831
0.37786
0.377874
0.377898
0.37792
0.377927
0.377932
0.377937
0.377953
0.377953
0.377954
0.377958
0.37796
0.377963
0.377964
0.377974
0.377974
0.377975
0.377981
0.377985
0.378
0.37802
0.378021
0.378041
0.378047
0.378047
0.378108
0.378121
0.378137
0.37814
0.378164
0.378183
0.378187
0.378193
0.378194
0.378204
0.37822
0.378241
0.378247
0.378249
0.378257
0.378294
0.37831
0.378317
0.378343
0.378386
0.378387
0.37839
0.3784
0.378437
0.378464
0.378481
0.37849
0.378506
0.378511
0.378524
0.378533
0.378534
0.378541
0.378564
0.378577
0.378588
0.37859
0.378597
0.3786
0.378617
0.378617
0.37866
0.378693
0.378724
0.37873
0.378754
0.378757
0.378758
0.378774
0.378791
0.378801
0.378807
0.378841
0.37887
0.378873
0.378887
0.378933
0.378954
0.378954
0.378966
0.378968
0.378996
0.379004
0.379047
0.379055
0.379056
0.379077
0.379078
0.3791
0.379124
0.379128
0.379154
0.37918
0.379187
0.379247
0.379253
0.379271
0.379281
0.379337
0.37935
0.37935
0.379361
0.379361
0.379373
0.379374
0.379394
0.379406
0.379407
0.37941
0.379434
0.379451
0.379468
0.379501
0.379524
0.379524
0.379527
0.379537
0.379567
0.379577
0.379578
0.379588
0.379613
0.379621
0.379624
0.379625
0.379628
0.37967
0.379678
0.379737
0.379753
0.379781
0.379787
0.379803
0.379857
0.379864
0.379877
0.379896
0.379914
0.379924
0.379946
0.379973
0.379984
0.380014
0.380017
0.38003
0.38005
0.380067
0.38013
0.38016
0.380163
0.380183
0.3802
0.380214
0.380218
0.380277
0.380277
0.380287
0.380291
0.3803
0.380304
0.380327
0.380338
0.380342
0.38035
0.380367
0.38037
0.380371
0.380384
0.380391
0.380407
0.380421
0.380421
0.38045
0.380463
0.380463
0.380484
0.380512
0.380547
0.380548
0.380561
0.380576
0.38058
0.380591
0.380591
0.380593
0.380594
0.380598
0.380637
0.380653
0.38066
0.380667
0.380696
0.380703
0.38072
0.380744
0.380786
0.380803
0.380834
0.380836
0.380847
0.380898
0.380899
0.380934
0.380937
0.380951
0.380958
0.380958
0.380974
0.381006
0.381031
0.381081
0.38109
0.38111
0.381138
0.381144
0.38115
0.381157
0.381157
0.381194
0.381214
0.381214
0.38125
0.381251
0.381291
0.381295
0.381311
0.381353
0.381364
0.381374
0.381391
0.381394
0.38141
0.381414
0.38142
0.381421
0.381437
0.38146
0.381473
0.381497
0.3815
0.381511
0.381543
0.381554
0.381565
0.381573
0.381634
0.381643
0.381643
0.381646
0.381663
0.381667
0.381697
0.3817
0.381724
0.381741
0.381756
0.38176
0.381794
0.381813
0.38182
0.38183
0.381853
0.381867
0.38188
0.381884
0.381918
0.381941
0.381971
0.382027
0.38203
0.382044
0.382102
0.382123
0.382126
0.38216
0.382184
0.38226
0.382314
0.38232
0.38235
0.382354
0.382373
0.382383
0.3824
0.382407
0.382434
0.38244
0.38244
0.382447
0.382467
0.382484
0.382494
0.38252
0.382523
0.382531
0.382534
0.382537
0.382557
0.382654
0.382664
0.382667
0.38267
0.382684
0.382701
0.38271
0.382716
0.382724
0.382754
0.382804
0.38282
0.382853
0.38286
0.382886
0.382904
0.382914
0.382924
0.382928
0.382944
0.382971
0.382993
0.383
0.38301
0.383046
0.383046
0.38306
0.38306
0.383067
0.38308
0.383086
0.38309
0.383097
0.383107
0.383113
0.383143
0.383164
0.383167
0.383203
0.383263
0.383297
0.383314
0.383317
0.38332
0.383324
0.383324
0.383341
0.383343
0.383344
0.383346
0.383364
0.383384
0.38339
0.383403
0.383408
0.383444
0.383454
0.383473
0.383476
0.383498
0.383501
0.383501
0.383511
0.383514
0.383557
0.383631
0.38364
0.383671
0.38368
0.383731
0.38374
0.383744
0.383766
0.383902
0.38392
0.383923
0.383947
0.383953
0.383968
0.383987
0.384013
0.38403
0.384057
0.384077
0.38418
0.38419
0.384198
0.384214
0.38422
0.384233
0.384244
0.384264
0.384268
0.384277
0.384324
0.384347
0.384407
0.384478
0.384504
0.384513
0.384556
0.384561
0.384587
0.384607
0.38463
0.38466
0.38466
0.384683
0.384724
0.384725
0.384737
0.384754
0.384757
0.384763
0.384767
0.384815
0.384841
0.384847
0.38486
0.384914
0.38494
0.384951
0.384997
0.385013
0.385015
0.38506
0.385061
0.385073
0.38508
0.385197
0.3852
0.385214
0.385264
0.385284
0.385285
0.3853
0.385303
0.385311
0.38542
0.385421
0.38548
0.385501
0.38551
0.385513
0.385523
0.38553
0.385553
0.385567
0.385571
0.385591
0.385661
0.38567
0.385758
0.385776
0.385785
0.385811
0.38582
0.385821
0.38583
0.385864
0.38587
0.385893
0.385924
0.386074
0.38608
0.386087
0.386133
0.386143
0.386153
0.386157
0.386166
0.386212
0.386244
0.3863
0.386317
0.386323
0.386335
0.386355
0.386374
0.386398
0.38645
0.386478
0.386503
0.386514
0.386514
0.386517
0.386527
0.386545
0.386573
0.386647
0.38669
0.386708
0.386721
0.386724
0.386733
0.386743
0.38675
0.38676
0.38676
0.38678
0.386856
0.386864
0.386877
0.386884
0.386897
0.386904
0.386928
0.386938
0.386943
0.386948
0.386975
0.386986
0.387021
0.387028
0.387044
0.38708
0.387087
0.387094
0.3871
0.387104
0.387121
0.387163
0.38721
0.387274
0.387291
0.387303
0.38731
0.38732
0.387323
0.387327
0.387331
0.387333
0.387361
0.387387
0.387411
0.387446
0.38746
0.387485
0.387491
0.38752
0.387524
0.387531
0.387564
0.38757
0.387608
0.387644
0.38767
0.387701
0.387703
0.387717
0.38777
0.3878
0.387834
0.387844
0.387933
0.387951
0.387967
0.387977
0.388008
0.38808
0.388091
0.388117
0.388121
0.388123
0.388128
0.388143
0.388201
0.388213
0.388221
0.388238
0.388246
0.38826
0.388381
0.38839
0.388401
0.388403
0.388407
0.388415
0.388474
0.388474
0.388477
0.388517
0.38857
0.388594
0.3886
0.388608
0.38863
0.388643
0.388673
0.388678
0.388727
0.388744
0.388761
0.388787
0.38879
0.388834
0.388871
0.388894
0.388897
0.388906
0.388911
0.38892
0.388943
0.388977
0.388984
0.388984
0.388986
0.388987
0.389028
0.38905
0.389051
0.389077
0.389108
0.389123
0.389137
0.38922
0.389227
0.38924
0.389244
0.389247
0.389273
0.389288
0.38937
0.38938
0.389386
0.389397
0.38945
0.389473
0.38949
0.38953
0.389614
0.389617
0.389631
0.389687
0.389688
0.389747
0.389767
0.38977
0.389773
0.38981
0.389811
0.38987
0.389921
0.390041
0.390047
0.390081
0.390104
0.390106
0.390107
0.390114
0.39012
0.390163
0.390171
0.390176
0.390228
0.390273
0.390287
0.390297
0.390417
0.390447
0.39046
0.390487
0.390563
0.390576
0.390581
0.39061
0.390614
0.390617
0.390619
0.390637
0.390643
0.390656
0.390694
0.39074
0.390773
0.390786
0.390795
0.3908
0.39081
0.39082
0.390823
0.390835
0.390837
0.390851
0.39088
0.39089
0.390941
0.390944
0.390947
0.390971
0.391037
0.391044
0.39105
0.3911
0.391103
0.391135
0.391163
0.391164
0.391197
0.39122
0.39123
0.391253
0.39126
0.391297
0.391314
0.391318
0.391364
0.39138
0.391457
0.391464
0.391543
0.391567
0.39158
0.3916
0.391616
0.39164
0.391644
0.391681
0.39172
0.391734
0.39175
0.391754
0.39176
0.391777
0.391781
0.391793
0.391814
0.391821
0.391847
0.391868
0.391876
0.391895
0.391904
0.391931
0.391934
0.391934
0.391956
0.391988
0.39204
0.392057
0.392118
0.392143
0.392167
0.39219
0.39225
0.392297
0.39231
0.39232
0.392333
0.392451
0.39249
0.392527
0.392534
0.392537
0.392541
0.392641
0.392657
0.392668
0.39271
0.392751
0.392768
0.39282
0.39282
0.392831
0.392854
0.392866
0.39288
0.392884
0.392928
0.392951
0.392967
0.393007
0.393011
0.39302
0.393091
0.393108
0.393111
0.393113
0.393163
0.3932
0.393227
0.393264
0.393313
0.393331
0.39337
0.393378
0.393447
0.39345
0.393454
0.393498
0.393534
0.393574
0.393577
0.3936
0.39365
0.39375
0.393796
0.393806
0.393807
0.393867
0.39389
0.393905
0.393911
0.39392
0.393944
0.393978
0.394006
0.39402
0.39406
0.394115
0.394181
0.394193
0.394197
0.394245
0.394251
0.394275
0.394335
0.394337
0.394393
0.394433
0.394445
0.394527
0.394544
0.39463
0.394631
0.394664
0.394674
0.394768
0.394807
0.394823
0.394834
0.394857
0.394914
0.394968
0.395004
0.395017
0.395034
0.395077
0.395094
0.395111
0.395123
0.395178
0.395237
0.395281
0.395377
0.39538
0.395395
0.3954
0.395437
0.39544
0.395466
0.395507
0.395513
0.395523
0.395533
0.39556
0.395584
0.395591
0.395593
0.395595
0.39561
0.395647
0.395654
0.395663
0.395727
0.395743
0.39576
0.39576
0.395774
0.395816
0.395824
0.395858
0.39591
0.395958
0.395961
0.395974
0.396007
0.396013
0.396021
0.396114
0.396127
0.396154
0.396168
0.396233
0.396255
0.396261
0.396301
0.396321
0.396358
0.396384
0.396406
0.396444
0.396461
0.396477
0.396523
0.396577
0.396648
0.396783
0.396786
0.396793
0.3968
0.396861
0.396887
0.396917
0.396934
0.39702
0.397048
0.397061
0.397104
0.397124
0.39714
0.397143
0.397173
0.397181
0.397241
0.397263
0.397276
0.397287
0.397311
0.397334
0.397343
0.39736
0.397367
0.397523
0.397618
0.397641
0.39771
0.397724
0.397743
0.397767
0.39778
0.397787
0.39779
0.397804
0.397807
0.39782
0.39785
0.39788
0.397911
0.39792
0.398014
0.398067
0.398193
0.398244
0.39827
0.398297
0.398334
0.398364
0.398371
0.3984
0.398418
0.398455
0.398466
0.398508
0.39858
0.39861
0.39865
0.39872
0.398744
0.39881
0.39884
0.398843
0.398874
0.398891
0.398918
0.398944
0.399017
0.399027
0.399053
0.399074
0.399094
0.399124
0.399148
0.39916
0.399207
0.39925
0.39929
0.399323
0.399367
0.399374
0.399401
0.399431
0.39951
0.399544
0.39961
0.399653
0.399681
0.399704
0.399863
0.399913
0.399945
0.399967
0.400024
0.400073
0.400137
0.400198
0.400233
0.40028
0.400323
0.400357
0.400363
0.400423
0.400437
0.400513
0.400583
0.400628
0.400644
0.400663
0.400673
0.40072
0.400738
0.400797
0.40081
0.400828
0.400934
0.400947
0.400951
0.400987
0.401036
0.401043
0.401091
0.40113
0.401176
0.401214
0.40135
0.40135
0.401357
0.401371
0.401374
0.401397
0.401424
0.401455
0.401463
0.401481
0.40152
0.401527
0.401531
0.401553
0.401591
0.40161
0.401613
0.40163
0.401694
0.40177
0.401827
0.401881
0.401957
0.401974
0.402003
0.40201
0.40201
0.402033
0.402037
0.402078
0.402094
0.402096
0.402107
0.402149
0.402207
0.40222
0.402235
0.402247
0.402294
0.402301
0.402307
0.402353
0.402401
0.402461
0.402468
0.40248
0.40248
0.402561
0.40257
0.402607
0.402667
0.402686
0.40271
0.402753
0.40277
0.402787
0.402788
0.402811
0.402817
0.40286
0.402901
0.403054
0.40307
0.403084
0.403097
0.403107
0.40318
0.403224
0.403257
0.40326
0.403364
0.403433
0.403438
0.40351
0.403631
0.403767
0.403797
0.403871
0.403894
0.40395
0.403967
0.40397
0.40401
0.404032
0.40404
0.404093
0.404103
0.404107
0.40411
0.404141
0.404148
0.404153
0.404214
0.404261
0.404267
0.404344
0.404351
0.404393
0.404417
0.404423
0.404517
0.404571
0.404581
0.404624
0.404631
0.404703
0.404707
0.404727
0.404748
0.404761
0.40479
0.40482
0.404836
0.404851
0.404894
0.404954
0.404974
0.404995
0.405014
0.405027
0.405031
0.405116
0.405128
0.405131
0.405214
0.405221
0.40531
0.40535
0.405573
0.405597
0.405683
0.40572
0.40583
0.405833
0.40593
0.405957
0.405967
0.406004
0.406027
0.406064
0.406067
0.406131
0.40624
0.406277
0.406347
0.406351
0.406367
0.406375
0.406457
0.406461
0.406461
0.40649
0.406617
0.406628
0.406657
0.406664
0.40674
0.40681
0.406951
0.406975
0.406991
0.407013
0.407071
0.407077
0.407204
0.407227
0.407318
0.407348
0.407365
0.40737
0.407396
0.407487
0.40753
0.407613
0.407634
0.407671
0.407674
0.407677
0.407717
0.407737
0.407818
0.407917
0.407926
0.407946
0.407976
0.408123
0.408154
0.40816
0.408168
0.4084
0.408411
0.408451
0.408494
0.40851
0.408554
0.408583
0.408641
0.408674
0.408721
0.408767
0.408817
0.408844
0.408847
0.408891
0.409001
0.409263
0.409275
0.409307
0.40931
0.409317
0.40932
0.409323
0.409324
0.40937
0.409412
0.40952
0.40952
0.409528
0.40956
0.409657
0.409663
0.409704
0.409803
0.409814
0.409841
0.409851
0.409913
0.40992
0.409925
0.409946
0.409966
0.409978
0.410004
0.410017
0.410053
0.410054
0.41006
0.410073
0.410077
0.410113
0.410116
0.410171
0.410248
0.410257
0.410304
0.410311
0.41036
0.410394
0.410447
0.410555
0.410661
0.410666
0.410764
0.41082
0.41084
0.410894
0.410923
0.41093
0.41097
0.41107
0.411083
0.411157
0.4112
0.411218
0.411234
0.411298
0.411311
0.41137
0.411537
0.411557
0.41157
0.411626
0.411693
0.411697
0.41174
0.411827
0.411977
0.411988
0.412032
0.412093
0.412128
0.41215
0.412161
0.412247
0.412271
0.41232
0.412324
0.4124
0.412408
0.412427
0.412574
0.412754
0.412776
0.412867
0.412907
0.412957
0.412963
0.41302
0.413028
0.413037
0.41309
0.413096
0.413234
0.413318
0.413327
0.41333
0.41333
0.413406
0.41344
0.413473
0.413474
0.413507
0.41358
0.413674
0.41371
0.413727
0.413734
0.413757
0.413811
0.413861
0.413907
0.413926
0.413967
0.413986
0.414004
0.414078
0.41414
0.414156
0.414168
0.414269
0.414284
0.414305
0.414341
0.41439
0.414456
0.414458
0.414464
0.414474
0.414554
0.414575
0.414591
0.414617
0.414691
0.414701
0.414808
0.414837
0.415104
0.415127
0.415167
0.415167
0.415241
0.415247
0.41526
0.415265
0.41529
0.415301
0.415426
0.41548
0.41551
0.415567
0.41557
0.415607
0.415778
0.41579
0.415847
0.415867
0.415874
0.415904
0.41597
0.415971
0.416028
0.416037
0.416154
0.416167
0.416203
0.416251
0.416255
0.416267
0.416301
0.416331
0.416343
0.416426
0.416447
0.416533
0.416584
0.416614
0.416778
0.416798
0.416838
0.416866
0.41691
0.416948
0.417034
0.417071
0.417107
0.417114
0.417121
0.417131
0.41717
0.417211
0.417227
0.417281
0.417387
0.417407
0.417453
0.417467
0.417501
0.41755
0.417593
0.417597
0.417783
0.417827
0.417837
0.417881
0.41791
0.418007
0.418013
0.418027
0.418054
0.418074
0.418083
0.418127
0.418147
0.418276
0.418317
0.41833
0.41839
0.418433
0.418463
0.418476
0.418487
0.418573
0.418583
0.418635
0.418754
0.418761
0.418768
0.418781
0.418817
0.418824
0.418827
0.418901
0.41902
0.419127
0.419164
0.419167
0.419227
0.419257
0.41934
0.419388
0.41945
0.419477
0.419487
0.41956
0.41958
0.41959
0.419593
0.419611
0.419703
0.419787
0.419807
0.41982
0.419844
0.419914
0.419974
0.420134
0.420151
0.420156
0.420277
0.420278
0.420314
0.420335
0.420357
0.420386
0.420443
0.420469
0.420493
0.420535
0.42064
0.420647
0.420664
0.4207
0.420717
0.420737
0.420757
0.420795
0.420797
0.42091
0.420997
0.421007
0.421011
0.421041
0.421121
0.42114
0.421227
0.421227
0.421311
0.421344
0.42135
0.421377
0.421384
0.421421
0.42144
0.421527
0.421557
0.421597
0.421794
0.421878
0.42194
0.421957
0.421973
0.422011
0.422114
0.422191
0.422344
0.422461
0.422507
0.422568
0.422604
0.422663
0.422703
0.42277
0.422801
0.42288
0.422924
0.42303
0.423034
0.423097
0.42311
0.423194
0.423207
0.423211
0.423226
0.423264
0.423264
0.423363
0.423407
0.423576
0.423631
0.423667
0.423678
0.423774
0.423776
0.424021
0.424031
0.42409
0.42417
0.424193
0.42424
0.424413
0.42447
0.424647
0.424804
0.424814
0.425104
0.425118
0.425118
0.425183
0.425203
0.42522
0.425238
0.42525
0.425314
0.425354
0.42542
0.42552
0.42558
0.425736
0.425741
0.42584
0.425846
0.425913
0.425951
0.426
0.42603
0.426227
0.426233
0.426291
0.426391
0.426423
0.42645
0.42649
0.426557
0.426596
0.426604
0.426613
0.426624
0.42674
0.426814
0.426823
0.426834
0.426904
0.4271
0.427204
0.427274
0.427337
0.427433
0.427467
0.42749
0.427508
0.42767
0.427697
0.427771
0.427937
0.427953
0.4282
0.428371
0.428434
0.428717
0.428821
0.428836
0.428844
0.428897
0.42893
0.428967
0.429054
0.429134
0.429181
0.42924
0.429244
0.429355
0.429355
0.429391
0.429471
0.42948
0.429534
0.429571
0.429684
0.429694
0.429727
0.429797
0.42989
0.43008
0.430163
0.430204
0.430207
0.430216
0.430274
0.430341
0.430458
0.430561
0.43066
0.430787
0.430823
0.430881
0.430951
0.43105
0.431083
0.431097
0.431124
0.4312
0.431223
0.43123
0.431261
0.431333
0.431335
0.431344
0.43161
0.431667
0.431671
0.431787
0.431787
0.431794
0.43186
0.431873
0.431897
0.431937
0.432374
0.432393
0.432407
0.432407
0.43241
0.432474
0.432594
0.432601
0.432627
0.43278
0.433077
0.433137
0.433144
0.433247
0.433343
0.433498
0.433644
0.433644
0.433747
0.433893
0.433937
0.434044
0.434053
0.434245
0.434303
0.434597
0.434724
0.434854
0.434886
0.434921
0.434968
0.435023
0.435064
0.43534
0.435494
0.435603
0.435813
0.43588
0.435945
0.435974
0.436034
0.436041
0.436234
0.43637
0.43663
0.436641
0.43666
0.436796
0.43683
0.43686
0.43698
0.437054
0.437147
0.43715
0.43724
0.437264
0.43761
0.43765
0.437657
0.437801
0.437913
0.437943
0.438224
0.438338
0.438457
0.438505
0.43858
0.438626
0.438715
0.43901
0.439051
0.439153
0.439197
0.439237
0.439254
0.439437
0.439623
0.439646
0.439676
0.43971
0.439747
0.439768
0.439804
0.43994
0.44
0.440254
0.44036
0.440371
0.440436
0.440567
0.440674
0.44076
0.440874
0.441047
0.44105
0.441078
0.441234
0.44151
0.441773
0.441914
0.44199
0.44207
0.442377
0.442563
0.442851
0.443116
0.443118
0.44335
0.44342
0.443501
0.443504
0.443564
0.443587
0.4438
0.443858
0.44388
0.444011
0.444157
0.444367
0.44441
0.444425
0.444533
0.44477
0.445024
0.445257
0.445328
0.445344
0.445473
0.445683
0.445708
0.445911
0.445951
0.446191
0.44634
0.446433
0.446447
0.446495
0.446561
0.446744
0.446964
0.447004
0.447124
0.447177
0.447421
0.447463
0.447637
0.447734
0.447777
0.447824
0.44801
0.448207
0.448484
0.448627
0.448638
0.448707
0.448804
0.449037
0.449208
0.449565
0.449576
0.449597
0.45003
0.450067
0.45009
0.450251
0.450253
0.45039
0.45041
0.450605
0.450721
0.451038
0.451431
0.45183
0.452014
0.4522
0.452261
0.45233
0.452461
0.452488
0.452651
0.453131
0.453181
0.453791
0.453875
0.453975
0.454373
0.454417
0.454514
0.45465
0.454904
0.456087
0.456394
0.45644
0.456964
0.45731
0.457324
0.45776
0.458027
0.458934
0.45972
0.460157
0.460921
0.46107
0.461551
0.461681
0.461877
0.46191
0.462144
0.462204
0.462244
0.46228
0.462305
0.462334
0.462441
0.462591
0.462644
0.462964
0.463045
0.463281
0.463674
0.46392
0.465298
0.467684
0.46805
0.468374
0.471587
0.472741
0.473117
0.473401
0.473434
0.474707
0.475424
0.475641
0.477962
0.479604
0.480111
0.481124
0.482244
0.483667
0.487567
0.488017
0.490337
0.491474
0.49258
0.492637
0.494711
0.495304
0.497561
0.49783
0.499557
0.500628
0.500973
0.501598
0.502738
0.504573
0.507396
0.507701
0.50775
0.509344
0.512373
0.51302
0.513137
0.513897
0.51698
0.524123
0.531183
0.536971
0.537223
0.538667
0.542703
0.545478
0.546293
0.563654
0.56412
0.566118
0.568993
0.573723
0.576076
0.576207
0.57669
0.578613
0.579904
0.580317
0.581308
0.581527
0.582332
0.582605
0.585617
0.587641
0.590897
0.595174
0.5957
0.596825
0.598437
0.598818
0.598913
0.600527
0.601364
0.605768
0.605891
0.607669
0.613123
0.614447
0.614638
0.622397
0.623277
0.63103
0.631768
0.632414
0.637141
0.638726
0.640218
0.647821
0.64794
0.649188
0.64945
0.654201
0.655904
0.663441
0.664553
0.66674
0.685368
0.692755
0.692894
0.695874
0.69677
0.699603
0.70182
0.703394
0.708097
0.715897
0.718691
0.722511
0.722608
0.722694
0.724744
0.727043
0.727181
0.729808
0.732918
0.73328
0.737451
0.741121
0.741563
0.742298
0.747221
0.74986
0.751488
0.752747
0.758255
0.759044
0.764024
0.768891
0.773738
0.775227
0.77537
0.779611
0.780748
0.784997
0.790984
0.792857
0.799107
0.801234
0.807413
0.82297
0.823763
0.82963
0.841428
0.852211
0.861434
0.872734
0.892444
0.892504
0.906174
0.907071
0.913247
0.936464
0.976801
1.034191
1.061257
1.102853
1.449045
1.494138
