0.277903
0.291243
0.294947
0.29667
0.296921
0.298437
0.298464
0.29946
0.299521
0.300523
0.300981
0.301277
0.301516
0.303353
0.30345
0.303707
0.304226
0.304341
0.305454
0.305526
0.305904
0.306277
0.306727
0.306991
0.307558
0.307688
0.307869
0.30801
0.3083
0.308657
0.308833
0.30892
0.309206
0.30989
0.309954
0.309976
0.310397
0.310563
0.310684
0.31116
0.311353
0.311444
0.312538
0.31274
0.312823
0.31285
0.312953
0.312955
0.313127
0.313148
0.313863
0.313917
0.314473
0.314544
0.3146
0.31466
0.31469
0.31474
0.314813
0.315126
0.315203
0.315268
0.31529
0.315504
0.315666
0.315736
0.315774
0.316117
0.316164
0.31618
0.316303
0.316464
0.31651
0.31664
0.31672
0.316783
0.316961
0.317041
0.317401
0.317428
0.31772
0.317913
0.317933
0.318054
0.31815
0.318164
0.318257
0.318354
0.31848
0.31917
0.319617
0.319736
0.319786
0.31985
0.319893
0.319921
0.320177
0.320261
0.320277
0.320411
0.320431
0.320477
0.32053
0.320543
0.320656
0.320708
0.321057
0.321314
0.32132
0.321344
0.321454
0.321805
0.321853
0.321883
0.322013
0.322197
0.322457
0.322537
0.322604
0.322797
0.322818
0.322871
0.323527
0.323827
0.324104
0.324134
0.324217
0.324257
0.32428
0.324293
0.324294
0.324426
0.324578
0.324734
0.324974
0.325045
0.32514
0.325264
0.32528
0.325293
0.32533
0.325377
0.32554
0.32559
0.325594
0.3257
0.325734
0.325767
0.325938
0.326027
0.326031
0.326063
0.326123
0.326201
0.326202
0.32629
0.326427
0.32643
0.326467
0.326691
0.326857
0.326887
0.32697
0.327253
0.327305
0.327574
0.327664
0.327843
0.327847
0.327858
0.327895
0.328126
0.328135
0.328204
0.328206
0.328253
0.328277
0.328307
0.328407
0.328433
0.328471
0.328523
0.328851
0.328968
0.32913
0.329167
0.329237
0.32936
0.329497
0.32951
0.329667
0.329683
0.329707
0.329767
0.329784
0.329866
0.329867
0.329867
0.329911
0.329983
0.330083
0.330127
0.330166
0.3302
0.330214
0.33038
0.330447
0.330654
0.330711
0.330756
0.330808
0.330828
0.330854
0.331076
0.331113
0.331117
0.331127
0.33115
0.33118
0.3312
0.33123
0.33126
0.3313
0.331344
0.331397
0.331466
0.33189
0.331896
0.331944
0.331967
0.332374
0.332427
0.33244
0.332497
0.332564
0.3326
0.332631
0.332744
0.33277
0.332854
0.332914
0.332917
0.332941
0.332987
0.333011
0.333014
0.33302
0.333224
0.333367
0.333617
0.333651
0.3337
0.333943
0.334003
0.33407
0.334149
0.334163
0.33419
0.334197
0.334292
0.334297
0.334324
0.334364
0.334397
0.33441
0.334411
0.334447
0.334451
0.334477
0.334624
0.33466
0.334687
0.334693
0.334716
0.33474
0.33477
0.334868
0.334884
0.33495
0.334958
0.334973
0.335024
0.33509
0.33527
0.33528
0.335343
0.335394
0.335401
0.335644
0.33565
0.335671
0.33598
0.336007
0.33609
0.336114
0.336194
0.33625
0.336281
0.336303
0.336325
0.336377
0.336471
0.336524
0.336607
0.336641
0.336667
0.336703
0.336744
0.336831
0.336843
0.336956
0.336973
0.337003
0.337027
0.33705
0.337075
0.337094
0.33713
0.337177
0.337194
0.33723
0.33724
0.337297
0.337307
0.337327
0.337517
0.33757
0.337611
0.337684
0.337724
0.33775
0.337763
0.337817
0.33782
0.33786
0.33787
0.33788
0.337967
0.338011
0.338021
0.338036
0.338044
0.33805
0.338084
0.338084
0.33809
0.3381
0.338107
0.338114
0.338167
0.33819
0.338251
0.338255
0.33827
0.338294
0.338314
0.338347
0.33844
0.338471
0.338544
0.338551
0.338617
0.338637
0.338654
0.338721
0.338733
0.338764
0.338794
0.338798
0.338803
0.338854
0.338867
0.33887
0.338897
0.338956
0.339053
0.339077
0.339096
0.33912
0.339131
0.33918
0.339181
0.33922
0.339238
0.33926
0.339336
0.339348
0.339407
0.339425
0.339457
0.3395
0.339567
0.339567
0.339664
0.339673
0.339697
0.339714
0.339795
0.339811
0.339821
0.33994
0.340127
0.340157
0.340178
0.340234
0.340303
0.34033
0.34039
0.34039
0.340531
0.340544
0.340585
0.340606
0.34063
0.340724
0.340767
0.340803
0.340823
0.34089
0.341021
0.341118
0.341147
0.341217
0.341233
0.341277
0.341287
0.34132
0.341407
0.341417
0.341441
0.34145
0.34154
0.341557
0.341587
0.34165
0.341654
0.341663
0.341687
0.341698
0.34174
0.341751
0.341846
0.341867
0.34189
0.341967
0.342061
0.342114
0.342204
0.34221
0.34221
0.342304
0.342324
0.34238
0.34239
0.342473
0.342484
0.342486
0.342504
0.342507
0.342513
0.342543
0.342557
0.342557
0.342643
0.342653
0.342697
0.342704
0.342754
0.342797
0.342797
0.342831
0.34284
0.342894
0.34291
0.342971
0.34303
0.343047
0.34307
0.343096
0.343138
0.343141
0.343254
0.343317
0.343342
0.343373
0.343373
0.343391
0.343393
0.343488
0.343566
0.343567
0.343567
0.343587
0.343594
0.3436
0.343644
0.343658
0.343687
0.343734
0.343768
0.343787
0.34408
0.344097
0.344101
0.344151
0.344163
0.344398
0.344411
0.344423
0.344491
0.344547
0.344572
0.344583
0.344594
0.344627
0.344707
0.344757
0.344781
0.344788
0.34479
0.344798
0.344894
0.344923
0.344954
0.344957
0.344967
0.344983
0.345017
0.345034
0.34504
0.345131
0.345141
0.34515
0.345163
0.345254
0.345284
0.345303
0.345371
0.34541
0.34544
0.345443
0.345463
0.34549
0.345577
0.345613
0.345646
0.34567
0.345684
0.345684
0.345721
0.345763
0.345806
0.345834
0.345834
0.345844
0.345901
0.345937
0.345991
0.346011
0.346027
0.346064
0.346068
0.346073
0.346097
0.34611
0.346117
0.346177
0.346193
0.34623
0.346334
0.346341
0.3464
0.34641
0.346554
0.346635
0.346694
0.346707
0.346732
0.346765
0.34678
0.346803
0.346854
0.346883
0.34693
0.34694
0.346953
0.347005
0.34703
0.347047
0.347083
0.3471
0.347164
0.347186
0.34724
0.347327
0.347435
0.34745
0.347465
0.347497
0.347503
0.347506
0.347583
0.347623
0.347657
0.347698
0.347703
0.347767
0.347816
0.347816
0.347827
0.347833
0.347926
0.347931
0.347988
0.348
0.34808
0.3481
0.348104
0.348143
0.348184
0.3482
0.34823
0.34824
0.34827
0.348274
0.348277
0.348285
0.348314
0.348324
0.348334
0.348353
0.348353
0.34839
0.348451
0.348464
0.34848
0.348583
0.348584
0.3487
0.348701
0.34874
0.348791
0.348847
0.348854
0.348923
0.348988
0.349044
0.349044
0.349054
0.349057
0.349066
0.349066
0.349071
0.349076
0.349083
0.349087
0.349133
0.349137
0.349183
0.349197
0.349214
0.349227
0.349301
0.349387
0.349537
0.349578
0.3496
0.349637
0.349651
0.349676
0.349684
0.349688
0.349711
0.349737
0.349741
0.349764
0.34992
0.349934
0.349961
0.349966
0.34998
0.34999
0.349994
0.350025
0.35005
0.350083
0.350123
0.350186
0.350271
0.350281
0.350291
0.350335
0.350481
0.350518
0.35058
0.350613
0.350651
0.350657
0.350731
0.350786
0.350831
0.350834
0.350857
0.350887
0.350897
0.35094
0.350964
0.350964
0.350964
0.350967
0.35098
0.351013
0.351027
0.351034
0.35107
0.351103
0.351117
0.351121
0.351147
0.351163
0.35119
0.351203
0.351244
0.351244
0.3513
0.35133
0.351331
0.351333
0.351407
0.351534
0.351554
0.351557
0.351577
0.351586
0.351637
0.35164
0.351654
0.3517
0.351744
0.351816
0.35184
0.351844
0.35186
0.351861
0.351866
0.351911
0.351941
0.35206
0.352065
0.352074
0.352077
0.352097
0.352123
0.352157
0.352163
0.352177
0.352187
0.352226
0.352241
0.35228
0.352326
0.352363
0.352363
0.352364
0.352383
0.352393
0.3524
0.352433
0.352453
0.352465
0.352478
0.352498
0.352508
0.352517
0.352521
0.352535
0.352537
0.35254
0.35258
0.352637
0.352637
0.35265
0.352653
0.35268
0.352683
0.352697
0.3527
0.352707
0.352744
0.352816
0.352837
0.352927
0.352931
0.35295
0.352997
0.353
0.353023
0.353054
0.35307
0.35309
0.353143
0.353163
0.353261
0.353274
0.353291
0.353293
0.35332
0.353391
0.353404
0.353424
0.353482
0.353487
0.353534
0.353553
0.353554
0.35356
0.353577
0.353608
0.35361
0.353623
0.35366
0.353664
0.353667
0.353684
0.35371
0.353786
0.35385
0.35387
0.353877
0.353917
0.35392
0.353966
0.353968
0.353994
0.353998
0.354
0.354011
0.354013
0.354027
0.354056
0.354077
0.35408
0.354087
0.354106
0.35413
0.35416
0.354161
0.354163
0.354177
0.354177
0.354203
0.354233
0.354243
0.354248
0.354287
0.354343
0.354403
0.354407
0.354413
0.354474
0.354547
0.354588
0.35461
0.354657
0.35466
0.354666
0.354673
0.354688
0.354694
0.354708
0.354733
0.35474
0.354767
0.354777
0.35478
0.35478
0.354787
0.35479
0.354797
0.354798
0.354803
0.354831
0.354851
0.354891
0.354917
0.35497
0.35497
0.355004
0.35501
0.35505
0.355054
0.35508
0.355127
0.355144
0.355144
0.355157
0.35517
0.35518
0.35518
0.355214
0.35524
0.355241
0.355263
0.355305
0.355324
0.355327
0.355347
0.355384
0.355433
0.35547
0.355473
0.355491
0.355504
0.355507
0.35551
0.355517
0.355523
0.355533
0.355591
0.355593
0.355616
0.355623
0.355638
0.35564
0.355647
0.355667
0.35568
0.355691
0.355708
0.355708
0.355717
0.355727
0.355743
0.355747
0.355757
0.35577
0.355774
0.355787
0.35579
0.355795
0.355831
0.35584
0.355908
0.355913
0.355927
0.355946
0.35595
0.355954
0.355974
0.355974
0.356043
0.35605
0.356083
0.356115
0.356117
0.35612
0.35612
0.356123
0.356151
0.356153
0.356158
0.356171
0.356197
0.35622
0.35622
0.356297
0.3563
0.356348
0.356354
0.356366
0.356367
0.356377
0.356387
0.356394
0.3564
0.3564
0.356421
0.356423
0.356423
0.356468
0.356477
0.35648
0.356504
0.356531
0.356545
0.356547
0.356586
0.356593
0.356604
0.356611
0.356644
0.356673
0.356684
0.356703
0.356721
0.356739
0.356741
0.35675
0.356837
0.356844
0.356873
0.356883
0.35689
0.356903
0.356989
0.357023
0.357034
0.357034
0.357043
0.357046
0.357057
0.357061
0.357094
0.357107
0.35711
0.357115
0.35714
0.357154
0.357164
0.357177
0.35718
0.357204
0.357208
0.357247
0.357253
0.35727
0.35729
0.357296
0.357301
0.357311
0.357323
0.357337
0.35734
0.357347
0.357347
0.35736
0.35737
0.35739
0.357414
0.357421
0.357423
0.35743
0.357431
0.357437
0.357437
0.357457
0.357461
0.35748
0.357491
0.3575
0.35752
0.35752
0.35753
0.357541
0.357581
0.357584
0.357587
0.35762
0.357621
0.357651
0.357651
0.357664
0.357687
0.357694
0.357701
0.357707
0.35775
0.357781
0.357784
0.357787
0.357793
0.357803
0.357804
0.357811
0.35782
0.357857
0.357867
0.357884
0.35793
0.357933
0.357934
0.357936
0.358
0.35802
0.358068
0.358077
0.358114
0.358161
0.358163
0.358197
0.358211
0.358217
0.358223
0.358234
0.358237
0.358241
0.358263
0.358266
0.358277
0.358281
0.358314
0.358317
0.35832
0.358323
0.358384
0.358385
0.358393
0.35841
0.358423
0.358437
0.358463
0.358467
0.358481
0.35849
0.3585
0.358506
0.358514
0.358524
0.358541
0.358548
0.358568
0.358583
0.358617
0.358617
0.358621
0.358624
0.358677
0.358687
0.358727
0.35875
0.358754
0.358758
0.358766
0.358767
0.358783
0.3588
0.358807
0.358817
0.358824
0.358837
0.358837
0.358847
0.358851
0.35886
0.358863
0.358897
0.358921
0.358951
0.358963
0.359004
0.359021
0.359041
0.359067
0.35913
0.359131
0.359137
0.359138
0.359143
0.359144
0.359145
0.359158
0.359187
0.359187
0.359201
0.359203
0.35922
0.359221
0.35925
0.35925
0.359267
0.359268
0.35927
0.3593
0.359317
0.359383
0.359393
0.359404
0.359417
0.359423
0.35943
0.35944
0.359457
0.35947
0.359483
0.35952
0.359544
0.359574
0.359586
0.359594
0.359625
0.359707
0.359727
0.359731
0.359741
0.359761
0.359837
0.35985
0.359854
0.359867
0.359886
0.35991
0.359911
0.359917
0.359923
0.359943
0.359951
0.359954
0.359958
0.359969
0.359973
0.35999
0.360022
0.360027
0.360028
0.36003
0.36004
0.36004
0.360073
0.360086
0.360087
0.360103
0.360103
0.360106
0.360116
0.36012
0.36014
0.36014
0.360163
0.3602
0.36026
0.360273
0.360327
0.36033
0.360333
0.360366
0.360376
0.360377
0.360384
0.3604
0.360413
0.360457
0.360496
0.360507
0.360511
0.360524
0.360527
0.360533
0.360561
0.360568
0.36058
0.360587
0.3606
0.360607
0.360618
0.360647
0.360653
0.360667
0.360671
0.360671
0.360671
0.360683
0.36069
0.360707
0.360737
0.360754
0.360764
0.360773
0.360774
0.360777
0.360783
0.360794
0.360803
0.360807
0.360834
0.360834
0.360847
0.360854
0.360856
0.36087
0.360877
0.360877
0.360901
0.360903
0.360924
0.360934
0.36094
0.360941
0.360975
0.360977
0.36099
0.360994
0.361
0.361011
0.361047
0.361054
0.36107
0.361164
0.36117
0.361176
0.36118
0.361188
0.361191
0.361203
0.36122
0.361225
0.361227
0.361234
0.36124
0.36125
0.361261
0.361267
0.361277
0.361287
0.361287
0.3613
0.36131
0.361314
0.361321
0.361337
0.361354
0.36136
0.361367
0.36137
0.361371
0.361384
0.361404
0.361428
0.361468
0.361478
0.361483
0.361503
0.361528
0.361533
0.36154
0.361564
0.361577
0.361578
0.36158
0.36162
0.361627
0.361633
0.361637
0.361644
0.36166
0.36167
0.361677
0.361677
0.361703
0.361704
0.361731
0.361755
0.36176
0.361783
0.361784
0.361794
0.361798
0.361823
0.361833
0.361837
0.36184
0.361857
0.361863
0.36187
0.361873
0.361878
0.361888
0.361917
0.36193
0.36194
0.361955
0.361957
0.36198
0.36199
0.362004
0.362031
0.362037
0.36204
0.362054
0.362065
0.362073
0.362087
0.362114
0.362121
0.36213
0.362134
0.362147
0.36215
0.362165
0.362167
0.3622
0.362201
0.362237
0.36224
0.362241
0.362243
0.36226
0.362263
0.362265
0.36227
0.362274
0.362274
0.362327
0.36234
0.362353
0.362381
0.362388
0.36239
0.362393
0.3624
0.36246
0.36246
0.362466
0.362468
0.362481
0.362497
0.362504
0.36252
0.36252
0.362522
0.362531
0.36258
0.362583
0.362617
0.362618
0.36262
0.362631
0.362637
0.362667
0.36267
0.36267
0.362671
0.362695
0.362724
0.362726
0.362728
0.362734
0.362741
0.362748
0.362756
0.362758
0.362773
0.362777
0.362807
0.362808
0.362826
0.362827
0.362831
0.362851
0.362856
0.362858
0.362894
0.362903
0.362925
0.362928
0.36293
0.36294
0.362947
0.362954
0.362957
0.362963
0.362967
0.362974
0.363
0.36302
0.36302
0.363023
0.363033
0.363047
0.363058
0.36306
0.363063
0.363084
0.363084
0.3631
0.363107
0.363123
0.363151
0.363168
0.3632
0.363204
0.36321
0.363217
0.36322
0.36323
0.363248
0.363254
0.363273
0.363284
0.363347
0.363353
0.363356
0.363367
0.363398
0.363407
0.363435
0.363493
0.363517
0.363547
0.36355
0.363558
0.36358
0.363584
0.363587
0.363599
0.363617
0.363638
0.363654
0.363654
0.363696
0.363714
0.36372
0.363727
0.363761
0.363799
0.363817
0.363857
0.363883
0.363897
0.3639
0.363904
0.363911
0.363913
0.363917
0.363964
0.36397
0.36397
0.363976
0.363996
0.364023
0.364071
0.364073
0.364076
0.364077
0.36408
0.364088
0.36411
0.36413
0.364133
0.364134
0.36414
0.364153
0.36416
0.364174
0.364187
0.364194
0.364197
0.364226
0.364237
0.364244
0.36425
0.364287
0.364306
0.364357
0.364364
0.364373
0.364386
0.364387
0.364393
0.364393
0.364401
0.364404
0.364417
0.364417
0.36442
0.364427
0.364445
0.364448
0.364473
0.364483
0.364496
0.3645
0.364501
0.364507
0.36451
0.364524
0.364543
0.364563
0.36459
0.364598
0.36463
0.364641
0.364641
0.364664
0.36468
0.364681
0.364686
0.364691
0.3647
0.364704
0.364706
0.36471
0.36473
0.36474
0.364747
0.364787
0.364813
0.36483
0.364847
0.364864
0.364874
0.364887
0.364937
0.364938
0.364941
0.364976
0.36501
0.365017
0.365037
0.365047
0.365065
0.365078
0.365114
0.36512
0.36513
0.36513
0.36514
0.365157
0.36519
0.365191
0.365194
0.365196
0.365217
0.365227
0.365231
0.36524
0.365294
0.365321
0.36533
0.365347
0.36535
0.36535
0.365353
0.365358
0.365361
0.365363
0.365365
0.365368
0.365371
0.365377
0.365383
0.365407
0.365466
0.365475
0.365491
0.365504
0.365524
0.365534
0.365537
0.365553
0.36558
0.365584
0.36559
0.3656
0.365605
0.36563
0.36564
0.365657
0.36569
0.36571
0.365731
0.365735
0.365744
0.365767
0.365777
0.365777
0.365778
0.36578
0.365833
0.36587
0.365916
0.365943
0.365947
0.365951
0.365954
0.365957
0.365967
0.36598
0.365983
0.366017
0.36602
0.366021
0.366041
0.366047
0.366054
0.366061
0.366068
0.366073
0.366087
0.36609
0.366116
0.366134
0.366207
0.366214
0.36623
0.366244
0.366244
0.366252
0.366257
0.366267
0.36627
0.366271
0.366278
0.366293
0.366296
0.366304
0.36633
0.366343
0.366344
0.366354
0.366357
0.366377
0.366384
0.366389
0.366411
0.366441
0.36647
0.366491
0.366494
0.366527
0.366553
0.366553
0.36659
0.366603
0.366604
0.366608
0.366627
0.366678
0.366684
0.36669
0.366693
0.3667
0.366704
0.366717
0.36673
0.366737
0.366738
0.366774
0.366795
0.36681
0.366837
0.366847
0.366857
0.366859
0.36686
0.366884
0.366891
0.366903
0.366904
0.36692
0.36692
0.366923
0.366967
0.366987
0.367058
0.367074
0.367075
0.367086
0.367114
0.36712
0.367126
0.367134
0.36714
0.367158
0.367201
0.367205
0.367215
0.367218
0.367223
0.367231
0.367246
0.367273
0.367277
0.36728
0.367287
0.367314
0.367321
0.36733
0.367346
0.367353
0.367354
0.367356
0.36737
0.367384
0.367387
0.367403
0.367427
0.367443
0.367461
0.367487
0.367488
0.367494
0.3675
0.36755
0.367551
0.367553
0.36757
0.367573
0.36758
0.367604
0.367637
0.36764
0.367653
0.367656
0.367681
0.367688
0.367691
0.367747
0.367747
0.36776
0.367786
0.367787
0.3678
0.367806
0.367813
0.367817
0.367834
0.367834
0.367834
0.367837
0.367847
0.367857
0.367857
0.367904
0.367907
0.367927
0.367934
0.367934
0.367957
0.367971
0.367977
0.367983
0.36802
0.368055
0.368056
0.368057
0.368075
0.36809
0.368096
0.368104
0.368104
0.368114
0.368116
0.368117
0.368137
0.368154
0.36819
0.368197
0.368203
0.368211
0.368227
0.368247
0.368277
0.368284
0.368294
0.368297
0.368367
0.368377
0.368387
0.3684
0.368403
0.368408
0.36841
0.368433
0.368434
0.368444
0.36845
0.36846
0.36846
0.36847
0.368474
0.368477
0.368481
0.368513
0.368548
0.368577
0.368657
0.368686
0.368704
0.368714
0.368718
0.368733
0.368734
0.368734
0.368737
0.36876
0.368764
0.368774
0.368787
0.368804
0.368824
0.368837
0.368877
0.368877
0.36889
0.368933
0.36894
0.36895
0.368984
0.369028
0.369049
0.369053
0.369067
0.369074
0.36911
0.36911
0.369143
0.369147
0.369157
0.36916
0.36917
0.369183
0.369194
0.369201
0.369217
0.369223
0.369251
0.369254
0.369256
0.369291
0.369293
0.369294
0.369301
0.369313
0.369313
0.369314
0.369322
0.369327
0.369328
0.369343
0.369354
0.369358
0.369358
0.36936
0.369364
0.36937
0.3694
0.369403
0.369421
0.369467
0.369468
0.369468
0.369471
0.369475
0.3695
0.369506
0.369524
0.369527
0.369581
0.369583
0.369587
0.369627
0.369667
0.369667
0.369681
0.369694
0.3697
0.369704
0.369713
0.369761
0.369764
0.369767
0.36978
0.36978
0.3698
0.369806
0.369811
0.369834
0.369854
0.369876
0.369883
0.369884
0.36989
0.369897
0.369917
0.369934
0.369941
0.369956
0.369957
0.369991
0.369994
0.370013
0.370037
0.370067
0.370071
0.370077
0.370087
0.370093
0.37011
0.370116
0.370141
0.370153
0.370164
0.37017
0.37017
0.370176
0.37018
0.370187
0.370215
0.370223
0.370227
0.370231
0.370236
0.37025
0.370263
0.37027
0.370287
0.370288
0.370304
0.37031
0.370313
0.370314
0.370317
0.370363
0.37037
0.370371
0.370404
0.370428
0.37043
0.370437
0.370447
0.37046
0.370477
0.37049
0.370567
0.37057
0.370571
0.37058
0.370581
0.370581
0.370601
0.370608
0.370615
0.370618
0.37066
0.370684
0.370694
0.37071
0.370716
0.370737
0.3708
0.370801
0.370834
0.370835
0.370847
0.370867
0.370867
0.370894
0.370894
0.370904
0.370906
0.370916
0.370957
0.37098
0.37102
0.371027
0.371031
0.371044
0.371046
0.371057
0.371061
0.371074
0.37113
0.371137
0.371141
0.371151
0.371167
0.37117
0.371171
0.371176
0.371176
0.371178
0.371205
0.37122
0.371221
0.371234
0.371247
0.37125
0.371277
0.371296
0.371297
0.371331
0.371334
0.371346
0.371348
0.371357
0.371391
0.371401
0.371413
0.371423
0.37143
0.371434
0.371435
0.371435
0.371437
0.371457
0.37146
0.37148
0.371497
0.371521
0.371523
0.37153
0.371531
0.371534
0.371553
0.371561
0.371569
0.371571
0.371584
0.371588
0.371594
0.371613
0.371617
0.371627
0.371627
0.371628
0.371633
0.371633
0.371654
0.371681
0.371704
0.371709
0.371714
0.371714
0.371721
0.371731
0.371764
0.371767
0.371771
0.371781
0.371784
0.3718
0.371807
0.371807
0.371811
0.371828
0.37183
0.37183
0.37184
0.371848
0.371884
0.371904
0.371907
0.371917
0.371921
0.371923
0.371934
0.37195
0.371954
0.371964
0.371967
0.371968
0.371984
0.371993
0.372008
0.372023
0.372028
0.372037
0.37208
0.372094
0.372097
0.372098
0.372124
0.372127
0.372134
0.37214
0.372144
0.372153
0.37217
0.372174
0.372181
0.372186
0.372188
0.372253
0.372267
0.372284
0.372293
0.372297
0.37231
0.37231
0.37232
0.372324
0.372324
0.372354
0.372361
0.372404
0.372414
0.372417
0.372426
0.372437
0.372444
0.372447
0.372454
0.372456
0.372481
0.372485
0.372486
0.372496
0.372511
0.372521
0.372533
0.372534
0.372537
0.372544
0.37258
0.372604
0.372617
0.372617
0.37262
0.37262
0.37263
0.372647
0.372654
0.372665
0.37267
0.37269
0.37269
0.372734
0.372737
0.372748
0.372763
0.372776
0.372777
0.372824
0.372834
0.372844
0.372851
0.372851
0.372864
0.372884
0.372903
0.372911
0.372928
0.372933
0.372937
0.372937
0.372937
0.372945
0.372957
0.37298
0.372983
0.37299
0.373013
0.373026
0.373044
0.373053
0.373055
0.373064
0.373077
0.37308
0.373083
0.37309
0.373104
0.37312
0.373124
0.373147
0.373157
0.373167
0.373176
0.37322
0.37323
0.373231
0.373254
0.373254
0.373267
0.373267
0.373268
0.37331
0.373313
0.373317
0.373334
0.373339
0.373341
0.373357
0.373364
0.373375
0.373411
0.373437
0.373447
0.373447
0.373453
0.373473
0.37349
0.373497
0.373504
0.373513
0.373517
0.373521
0.373531
0.37354
0.373541
0.373547
0.37355
0.373551
0.373577
0.37358
0.37359
0.373606
0.373607
0.373607
0.37363
0.373644
0.373661
0.373661
0.37369
0.373696
0.373714
0.373724
0.37373
0.373747
0.37375
0.373751
0.373753
0.373757
0.37376
0.373763
0.373777
0.373783
0.373793
0.373797
0.37382
0.373847
0.373867
0.373867
0.37387
0.373873
0.373877
0.373891
0.373894
0.373911
0.373916
0.373925
0.37393
0.373934
0.373938
0.37396
0.373963
0.373971
0.373977
0.373983
0.374
0.374007
0.374023
0.374054
0.374067
0.374068
0.374097
0.374097
0.374114
0.374131
0.374132
0.374147
0.374156
0.374167
0.374177
0.374182
0.374186
0.374193
0.374197
0.37421
0.37421
0.374214
0.374216
0.374264
0.37427
0.37427
0.374284
0.374284
0.374287
0.374303
0.374313
0.374316
0.374317
0.374327
0.37436
0.374371
0.374394
0.37441
0.37441
0.374421
0.374433
0.374448
0.374448
0.374467
0.37447
0.37449
0.3745
0.374504
0.374517
0.37457
0.374587
0.37459
0.374624
0.374627
0.37463
0.37463
0.374637
0.374637
0.374641
0.374647
0.374647
0.37465
0.374654
0.374684
0.374686
0.374695
0.37471
0.374736
0.374737
0.374747
0.374751
0.374757
0.374761
0.374791
0.374794
0.3748
0.374817
0.374824
0.374824
0.374833
0.374835
0.374836
0.374845
0.374848
0.374854
0.374858
0.374861
0.374867
0.374918
0.37493
0.374934
0.374946
0.374947
0.374948
0.374964
0.37497
0.374984
0.374997
0.375008
0.37502
0.375026
0.375034
0.375047
0.375063
0.375066
0.375074
0.375081
0.375081
0.375094
0.375097
0.37511
0.375114
0.375116
0.375126
0.37513
0.375134
0.375138
0.375147
0.375157
0.375158
0.375176
0.37519
0.37519
0.375197
0.375215
0.375216
0.37526
0.375264
0.37527
0.375283
0.3753
0.3753
0.375317
0.37532
0.375321
0.375323
0.375333
0.375353
0.375354
0.375357
0.37536
0.375366
0.375367
0.37539
0.375391
0.375394
0.375407
0.375423
0.375423
0.375453
0.375463
0.375521
0.375536
0.375543
0.375544
0.375561
0.3756
0.3756
0.375604
0.375604
0.375613
0.375614
0.375627
0.375631
0.375641
0.375641
0.375643
0.37566
0.37566
0.375673
0.375673
0.375677
0.375691
0.375691
0.375697
0.3757
0.375703
0.37571
0.375727
0.375741
0.37575
0.375753
0.375759
0.375763
0.375771
0.375797
0.375803
0.375807
0.37581
0.37581
0.37582
0.375823
0.37584
0.37584
0.375844
0.375845
0.375847
0.375855
0.375859
0.375875
0.375884
0.375898
0.375917
0.37593
0.375936
0.37594
0.375947
0.375957
0.37596
0.37596
0.375967
0.375977
0.37599
0.375997
0.376013
0.376014
0.376023
0.376034
0.376057
0.376058
0.376059
0.376064
0.376064
0.376083
0.376093
0.376106
0.376107
0.37611
0.376118
0.376123
0.376127
0.376138
0.376141
0.376147
0.37615
0.376186
0.376193
0.376213
0.376214
0.376217
0.376225
0.37624
0.37626
0.376264
0.376267
0.376276
0.376281
0.376303
0.376303
0.376324
0.376333
0.376341
0.376351
0.376353
0.37636
0.376362
0.376377
0.376388
0.37641
0.376411
0.376417
0.37642
0.376443
0.376461
0.376467
0.376468
0.376473
0.376484
0.3765
0.376504
0.376527
0.376557
0.376567
0.37657
0.376577
0.376586
0.376587
0.37659
0.376601
0.376621
0.376633
0.376636
0.376654
0.376661
0.376684
0.376697
0.376704
0.376715
0.37672
0.37672
0.376764
0.37677
0.376776
0.376777
0.376798
0.376804
0.37683
0.376836
0.376838
0.37685
0.376857
0.376887
0.376901
0.37691
0.376917
0.37692
0.376933
0.376953
0.376962
0.37697
0.376971
0.376973
0.377036
0.377068
0.377091
0.377094
0.377096
0.377107
0.37711
0.37711
0.37713
0.377134
0.377144
0.377157
0.377167
0.377211
0.37725
0.377254
0.377266
0.377267
0.377274
0.377284
0.377294
0.377294
0.3773
0.377304
0.37734
0.377344
0.37736
0.37736
0.377374
0.377377
0.37739
0.377391
0.377391
0.377397
0.377403
0.37741
0.37741
0.377421
0.37743
0.377454
0.37746
0.37749
0.377494
0.377497
0.377501
0.377501
0.37753
0.377567
0.377567
0.377573
0.377577
0.377593
0.37761
0.377617
0.377621
0.377627
0.377627
0.377627
0.377651
0.377661
0.377667
0.377667
0.377668
0.377674
0.377734
0.377743
0.377751
0.377768
0.377774
0.377794
0.3778
0.377831
0.377832
0.377887
0.377907
0.377918
0.377934
0.377938
0.377964
0.377971
0.377987
0.377993
0.377996
0.378011
0.378024
0.378034
0.378047
0.37805
0.378053
0.37806
0.378096
0.378111
0.378127
0.37813
0.378151
0.378163
0.378164
0.37819
0.378201
0.378204
0.378213
0.378214
0.378217
0.378233
0.37824
0.378243
0.378243
0.378251
0.378253
0.378253
0.37827
0.378301
0.378304
0.37831
0.378316
0.378323
0.378327
0.378337
0.378343
0.37835
0.37836
0.378378
0.378384
0.378391
0.378392
0.378401
0.37841
0.378411
0.378415
0.378417
0.378437
0.37844
0.378451
0.378454
0.378468
0.37847
0.378484
0.378494
0.378501
0.378517
0.37852
0.378537
0.378541
0.37856
0.378566
0.378568
0.378573
0.378574
0.378586
0.378593
0.378603
0.37861
0.378623
0.378637
0.37866
0.378666
0.378667
0.37867
0.378673
0.378673
0.378694
0.378721
0.378724
0.37873
0.378747
0.378767
0.378768
0.378777
0.3788
0.378831
0.37884
0.378873
0.378891
0.378903
0.378903
0.378903
0.378905
0.37892
0.378921
0.378924
0.378942
0.378944
0.378953
0.378963
0.379003
0.379023
0.379037
0.37904
0.37905
0.37907
0.379073
0.379081
0.379091
0.379104
0.379106
0.379107
0.379108
0.379108
0.37912
0.379143
0.379164
0.379174
0.379177
0.379183
0.379188
0.379197
0.379211
0.379248
0.379267
0.379267
0.379277
0.379288
0.379297
0.37931
0.379311
0.37932
0.379323
0.37936
0.379388
0.379408
0.379416
0.379437
0.379454
0.379455
0.379461
0.379487
0.379494
0.379513
0.379554
0.379557
0.379568
0.379568
0.379574
0.379581
0.379591
0.379593
0.379597
0.379611
0.379617
0.379637
0.379658
0.379677
0.37972
0.379727
0.379727
0.379747
0.379758
0.379761
0.379778
0.3798
0.37982
0.379839
0.37984
0.37987
0.37987
0.37987
0.379884
0.379885
0.379891
0.379893
0.379903
0.379927
0.379931
0.379937
0.379941
0.379974
0.380035
0.38004
0.380067
0.38007
0.380073
0.380081
0.380084
0.3801
0.380106
0.380107
0.38011
0.380148
0.380148
0.380165
0.380171
0.380171
0.380174
0.38018
0.380258
0.380271
0.380274
0.38028
0.3803
0.380313
0.38032
0.380341
0.380348
0.380353
0.380356
0.380363
0.380377
0.380387
0.380398
0.38041
0.38041
0.380413
0.380417
0.380421
0.380434
0.380435
0.38044
0.380447
0.380447
0.380449
0.380477
0.380478
0.380487
0.38049
0.380503
0.38051
0.380514
0.38052
0.380524
0.380537
0.38056
0.38056
0.380564
0.380578
0.380583
0.380585
0.380587
0.38059
0.3806
0.380604
0.380611
0.380613
0.380617
0.380621
0.380635
0.38065
0.380651
0.380657
0.380671
0.380675
0.380686
0.38069
0.380694
0.380707
0.38071
0.380717
0.380741
0.380757
0.380761
0.380764
0.380773
0.380786
0.380828
0.38084
0.38086
0.380877
0.38088
0.38088
0.38089
0.380894
0.380897
0.380901
0.380903
0.380904
0.380905
0.380914
0.380917
0.38092
0.380921
0.380927
0.380931
0.380944
0.380984
0.380984
0.380996
0.381
0.381008
0.38101
0.38103
0.381078
0.381094
0.381097
0.3811
0.381104
0.381147
0.381147
0.381165
0.381177
0.381177
0.381221
0.381223
0.381224
0.381248
0.381264
0.381276
0.381277
0.381285
0.381298
0.38131
0.38132
0.381327
0.381338
0.38134
0.381347
0.381367
0.381367
0.38137
0.381376
0.381381
0.381393
0.381394
0.381407
0.381413
0.381414
0.381414
0.381433
0.381433
0.381454
0.381454
0.381463
0.381464
0.381466
0.381481
0.381487
0.381501
0.381503
0.381503
0.38152
0.381527
0.381531
0.381536
0.381567
0.381574
0.381576
0.381607
0.38162
0.381624
0.381644
0.381647
0.381648
0.381657
0.38166
0.38167
0.381681
0.381688
0.381707
0.381711
0.38172
0.381723
0.381727
0.381781
0.381797
0.381801
0.381803
0.381807
0.38183
0.381833
0.381837
0.381844
0.38186
0.381864
0.381878
0.381887
0.381887
0.381887
0.381897
0.381908
0.38191
0.38192
0.381951
0.381954
0.38196
0.381974
0.38198
0.382003
0.382004
0.382015
0.38203
0.382044
0.382065
0.382067
0.382074
0.382088
0.382091
0.382124
0.382127
0.382147
0.38218
0.382181
0.382186
0.382204
0.382204
0.382208
0.382216
0.382227
0.382258
0.382263
0.382294
0.382303
0.382305
0.382307
0.382324
0.382327
0.382333
0.382334
0.382336
0.382344
0.382371
0.382387
0.382391
0.382407
0.38241
0.382417
0.382437
0.382447
0.382457
0.382458
0.382487
0.38249
0.38249
0.382491
0.382496
0.38252
0.382526
0.382528
0.382538
0.382546
0.382557
0.382561
0.382569
0.382571
0.382573
0.382574
0.382577
0.3826
0.3826
0.382604
0.382613
0.382617
0.38262
0.382633
0.382643
0.382651
0.382654
0.382663
0.382665
0.382671
0.382697
0.382697
0.382697
0.382701
0.382701
0.382708
0.382711
0.382733
0.382757
0.38276
0.38277
0.38277
0.38278
0.382793
0.382797
0.382801
0.382814
0.382821
0.382837
0.382843
0.382853
0.38286
0.382874
0.382877
0.382877
0.382878
0.382891
0.382917
0.382921
0.382923
0.382924
0.382924
0.382936
0.38296
0.382966
0.382984
0.382988
0.383
0.383
0.383001
0.383011
0.383024
0.383026
0.383033
0.383085
0.383101
0.383113
0.383117
0.383124
0.383124
0.38313
0.383133
0.383157
0.383173
0.383188
0.38319
0.38319
0.383207
0.383213
0.38322
0.383264
0.383265
0.383281
0.383284
0.383286
0.383287
0.383287
0.383297
0.383303
0.383303
0.383305
0.383311
0.383316
0.383317
0.383334
0.383337
0.383344
0.383347
0.383351
0.38337
0.38339
0.3834
0.383426
0.383434
0.383444
0.383453
0.383465
0.383467
0.383493
0.383503
0.383503
0.383527
0.38353
0.383537
0.38355
0.38358
0.383584
0.383593
0.383614
0.38367
0.383673
0.383676
0.383677
0.383683
0.3837
0.3837
0.383703
0.383721
0.383727
0.383737
0.38374
0.383756
0.38376
0.38377
0.383778
0.38378
0.383784
0.383787
0.383787
0.383807
0.383837
0.383837
0.383854
0.38386
0.383864
0.383868
0.383883
0.383884
0.383894
0.3839
0.38391
0.383912
0.383924
0.383927
0.383933
0.38395
0.38396
0.383967
0.383997
0.384
0.384001
0.384001
0.38401
0.38402
0.384033
0.384053
0.38406
0.38407
0.384071
0.384083
0.38409
0.384097
0.3841
0.384104
0.384111
0.384116
0.384117
0.384118
0.384131
0.384144
0.384156
0.384157
0.384164
0.384166
0.38418
0.384187
0.384193
0.38421
0.384234
0.384234
0.38424
0.384243
0.384257
0.384258
0.384264
0.38427
0.384277
0.38428
0.38428
0.384304
0.38431
0.384315
0.38432
0.384326
0.384331
0.384339
0.384351
0.384353
0.384354
0.38436
0.384397
0.38442
0.384421
0.384422
0.38443
0.38444
0.38445
0.384472
0.384483
0.384487
0.3845
0.384504
0.384514
0.38452
0.384546
0.38455
0.384567
0.384577
0.384591
0.384598
0.384604
0.384608
0.38461
0.384613
0.384628
0.384687
0.384703
0.384715
0.384727
0.38473
0.384743
0.384743
0.38475
0.384759
0.384764
0.384781
0.384786
0.384787
0.384818
0.384823
0.38485
0.384857
0.38486
0.384882
0.384889
0.384907
0.384913
0.384948
0.384965
0.384967
0.385001
0.385017
0.38502
0.385023
0.38503
0.385031
0.385057
0.385077
0.385081
0.385107
0.385137
0.385153
0.385154
0.385164
0.385166
0.385167
0.385187
0.385191
0.385193
0.385194
0.385197
0.38521
0.385221
0.385238
0.385244
0.385261
0.385263
0.385263
0.385274
0.385277
0.38528
0.385284
0.38531
0.38535
0.385368
0.38538
0.385384
0.385395
0.385404
0.385407
0.38541
0.385417
0.385417
0.385423
0.385437
0.385437
0.385441
0.385447
0.385465
0.385473
0.385484
0.385511
0.385513
0.385524
0.385544
0.385547
0.38555
0.385584
0.385603
0.38561
0.385613
0.385624
0.385627
0.385634
0.38565
0.385657
0.385657
0.385666
0.385673
0.385678
0.385684
0.38569
0.385694
0.385705
0.385713
0.385723
0.385756
0.385761
0.385773
0.38578
0.385823
0.385827
0.385838
0.38584
0.385841
0.385844
0.385847
0.385853
0.385857
0.385864
0.38587
0.38587
0.38588
0.385891
0.385891
0.385901
0.385913
0.385917
0.385924
0.385927
0.385927
0.385928
0.385945
0.385953
0.385961
0.385973
0.385978
0.385993
0.386003
0.386006
0.386017
0.38602
0.38604
0.386044
0.3861
0.386103
0.38611
0.38611
0.386111
0.386121
0.386124
0.386131
0.38614
0.386143
0.386151
0.386153
0.386153
0.386153
0.386154
0.386167
0.386198
0.386198
0.386204
0.386216
0.386217
0.386217
0.386224
0.386227
0.386235
0.386247
0.386247
0.386261
0.38627
0.386274
0.38628
0.386294
0.386307
0.386307
0.386311
0.386317
0.386344
0.386355
0.386357
0.38637
0.386374
0.386377
0.38639
0.3864
0.3864
0.386403
0.386404
0.386407
0.38641
0.386419
0.386421
0.386437
0.386447
0.38645
0.38645
0.38648
0.38648
0.38648
0.3865
0.386507
0.38651
0.386511
0.386518
0.38653
0.386537
0.386537
0.386554
0.386564
0.38657
0.386593
0.386641
0.386644
0.386659
0.386663
0.38667
0.386674
0.386684
0.386704
0.386706
0.386713
0.38672
0.386744
0.386751
0.386753
0.386761
0.386762
0.386766
0.386771
0.386777
0.38678
0.386785
0.386787
0.386807
0.38681
0.386813
0.386834
0.386844
0.386851
0.386856
0.38687
0.386876
0.386891
0.386896
0.386904
0.38691
0.386913
0.386914
0.38692
0.386924
0.386924
0.386933
0.386954
0.386958
0.386963
0.386981
0.386987
0.386998
0.387001
0.38702
0.387024
0.387044
0.387051
0.387054
0.387057
0.387064
0.387064
0.387084
0.387103
0.387117
0.38713
0.387147
0.387153
0.387157
0.38716
0.387161
0.387167
0.387173
0.38719
0.387201
0.387208
0.387227
0.387241
0.387261
0.387273
0.387276
0.387281
0.387284
0.387294
0.387311
0.387317
0.387333
0.38734
0.387342
0.387347
0.38736
0.387361
0.387366
0.387367
0.387378
0.387383
0.387393
0.387393
0.387404
0.387407
0.387413
0.387415
0.387427
0.38743
0.38745
0.38745
0.387453
0.387454
0.387457
0.387467
0.387476
0.38748
0.387487
0.387497
0.387504
0.387517
0.387521
0.387527
0.387547
0.387564
0.387631
0.38764
0.387657
0.38773
0.387741
0.38775
0.38778
0.38781
0.38782
0.387827
0.387833
0.387834
0.387837
0.387847
0.387853
0.387874
0.387891
0.387894
0.38792
0.387921
0.387923
0.387937
0.387947
0.387954
0.38797
0.387973
0.388001
0.388014
0.38803
0.388031
0.38804
0.38806
0.388067
0.388084
0.388093
0.388108
0.388114
0.388117
0.388136
0.388138
0.388155
0.388157
0.38816
0.388185
0.388193
0.388197
0.38821
0.38822
0.388224
0.388231
0.388243
0.388247
0.388247
0.388258
0.388284
0.388303
0.388317
0.388326
0.388327
0.388327
0.388334
0.388344
0.388358
0.388363
0.388365
0.388373
0.388375
0.38839
0.388393
0.388394
0.3884
0.388408
0.388413
0.388421
0.388423
0.388433
0.388477
0.388481
0.38849
0.388511
0.388524
0.388527
0.388537
0.388537
0.388541
0.388548
0.38855
0.388583
0.38859
0.3886
0.388607
0.388611
0.388628
0.38864
0.38865
0.388657
0.388664
0.388683
0.38869
0.388704
0.388706
0.388714
0.388721
0.388734
0.388737
0.388741
0.388754
0.388757
0.388764
0.388771
0.388774
0.388783
0.388791
0.388797
0.3888
0.388804
0.388821
0.388823
0.388824
0.388851
0.388886
0.388897
0.388897
0.388908
0.38892
0.388921
0.388924
0.388937
0.38895
0.388964
0.388965
0.388987
0.38899
0.388991
0.389027
0.389051
0.389051
0.38908
0.389081
0.389084
0.389087
0.38909
0.3891
0.389101
0.389115
0.389117
0.389118
0.389131
0.389153
0.389153
0.389153
0.389163
0.389186
0.389187
0.389201
0.389207
0.389211
0.389217
0.38923
0.389234
0.389239
0.389243
0.389243
0.389243
0.389253
0.389264
0.389283
0.389285
0.38929
0.389297
0.38933
0.389346
0.389378
0.389387
0.389404
0.389406
0.389419
0.38943
0.389437
0.389443
0.38945
0.389467
0.389471
0.389474
0.389477
0.389488
0.3895
0.389506
0.389507
0.389508
0.389518
0.38952
0.389551
0.389551
0.389554
0.389557
0.38956
0.389575
0.389581
0.389604
0.389607
0.389608
0.389611
0.38963
0.389647
0.38965
0.389651
0.389653
0.389657
0.38968
0.389703
0.389708
0.38973
0.389731
0.389734
0.38976
0.38976
0.389761
0.389764
0.389777
0.389793
0.389793
0.389797
0.389807
0.389827
0.389841
0.38985
0.389857
0.389858
0.38986
0.389873
0.389873
0.389876
0.38989
0.38991
0.389954
0.389973
0.389997
0.389997
0.390004
0.390011
0.390041
0.390047
0.390051
0.390063
0.390071
0.390073
0.39008
0.390087
0.390093
0.3901
0.390104
0.390113
0.39012
0.390131
0.390137
0.390137
0.390154
0.390157
0.39019
0.390206
0.390217
0.390223
0.39023
0.390248
0.390261
0.390264
0.390271
0.390297
0.390301
0.390301
0.390313
0.390314
0.390323
0.39034
0.390357
0.39036
0.390363
0.390367
0.39037
0.39037
0.39038
0.390386
0.390434
0.390457
0.390464
0.390481
0.390513
0.390517
0.390541
0.390543
0.390554
0.390561
0.390568
0.390573
0.390574
0.390593
0.390594
0.390614
0.390617
0.390621
0.390623
0.390624
0.390637
0.390671
0.390674
0.39071
0.39071
0.390714
0.390718
0.390727
0.39074
0.390748
0.390757
0.390764
0.390804
0.390821
0.390824
0.390834
0.390843
0.390863
0.390867
0.390881
0.390897
0.390904
0.390931
0.390956
0.390974
0.39098
0.390981
0.390988
0.39099
0.390994
0.391
0.391007
0.391011
0.391023
0.391026
0.391033
0.39105
0.39105
0.391051
0.39106
0.39107
0.391077
0.391083
0.391084
0.391091
0.391091
0.391101
0.391108
0.391111
0.391134
0.391138
0.39115
0.391157
0.391161
0.391164
0.391174
0.39118
0.391191
0.391193
0.391196
0.391197
0.391204
0.391216
0.39122
0.391228
0.391231
0.391234
0.391239
0.39128
0.3913
0.391323
0.391334
0.391337
0.391337
0.391344
0.39135
0.391351
0.391364
0.391374
0.391387
0.39139
0.391417
0.391418
0.39143
0.391431
0.391431
0.391434
0.391434
0.39144
0.391444
0.39146
0.391476
0.39148
0.39149
0.391503
0.391521
0.391526
0.391528
0.39153
0.391531
0.391554
0.391557
0.391567
0.391584
0.3916
0.391634
0.391668
0.39168
0.391684
0.391691
0.391714
0.391747
0.391754
0.391757
0.391761
0.391767
0.391776
0.391787
0.391817
0.391826
0.391827
0.391843
0.391853
0.391867
0.391911
0.391931
0.391943
0.39195
0.391963
0.391987
0.391996
0.392007
0.39202
0.39202
0.39203
0.392034
0.392047
0.392058
0.392064
0.392066
0.392067
0.392074
0.392088
0.392097
0.39211
0.392128
0.392131
0.392137
0.392137
0.392147
0.392153
0.392156
0.39216
0.39216
0.392174
0.39218
0.392188
0.392206
0.392207
0.392214
0.392217
0.39222
0.392226
0.392261
0.392263
0.392291
0.392295
0.392304
0.392306
0.392307
0.392313
0.392313
0.392315
0.392346
0.392351
0.392351
0.392353
0.392353
0.392354
0.392358
0.392367
0.392373
0.392373
0.392381
0.39239
0.392393
0.392393
0.392394
0.392398
0.3924
0.3924
0.392436
0.392437
0.392444
0.392457
0.39246
0.392461
0.392483
0.392486
0.392494
0.3925
0.392506
0.392507
0.39251
0.392517
0.392534
0.392551
0.392561
0.39257
0.39258
0.39258
0.39258
0.392584
0.3926
0.392607
0.39261
0.392614
0.39264
0.392644
0.392654
0.39267
0.392674
0.392683
0.392687
0.392691
0.392697
0.392701
0.392707
0.39271
0.392717
0.392721
0.392721
0.392725
0.392727
0.39275
0.392763
0.392781
0.392784
0.392816
0.392831
0.392834
0.392835
0.392843
0.392844
0.392851
0.392853
0.392854
0.392864
0.39287
0.392871
0.392888
0.39289
0.39289
0.3929
0.392924
0.392937
0.392973
0.39298
0.392983
0.393027
0.393046
0.393047
0.39305
0.39305
0.393051
0.39307
0.393077
0.393078
0.393097
0.393097
0.393101
0.393107
0.393111
0.393111
0.393113
0.393147
0.393154
0.393177
0.39319
0.393193
0.393194
0.3932
0.393204
0.393213
0.393214
0.393214
0.39322
0.393227
0.393236
0.393237
0.393244
0.393254
0.39326
0.39329
0.393291
0.393307
0.393321
0.393323
0.393354
0.393377
0.393428
0.393444
0.393447
0.393457
0.393458
0.393467
0.39347
0.393473
0.393474
0.393481
0.393497
0.393503
0.393514
0.393517
0.393534
0.393541
0.39355
0.393551
0.393575
0.393577
0.39359
0.39359
0.393596
0.39362
0.393624
0.393637
0.39365
0.393667
0.393677
0.393678
0.393691
0.393715
0.39372
0.393731
0.39374
0.393754
0.393761
0.393768
0.39377
0.393773
0.393775
0.393811
0.393817
0.393818
0.393824
0.393831
0.393833
0.39385
0.393881
0.393894
0.393898
0.393904
0.393904
0.393931
0.393934
0.393937
0.39398
0.393993
0.394001
0.394016
0.394017
0.394034
0.394037
0.39404
0.39405
0.394055
0.394057
0.39407
0.394084
0.39409
0.394091
0.394096
0.394096
0.394096
0.394097
0.394106
0.394109
0.39411
0.39411
0.394124
0.394137
0.394137
0.394157
0.39416
0.39416
0.394177
0.394185
0.39419
0.394204
0.394216
0.39422
0.39424
0.394247
0.394254
0.39426
0.39426
0.394268
0.394317
0.39432
0.394321
0.394337
0.39434
0.394341
0.394343
0.394347
0.394347
0.394348
0.39435
0.39435
0.394371
0.394394
0.394398
0.3944
0.394407
0.39441
0.394411
0.394414
0.394417
0.39442
0.394434
0.394443
0.39445
0.394465
0.39449
0.394497
0.394498
0.39452
0.394525
0.394527
0.394537
0.394541
0.394547
0.394547
0.39455
0.394555
0.394573
0.39458
0.394583
0.3946
0.394607
0.394616
0.394618
0.394621
0.394623
0.394624
0.39463
0.394645
0.394654
0.394667
0.394667
0.39467
0.394687
0.394694
0.394707
0.394721
0.394721
0.394741
0.394746
0.394763
0.394773
0.394774
0.394793
0.394798
0.394803
0.394803
0.39482
0.394821
0.39483
0.394844
0.394848
0.394857
0.394863
0.394866
0.394866
0.394894
0.3949
0.394917
0.394917
0.39492
0.39494
0.39494
0.394951
0.394953
0.394953
0.394954
0.394957
0.394963
0.394968
0.394984
0.394999
0.395024
0.39503
0.395034
0.395038
0.395047
0.39505
0.395053
0.395071
0.395071
0.395083
0.395096
0.395097
0.395118
0.395118
0.39513
0.395157
0.395168
0.395188
0.395197
0.395207
0.395214
0.395231
0.395231
0.395241
0.395244
0.395246
0.395248
0.395264
0.395267
0.395271
0.395274
0.395281
0.395283
0.3953
0.395305
0.395327
0.395331
0.395333
0.395334
0.395337
0.395341
0.39535
0.395354
0.395374
0.395377
0.39538
0.395384
0.395404
0.395411
0.395418
0.395424
0.395431
0.395434
0.395447
0.395464
0.395467
0.395474
0.395491
0.395493
0.395518
0.39552
0.395527
0.39556
0.395563
0.395577
0.395601
0.395607
0.395607
0.39561
0.395611
0.395628
0.39563
0.395631
0.395643
0.395651
0.395655
0.395674
0.3957
0.395707
0.39571
0.395711
0.395711
0.395717
0.395727
0.395728
0.39574
0.39575
0.39575
0.395757
0.395761
0.395764
0.39577
0.395777
0.395784
0.3958
0.395831
0.395837
0.395847
0.39586
0.395861
0.395881
0.395884
0.395887
0.3959
0.39591
0.395914
0.39592
0.395936
0.395937
0.395943
0.395951
0.395967
0.395972
0.395975
0.395981
0.395983
0.395995
0.39602
0.396057
0.396058
0.39607
0.396095
0.396097
0.396097
0.396097
0.396107
0.39611
0.396111
0.396117
0.396137
0.396143
0.396177
0.39618
0.396181
0.396184
0.396185
0.396191
0.396191
0.396214
0.396218
0.39624
0.396254
0.396258
0.396261
0.396275
0.39628
0.39628
0.396318
0.396324
0.396327
0.396342
0.396354
0.396363
0.396364
0.39638
0.396394
0.396401
0.39642
0.396431
0.396437
0.396441
0.396444
0.396478
0.39649
0.3965
0.396502
0.396507
0.396514
0.396526
0.396551
0.396557
0.396567
0.396567
0.396577
0.396651
0.396652
0.396654
0.396656
0.396658
0.396673
0.396683
0.396684
0.396694
0.396707
0.39672
0.396726
0.396736
0.396746
0.396747
0.396747
0.39675
0.39677
0.396786
0.39679
0.396794
0.396794
0.396798
0.39683
0.396838
0.396841
0.396875
0.396877
0.396894
0.396908
0.39691
0.396945
0.39695
0.396967
0.396991
0.397001
0.397001
0.397024
0.397034
0.397041
0.397044
0.397058
0.397071
0.397104
0.39712
0.39712
0.397137
0.397148
0.397156
0.39716
0.397185
0.397191
0.397191
0.397197
0.39721
0.397237
0.397257
0.397264
0.397274
0.397287
0.397294
0.397307
0.397314
0.397317
0.39732
0.397343
0.397344
0.397348
0.397351
0.397367
0.397373
0.397374
0.397385
0.397386
0.397397
0.397406
0.39742
0.397497
0.3975
0.397521
0.397527
0.39753
0.397571
0.397574
0.397604
0.397611
0.397631
0.39764
0.397658
0.39767
0.397681
0.39769
0.397707
0.397708
0.397711
0.397724
0.397734
0.397757
0.39778
0.397798
0.39781
0.39781
0.39781
0.397814
0.397828
0.397833
0.397841
0.397848
0.39785
0.39786
0.397873
0.397884
0.39789
0.397894
0.397907
0.397911
0.397918
0.39793
0.397974
0.397984
0.397997
0.398017
0.398023
0.398031
0.398034
0.398037
0.398046
0.398067
0.398071
0.39808
0.398093
0.398094
0.398104
0.398107
0.398114
0.398118
0.398126
0.398134
0.39814
0.398144
0.39815
0.39816
0.398164
0.398174
0.39818
0.398212
0.398218
0.398221
0.398227
0.39823
0.39824
0.398247
0.398263
0.398294
0.398307
0.398307
0.398311
0.398311
0.398347
0.398354
0.398402
0.398415
0.39843
0.39844
0.398443
0.398446
0.398464
0.39848
0.398483
0.398494
0.398504
0.398504
0.398507
0.398551
0.398563
0.398573
0.398597
0.398597
0.398603
0.398603
0.398607
0.398615
0.398651
0.39867
0.39869
0.398695
0.398697
0.398703
0.398706
0.39871
0.398714
0.398743
0.398754
0.398757
0.398774
0.398778
0.398798
0.398804
0.398804
0.398827
0.398837
0.398846
0.398851
0.398853
0.398871
0.398893
0.398905
0.398918
0.398933
0.398936
0.398937
0.398947
0.398964
0.398971
0.398974
0.398977
0.398991
0.399
0.399014
0.39902
0.399044
0.399047
0.399047
0.399057
0.399067
0.399071
0.399091
0.399093
0.399097
0.399103
0.399117
0.399124
0.399124
0.39913
0.39914
0.399143
0.399164
0.399183
0.399197
0.399201
0.399234
0.399244
0.399267
0.399275
0.399276
0.399277
0.399283
0.399294
0.399303
0.399313
0.39932
0.399327
0.399331
0.399335
0.399336
0.399351
0.399354
0.39938
0.399383
0.39939
0.399393
0.399394
0.399443
0.399444
0.399454
0.399457
0.39946
0.399467
0.399474
0.399484
0.399488
0.3995
0.399513
0.399515
0.399524
0.399527
0.399534
0.399541
0.399567
0.399584
0.399603
0.399614
0.399619
0.399625
0.399647
0.399658
0.399667
0.399667
0.399669
0.399673
0.399674
0.399674
0.399676
0.399683
0.399718
0.399727
0.399728
0.399734
0.399734
0.399741
0.39976
0.399766
0.39977
0.39979
0.399811
0.399817
0.399824
0.399826
0.399834
0.399857
0.399865
0.399869
0.399894
0.399898
0.399908
0.399909
0.399918
0.399927
0.39994
0.399941
0.399974
0.399976
0.399978
0.39999
0.39999
0.399991
0.400008
0.400008
0.400014
0.400023
0.400025
0.40006
0.400063
0.400084
0.400104
0.400105
0.40011
0.400112
0.40013
0.400136
0.400137
0.400161
0.400187
0.400214
0.400223
0.400224
0.400224
0.400234
0.40025
0.400254
0.400263
0.400264
0.400267
0.400275
0.400275
0.400297
0.400303
0.40031
0.400313
0.400327
0.400328
0.400333
0.400335
0.400347
0.400363
0.400377
0.400377
0.400383
0.400396
0.400404
0.40041
0.400436
0.400454
0.400457
0.400463
0.40047
0.400478
0.400486
0.400488
0.400507
0.400518
0.400537
0.40054
0.400547
0.400548
0.400556
0.400576
0.400576
0.400597
0.4006
0.40061
0.400617
0.40062
0.400623
0.40063
0.400637
0.40064
0.400644
0.400664
0.400687
0.40069
0.400704
0.400716
0.400773
0.400774
0.400794
0.400805
0.40082
0.40085
0.400853
0.400864
0.4009
0.40091
0.40091
0.400913
0.400914
0.400914
0.400916
0.40094
0.400948
0.40095
0.40095
0.400954
0.400963
0.400964
0.400973
0.400974
0.400984
0.401004
0.401011
0.401014
0.401027
0.401034
0.401074
0.401091
0.401097
0.401111
0.401127
0.401136
0.401167
0.401197
0.401207
0.401211
0.401213
0.40122
0.401243
0.40125
0.401257
0.401264
0.401274
0.401277
0.40129
0.401293
0.401303
0.401305
0.401307
0.401328
0.40133
0.401338
0.401338
0.401341
0.401344
0.401353
0.401361
0.401361
0.40139
0.401431
0.401444
0.40145
0.401456
0.401463
0.401464
0.401471
0.401491
0.4015
0.4015
0.4015
0.4015
0.401504
0.40151
0.401517
0.401533
0.401534
0.401564
0.401564
0.401576
0.401627
0.401633
0.40164
0.40165
0.40166
0.401664
0.401676
0.40168
0.401698
0.4017
0.401707
0.401736
0.401737
0.401755
0.401757
0.401777
0.401777
0.401786
0.401818
0.401835
0.401836
0.401837
0.401863
0.401867
0.401878
0.401884
0.4019
0.401904
0.401914
0.401916
0.401917
0.40192
0.401927
0.401936
0.401944
0.401957
0.40196
0.401967
0.401973
0.40198
0.401985
0.401993
0.401994
0.401997
0.402004
0.402021
0.402047
0.402056
0.402057
0.40206
0.402061
0.402063
0.40209
0.402096
0.402104
0.402114
0.402117
0.40212
0.40213
0.402164
0.402168
0.402174
0.402175
0.40218
0.402183
0.402196
0.402217
0.402224
0.402228
0.402237
0.402238
0.402244
0.40225
0.402261
0.402267
0.402277
0.402295
0.402296
0.402297
0.402297
0.402312
0.40232
0.40234
0.402364
0.402377
0.402384
0.402395
0.402403
0.402414
0.402414
0.40242
0.402433
0.402454
0.402461
0.402468
0.402481
0.402487
0.402488
0.4025
0.402534
0.402537
0.402544
0.402584
0.402587
0.402634
0.402634
0.402638
0.402647
0.402664
0.402687
0.402693
0.402694
0.402696
0.402697
0.402711
0.402721
0.402722
0.402724
0.40275
0.402753
0.402756
0.402773
0.402774
0.402807
0.402834
0.402863
0.40287
0.402881
0.402898
0.40291
0.40295
0.402954
0.402957
0.402963
0.402967
0.402981
0.402994
0.403
0.403003
0.40302
0.40302
0.403021
0.403026
0.403027
0.403034
0.403034
0.403036
0.403046
0.403077
0.403081
0.403091
0.403093
0.403096
0.403104
0.403108
0.403117
0.403117
0.403147
0.403241
0.403276
0.403278
0.403301
0.40332
0.403324
0.403344
0.403345
0.403381
0.403385
0.403393
0.403397
0.403411
0.403424
0.403424
0.403427
0.403433
0.403461
0.403468
0.403483
0.40349
0.403494
0.403513
0.403527
0.403528
0.403544
0.40357
0.403577
0.403631
0.403636
0.403641
0.403647
0.40366
0.403667
0.403678
0.40368
0.403683
0.403684
0.403697
0.403708
0.40376
0.403784
0.403784
0.403797
0.403807
0.403814
0.403821
0.403827
0.403857
0.403863
0.403864
0.403869
0.403897
0.403901
0.403904
0.403917
0.40392
0.403929
0.40393
0.403951
0.403967
0.403974
0.40398
0.403993
0.403994
0.404004
0.404027
0.40403
0.404031
0.404047
0.404063
0.40407
0.40409
0.404101
0.404103
0.40411
0.404117
0.404124
0.404141
0.404146
0.404147
0.404151
0.404157
0.404164
0.404177
0.404183
0.404194
0.404207
0.404237
0.404238
0.40424
0.404254
0.404267
0.40427
0.404279
0.404281
0.404287
0.40429
0.404297
0.404301
0.404303
0.404313
0.404324
0.40434
0.404343
0.404344
0.404349
0.404354
0.404358
0.404377
0.404397
0.4044
0.40442
0.404428
0.404431
0.404446
0.404453
0.404465
0.40447
0.404483
0.404484
0.404484
0.404487
0.404494
0.404494
0.404494
0.404524
0.404531
0.404537
0.40456
0.40456
0.404564
0.404567
0.40457
0.40458
0.40458
0.404583
0.404587
0.404604
0.404607
0.404637
0.404637
0.404653
0.404666
0.40468
0.404685
0.404687
0.404711
0.404714
0.404718
0.40473
0.404767
0.404787
0.40479
0.404794
0.404837
0.40485
0.404857
0.404858
0.404865
0.404906
0.404917
0.40492
0.404923
0.404948
0.404951
0.404984
0.40499
0.404994
0.404995
0.405004
0.40504
0.40504
0.405054
0.405071
0.405074
0.40508
0.405081
0.405085
0.405087
0.405088
0.405101
0.405121
0.405134
0.405141
0.40516
0.405178
0.40518
0.40519
0.405198
0.405201
0.405201
0.405224
0.405233
0.405237
0.40524
0.405241
0.405254
0.40526
0.405273
0.405277
0.40529
0.4053
0.405328
0.405346
0.405361
0.40537
0.405377
0.405384
0.405401
0.40541
0.405414
0.405424
0.405427
0.405444
0.405457
0.405457
0.405477
0.405484
0.405497
0.405514
0.405521
0.405523
0.405524
0.405548
0.405567
0.405574
0.405576
0.40558
0.405583
0.405588
0.405604
0.40562
0.405627
0.405627
0.40563
0.405636
0.40564
0.405644
0.40566
0.405674
0.405678
0.405686
0.405697
0.405724
0.405737
0.40575
0.405768
0.405772
0.405781
0.405783
0.405786
0.405814
0.405821
0.40583
0.405838
0.405867
0.405877
0.405878
0.405904
0.405919
0.405927
0.405931
0.405957
0.405961
0.405974
0.405981
0.405998
0.406004
0.406044
0.406046
0.406061
0.40607
0.406077
0.406084
0.406084
0.406086
0.406096
0.406097
0.4061
0.406101
0.406105
0.406107
0.406108
0.406147
0.40615
0.406154
0.406167
0.406184
0.406187
0.406196
0.406204
0.406244
0.406255
0.40626
0.406271
0.406274
0.406277
0.406324
0.406327
0.406344
0.406345
0.406364
0.406374
0.406377
0.40638
0.406389
0.406407
0.406421
0.406425
0.406463
0.406464
0.406481
0.406491
0.406496
0.406502
0.406507
0.40651
0.40652
0.40652
0.406524
0.40654
0.406543
0.406547
0.406547
0.40655
0.406567
0.406583
0.406587
0.406604
0.406613
0.406654
0.406657
0.406668
0.406674
0.406684
0.406707
0.406718
0.406734
0.406737
0.406761
0.406766
0.406783
0.406817
0.406818
0.40683
0.406833
0.40685
0.406853
0.406854
0.406876
0.406907
0.406925
0.406927
0.40694
0.406954
0.406977
0.406984
0.406987
0.406991
0.406995
0.406998
0.407014
0.407027
0.407028
0.40703
0.407041
0.407043
0.407044
0.407057
0.407064
0.40707
0.407084
0.407114
0.407123
0.407144
0.40715
0.407151
0.407157
0.407161
0.407163
0.407167
0.407178
0.407184
0.4072
0.407208
0.407212
0.407217
0.407227
0.407234
0.407247
0.40725
0.407267
0.407284
0.407305
0.40732
0.407337
0.40734
0.407344
0.407347
0.407348
0.40736
0.407364
0.407373
0.407383
0.407401
0.407405
0.40743
0.407451
0.407468
0.407471
0.407473
0.407474
0.407481
0.4075
0.407518
0.407543
0.40755
0.407557
0.407567
0.407568
0.407576
0.407587
0.407591
0.407598
0.407601
0.407613
0.407616
0.407637
0.407638
0.407657
0.40766
0.407667
0.407677
0.407683
0.407683
0.407697
0.407724
0.40773
0.407737
0.407752
0.407754
0.40776
0.407781
0.40779
0.407791
0.407806
0.407819
0.407834
0.407868
0.40789
0.407897
0.407924
0.407931
0.407933
0.407935
0.407937
0.40794
0.407941
0.407945
0.407947
0.407954
0.407955
0.407964
0.407967
0.407968
0.407988
0.408006
0.408034
0.408038
0.408047
0.408062
0.408074
0.408076
0.40808
0.40809
0.408098
0.408104
0.408104
0.408107
0.408123
0.408127
0.408147
0.408148
0.408156
0.40817
0.408171
0.408178
0.40819
0.408241
0.408244
0.408247
0.408267
0.40827
0.408273
0.408291
0.408347
0.408351
0.40836
0.408363
0.408374
0.408384
0.40839
0.408397
0.408426
0.408451
0.408475
0.40848
0.408485
0.408487
0.4085
0.408527
0.408534
0.40856
0.408561
0.408566
0.408571
0.408591
0.408594
0.408613
0.408635
0.408637
0.408643
0.408643
0.408647
0.408687
0.408694
0.4087
0.408707
0.408707
0.408729
0.408734
0.408735
0.408756
0.408757
0.40876
0.408765
0.408767
0.408804
0.408889
0.408903
0.40891
0.408913
0.408914
0.40892
0.408933
0.408954
0.408961
0.408997
0.409
0.409026
0.409031
0.409031
0.40904
0.409044
0.409048
0.40905
0.409053
0.40906
0.409077
0.409097
0.409101
0.409117
0.409135
0.409148
0.409157
0.409166
0.409171
0.409198
0.409206
0.409218
0.409227
0.40923
0.409238
0.40924
0.409255
0.409257
0.40926
0.409265
0.409267
0.409296
0.409297
0.40931
0.409333
0.409334
0.409343
0.409344
0.409351
0.409367
0.409394
0.4094
0.4094
0.409427
0.40943
0.409436
0.409438
0.409444
0.40945
0.409471
0.409481
0.409483
0.409494
0.409507
0.409507
0.409514
0.409527
0.409527
0.409538
0.40954
0.40962
0.409634
0.409641
0.409646
0.409657
0.409664
0.409667
0.409677
0.409683
0.409687
0.4097
0.4097
0.409708
0.409717
0.409763
0.409764
0.409764
0.40978
0.409798
0.409798
0.409807
0.409814
0.40983
0.40983
0.40983
0.409837
0.409842
0.409854
0.409863
0.409867
0.409893
0.409894
0.409903
0.409903
0.409904
0.409915
0.409944
0.40996
0.409961
0.409964
0.409973
0.409997
0.410008
0.410027
0.41003
0.410044
0.410047
0.410047
0.41007
0.41008
0.410103
0.41012
0.41013
0.41016
0.410177
0.410185
0.410187
0.410207
0.410216
0.410221
0.41023
0.410235
0.410238
0.410255
0.410258
0.410261
0.410267
0.410277
0.410284
0.4103
0.410306
0.41032
0.410321
0.410327
0.410338
0.410351
0.41036
0.410364
0.41037
0.410383
0.410396
0.410397
0.410397
0.410407
0.41041
0.410413
0.41042
0.41044
0.410443
0.410457
0.410484
0.410504
0.41051
0.410511
0.410521
0.410525
0.41058
0.410597
0.410607
0.410623
0.410637
0.410644
0.410651
0.410655
0.410657
0.41066
0.410677
0.41068
0.410693
0.410694
0.41072
0.410727
0.410741
0.410754
0.41077
0.410778
0.410794
0.410821
0.410833
0.410837
0.410843
0.410847
0.410847
0.41085
0.41085
0.410867
0.410871
0.410877
0.410877
0.41088
0.41089
0.410893
0.410904
0.410913
0.410934
0.410934
0.410947
0.410948
0.41095
0.410955
0.410977
0.410977
0.41099
0.41101
0.411024
0.411024
0.411027
0.411043
0.411047
0.411048
0.411063
0.411104
0.411104
0.411147
0.411186
0.411201
0.411214
0.411237
0.411261
0.411266
0.411273
0.41128
0.411283
0.411287
0.4113
0.411313
0.411314
0.411323
0.411326
0.411327
0.411327
0.41133
0.41133
0.41134
0.411351
0.41138
0.411391
0.411391
0.4114
0.411401
0.411409
0.41142
0.411437
0.41146
0.411478
0.411481
0.411487
0.411507
0.41151
0.411513
0.41152
0.411538
0.411553
0.411558
0.411568
0.411584
0.411587
0.411593
0.411597
0.411604
0.411623
0.411624
0.411628
0.411671
0.411711
0.411724
0.411727
0.411748
0.41176
0.411763
0.41179
0.411803
0.411803
0.411805
0.411814
0.411814
0.411841
0.411841
0.411847
0.411847
0.411867
0.411885
0.411894
0.411914
0.411914
0.41193
0.411935
0.411998
0.412004
0.41201
0.412033
0.41204
0.412044
0.412044
0.412047
0.412064
0.412071
0.412086
0.412093
0.412094
0.412101
0.412104
0.412113
0.412131
0.412147
0.412153
0.412164
0.41218
0.412189
0.412193
0.412195
0.412197
0.412198
0.412199
0.41221
0.412214
0.412214
0.412248
0.412267
0.412301
0.412307
0.41231
0.41232
0.412327
0.41233
0.412334
0.412337
0.412338
0.41234
0.412344
0.412366
0.412366
0.412391
0.412418
0.412427
0.412435
0.412453
0.412454
0.412463
0.412475
0.412487
0.41249
0.41249
0.412491
0.412497
0.4125
0.412514
0.412533
0.412534
0.412563
0.41258
0.41258
0.412598
0.412608
0.41262
0.412625
0.412627
0.41263
0.412632
0.412638
0.41264
0.41265
0.41265
0.412651
0.412662
0.412694
0.412707
0.412727
0.412733
0.412765
0.412784
0.412787
0.412794
0.412797
0.4128
0.412834
0.412834
0.412834
0.412837
0.412902
0.412903
0.412907
0.412913
0.412915
0.412917
0.412928
0.41293
0.412967
0.412971
0.412974
0.412987
0.412987
0.413044
0.413044
0.413054
0.413057
0.413063
0.413066
0.413073
0.413077
0.413081
0.41309
0.41309
0.413091
0.4131
0.413102
0.413116
0.413121
0.413123
0.413126
0.41314
0.41314
0.413141
0.41315
0.413167
0.4132
0.413204
0.413213
0.41322
0.413227
0.413262
0.413268
0.413274
0.413284
0.4133
0.413304
0.413308
0.413344
0.413367
0.413371
0.413377
0.413411
0.413417
0.413427
0.413433
0.413437
0.413457
0.41347
0.413473
0.413477
0.413483
0.413487
0.41349
0.413493
0.413525
0.413544
0.413556
0.413561
0.413561
0.41357
0.41359
0.413604
0.413607
0.41361
0.413624
0.413637
0.413658
0.41366
0.41367
0.413704
0.413727
0.41373
0.41374
0.413744
0.413747
0.413748
0.413749
0.41375
0.413797
0.413797
0.413797
0.413804
0.413817
0.41383
0.413832
0.413838
0.41384
0.413867
0.413884
0.413906
0.413915
0.41393
0.413936
0.413954
0.413967
0.413971
0.413976
0.413983
0.413987
0.413996
0.41402
0.414023
0.41404
0.414047
0.414047
0.414048
0.41405
0.414057
0.414077
0.414104
0.414133
0.414134
0.414137
0.414144
0.414158
0.414163
0.414185
0.414193
0.414216
0.41422
0.41423
0.414233
0.41424
0.414247
0.414293
0.4143
0.414301
0.414334
0.414337
0.414338
0.414357
0.414373
0.41442
0.41442
0.41443
0.41443
0.414447
0.414458
0.41446
0.41447
0.41448
0.414483
0.414486
0.414493
0.41451
0.414553
0.414587
0.414597
0.414606
0.414607
0.414607
0.414619
0.414637
0.414637
0.414638
0.414653
0.414658
0.414674
0.414684
0.414691
0.414701
0.41471
0.41472
0.414721
0.414733
0.414768
0.41477
0.414783
0.414784
0.414807
0.41481
0.41481
0.414846
0.414867
0.414876
0.414881
0.41489
0.414904
0.414917
0.414937
0.414947
0.414948
0.414967
0.414976
0.414994
0.415004
0.415007
0.415013
0.415016
0.415021
0.415023
0.415027
0.415037
0.415048
0.415064
0.415085
0.415107
0.415116
0.415124
0.41513
0.415131
0.415143
0.415147
0.415153
0.41517
0.415177
0.415178
0.415187
0.415197
0.415201
0.415231
0.415234
0.415241
0.415242
0.415273
0.415274
0.415284
0.415294
0.415298
0.415326
0.415334
0.415337
0.415356
0.415358
0.41536
0.415367
0.415378
0.415381
0.415384
0.415387
0.415387
0.4154
0.415433
0.415444
0.41545
0.415466
0.415471
0.415484
0.415485
0.415487
0.41554
0.415554
0.415574
0.41558
0.415601
0.415603
0.415607
0.415613
0.415621
0.415631
0.415637
0.415638
0.415657
0.415673
0.415684
0.415687
0.415687
0.415723
0.41576
0.415778
0.415778
0.415816
0.415817
0.415827
0.415831
0.415854
0.415856
0.415886
0.415904
0.415937
0.41597
0.415985
0.41599
0.416
0.416017
0.416023
0.416023
0.416026
0.416027
0.416041
0.41605
0.416063
0.416064
0.416074
0.416077
0.416083
0.41609
0.41611
0.416114
0.416123
0.416147
0.41615
0.416158
0.416161
0.416178
0.416201
0.416204
0.41621
0.416213
0.41623
0.416238
0.416247
0.41626
0.416267
0.416283
0.416284
0.416291
0.416294
0.416324
0.416331
0.416333
0.416348
0.416354
0.416367
0.416376
0.416388
0.416391
0.416396
0.416401
0.416404
0.416411
0.416421
0.416435
0.416437
0.41647
0.416494
0.416497
0.416513
0.416526
0.41653
0.416537
0.416537
0.416541
0.416551
0.41657
0.41657
0.416571
0.416591
0.416617
0.416617
0.416637
0.41664
0.41665
0.416657
0.416663
0.416677
0.41668
0.416693
0.416703
0.416707
0.41671
0.416713
0.416722
0.41673
0.41673
0.416743
0.416747
0.41675
0.416757
0.41677
0.41677
0.416774
0.416781
0.416781
0.416801
0.416814
0.416835
0.416844
0.416853
0.416854
0.416874
0.416874
0.416877
0.416884
0.416888
0.416891
0.416897
0.416898
0.416901
0.416904
0.416905
0.416924
0.416937
0.416947
0.41697
0.416977
0.416981
0.416983
0.416988
0.41703
0.417033
0.41704
0.417047
0.417057
0.417057
0.41706
0.417063
0.417066
0.417087
0.417087
0.417088
0.417114
0.417116
0.41712
0.417123
0.417145
0.417147
0.417161
0.417187
0.41719
0.417213
0.417247
0.417254
0.41726
0.417321
0.417323
0.417327
0.417338
0.41734
0.417353
0.417381
0.417401
0.417408
0.417408
0.417414
0.417434
0.417437
0.417446
0.417457
0.417461
0.41747
0.417474
0.41751
0.417523
0.417527
0.417531
0.41758
0.4176
0.417621
0.417623
0.417663
0.417671
0.417684
0.417693
0.417697
0.417701
0.417701
0.417703
0.417704
0.417718
0.41772
0.417723
0.417733
0.417747
0.417751
0.417754
0.41776
0.417762
0.417766
0.417768
0.41777
0.41777
0.417776
0.417783
0.417794
0.417803
0.417805
0.417811
0.417811
0.417823
0.417853
0.417854
0.417857
0.41786
0.41787
0.417877
0.417887
0.417901
0.417903
0.417903
0.417924
0.417924
0.41793
0.417953
0.417954
0.417955
0.41797
0.41797
0.417981
0.417997
0.417998
0.418
0.418004
0.418013
0.418017
0.418027
0.418028
0.41803
0.418034
0.41804
0.418063
0.418077
0.418106
0.418118
0.41814
0.41814
0.41814
0.418146
0.418148
0.418181
0.418184
0.418197
0.418203
0.418203
0.418212
0.418253
0.418264
0.418276
0.41828
0.418294
0.418297
0.41833
0.418331
0.418336
0.418344
0.418367
0.418368
0.418377
0.418417
0.418417
0.418453
0.41847
0.41847
0.41848
0.418494
0.418495
0.418504
0.41851
0.418531
0.418533
0.418534
0.41855
0.418554
0.418564
0.418567
0.418574
0.418594
0.4186
0.418614
0.41863
0.418634
0.418637
0.418664
0.418667
0.41867
0.418674
0.41868
0.41871
0.418721
0.418721
0.418723
0.418731
0.418738
0.41874
0.418744
0.418767
0.418774
0.418786
0.418797
0.41881
0.418817
0.418821
0.418844
0.41885
0.41886
0.418861
0.418866
0.418867
0.41887
0.41887
0.418888
0.418907
0.418914
0.418917
0.41895
0.418954
0.418967
0.418971
0.418973
0.419
0.419017
0.419018
0.41903
0.41903
0.419033
0.41904
0.419068
0.419103
0.419144
0.419151
0.41917
0.419186
0.419218
0.419224
0.419224
0.419246
0.41926
0.419261
0.419264
0.419268
0.419274
0.419293
0.419307
0.419313
0.41932
0.419321
0.419337
0.419364
0.419374
0.419388
0.41941
0.41942
0.419424
0.419434
0.419454
0.41946
0.41946
0.419461
0.419477
0.419493
0.419541
0.419556
0.419561
0.41957
0.419596
0.419606
0.41961
0.419624
0.419643
0.419653
0.419664
0.419667
0.419667
0.419678
0.419683
0.419697
0.419707
0.419747
0.41975
0.41975
0.419766
0.419767
0.41977
0.419771
0.419794
0.419808
0.419833
0.419841
0.419843
0.41985
0.419857
0.419873
0.419885
0.419885
0.419898
0.419907
0.419907
0.419917
0.41995
0.419967
0.420007
0.420008
0.420014
0.420014
0.420024
0.420024
0.420031
0.420034
0.42005
0.420054
0.420054
0.420055
0.420066
0.420077
0.42009
0.420092
0.420103
0.420107
0.420111
0.420116
0.42012
0.420121
0.420124
0.420144
0.420167
0.420214
0.420214
0.420217
0.420224
0.420241
0.420244
0.420244
0.42026
0.420264
0.42027
0.420274
0.420283
0.42029
0.420303
0.420314
0.420333
0.420334
0.420337
0.420337
0.420354
0.420363
0.42038
0.420383
0.4204
0.42041
0.420423
0.420433
0.420456
0.42047
0.420471
0.420473
0.420477
0.420487
0.420504
0.420553
0.420554
0.420583
0.42059
0.4206
0.420606
0.420611
0.420624
0.420627
0.420641
0.420667
0.420673
0.420677
0.420681
0.420684
0.420687
0.420703
0.420737
0.42076
0.420774
0.420787
0.420787
0.420816
0.42082
0.42087
0.42087
0.420873
0.420886
0.420887
0.420891
0.420911
0.42092
0.420936
0.42095
0.42096
0.42096
0.420987
0.42099
0.421
0.421003
0.421013
0.421016
0.421018
0.421023
0.421024
0.421084
0.421087
0.42109
0.421101
0.421103
0.421113
0.421114
0.421137
0.42115
0.421154
0.421157
0.421164
0.421164
0.421182
0.421204
0.42123
0.421267
0.421269
0.421286
0.421333
0.421347
0.421348
0.421364
0.421397
0.421417
0.421417
0.421431
0.421433
0.421444
0.42145
0.421477
0.4215
0.421501
0.421524
0.42153
0.421548
0.421548
0.42155
0.421568
0.42158
0.421594
0.421615
0.421627
0.421633
0.421634
0.42165
0.421653
0.421682
0.421691
0.421693
0.421705
0.421708
0.421736
0.421737
0.42175
0.421764
0.421774
0.421778
0.421784
0.421784
0.42182
0.421857
0.421888
0.421901
0.421918
0.42193
0.421943
0.421984
0.421991
0.422003
0.422004
0.422018
0.422036
0.422064
0.422074
0.422094
0.422107
0.42211
0.422123
0.422134
0.422171
0.422214
0.422217
0.42222
0.422247
0.422257
0.422259
0.422261
0.422274
0.422277
0.422278
0.42229
0.422297
0.422301
0.422307
0.422334
0.422341
0.422346
0.422367
0.422391
0.422391
0.422404
0.422405
0.422414
0.422424
0.422463
0.422483
0.422483
0.422517
0.422523
0.422546
0.422555
0.422574
0.42258
0.422621
0.422634
0.422643
0.422644
0.422673
0.42269
0.422708
0.422714
0.422717
0.42272
0.422724
0.422727
0.42273
0.422731
0.422737
0.422757
0.42277
0.422774
0.422787
0.422803
0.422814
0.422821
0.422823
0.422841
0.422844
0.422857
0.422857
0.422867
0.422915
0.422943
0.422947
0.422951
0.422963
0.422966
0.42297
0.422994
0.423001
0.423021
0.423071
0.423091
0.423103
0.423108
0.423111
0.423144
0.423186
0.423197
0.423198
0.423211
0.423217
0.423217
0.423236
0.423245
0.42326
0.42329
0.4233
0.4233
0.423311
0.423318
0.423374
0.423395
0.423401
0.423405
0.423408
0.42344
0.423441
0.423444
0.423453
0.423464
0.423487
0.423503
0.423514
0.423517
0.423526
0.42354
0.423554
0.42356
0.42357
0.423584
0.423614
0.423617
0.423627
0.42365
0.423651
0.423657
0.423673
0.423698
0.423729
0.423733
0.423747
0.423761
0.423763
0.423773
0.423777
0.423797
0.423834
0.423854
0.423888
0.423903
0.423914
0.42393
0.423938
0.423943
0.423951
0.423964
0.423987
0.423991
0.423994
0.423998
0.424007
0.424014
0.424023
0.424024
0.424032
0.424033
0.424041
0.424046
0.42407
0.424097
0.424106
0.424121
0.42413
0.424164
0.424193
0.424198
0.424207
0.42428
0.424294
0.424301
0.424307
0.42431
0.424324
0.424324
0.424334
0.424358
0.424366
0.424391
0.424413
0.424417
0.424427
0.424444
0.424458
0.424461
0.424483
0.424484
0.424495
0.424531
0.424537
0.424547
0.424564
0.424581
0.424587
0.424601
0.424613
0.424645
0.424654
0.424693
0.424696
0.424698
0.424703
0.424707
0.424717
0.424745
0.424764
0.42478
0.424793
0.424793
0.424797
0.424804
0.424828
0.42483
0.424834
0.424854
0.424863
0.424871
0.424884
0.424887
0.424903
0.424934
0.42496
0.424968
0.424977
0.424983
0.424984
0.425
0.425
0.425001
0.42502
0.425021
0.425023
0.425024
0.425031
0.425043
0.425051
0.425072
0.425077
0.425077
0.425106
0.425107
0.42514
0.425143
0.425153
0.425157
0.425167
0.42517
0.4252
0.425203
0.425207
0.425216
0.425287
0.425304
0.425316
0.425321
0.425324
0.425327
0.425368
0.425373
0.425377
0.425395
0.425415
0.425424
0.425445
0.425454
0.425473
0.425481
0.425486
0.425503
0.425556
0.42557
0.425584
0.425587
0.425621
0.425627
0.425637
0.42564
0.425657
0.425667
0.42567
0.425673
0.425677
0.425681
0.425681
0.425696
0.425716
0.42572
0.425724
0.425727
0.42573
0.425742
0.425744
0.425747
0.42576
0.425764
0.425771
0.425772
0.425813
0.425813
0.425814
0.425844
0.425863
0.425884
0.425887
0.425897
0.425927
0.42593
0.425944
0.425948
0.42595
0.425973
0.425973
0.425974
0.425975
0.425983
0.425986
0.425996
0.426002
0.426018
0.426028
0.426032
0.426034
0.426039
0.426064
0.426068
0.426087
0.426107
0.42613
0.426134
0.426153
0.426161
0.426177
0.426183
0.426187
0.426189
0.426197
0.426197
0.426197
0.426203
0.426216
0.426223
0.426254
0.426263
0.426304
0.426311
0.426324
0.426324
0.426336
0.42634
0.426343
0.426344
0.426376
0.426384
0.42639
0.426411
0.42642
0.426473
0.426478
0.4265
0.426501
0.426526
0.426544
0.426548
0.426554
0.426567
0.42657
0.426594
0.426594
0.426613
0.426617
0.426621
0.426621
0.426624
0.426642
0.426647
0.42667
0.426674
0.426697
0.426701
0.426704
0.426727
0.426747
0.426754
0.426787
0.42679
0.4268
0.426817
0.426827
0.426837
0.426845
0.42685
0.426887
0.42689
0.426913
0.42693
0.426937
0.42694
0.426954
0.426954
0.426956
0.426964
0.426966
0.42699
0.427004
0.427024
0.427027
0.427034
0.427056
0.42706
0.427088
0.427103
0.427127
0.42713
0.427131
0.427137
0.42718
0.427187
0.427194
0.4272
0.427203
0.427206
0.427218
0.42722
0.427228
0.427237
0.427254
0.427284
0.42729
0.427327
0.427337
0.427341
0.427348
0.427365
0.42739
0.4274
0.42741
0.427411
0.427434
0.42744
0.427447
0.427473
0.42748
0.427507
0.427517
0.427521
0.427523
0.427524
0.427534
0.427554
0.427567
0.427568
0.427573
0.427583
0.427584
0.427596
0.42763
0.427637
0.427647
0.42765
0.427653
0.427677
0.427677
0.427687
0.427691
0.427713
0.427734
0.42774
0.427797
0.427802
0.427808
0.42783
0.42785
0.427866
0.427877
0.427881
0.427914
0.427927
0.427945
0.427945
0.427951
0.427967
0.427967
0.427974
0.427987
0.427998
0.428
0.428016
0.428016
0.428027
0.428031
0.428037
0.42804
0.428134
0.42817
0.428177
0.428181
0.428191
0.428193
0.428207
0.42825
0.428264
0.428277
0.428287
0.42829
0.428294
0.428303
0.42832
0.42833
0.428341
0.428371
0.428374
0.428403
0.428403
0.428411
0.428417
0.42842
0.428424
0.428437
0.428442
0.428447
0.428454
0.428454
0.428483
0.428501
0.428504
0.42855
0.428567
0.42859
0.428593
0.428606
0.428611
0.428613
0.428645
0.428674
0.428678
0.428684
0.428707
0.428714
0.42872
0.428771
0.428771
0.428778
0.428784
0.428795
0.428802
0.42882
0.428845
0.42885
0.428893
0.428921
0.42893
0.428938
0.428964
0.428988
0.428994
0.42901
0.429013
0.429061
0.429093
0.42913
0.429137
0.42915
0.42916
0.429163
0.429174
0.42921
0.429227
0.429233
0.429256
0.429271
0.429285
0.429301
0.429302
0.429318
0.429344
0.42936
0.42937
0.429373
0.429394
0.429453
0.429456
0.429458
0.42946
0.429468
0.429485
0.429497
0.42955
0.429561
0.429565
0.429577
0.429578
0.429584
0.4296
0.429611
0.429617
0.429621
0.429621
0.429633
0.429657
0.429682
0.429717
0.429751
0.429773
0.429784
0.429791
0.429815
0.429842
0.429873
0.429881
0.429894
0.4299
0.429911
0.429921
0.429924
0.429927
0.429947
0.429954
0.429954
0.429957
0.429974
0.429975
0.429982
0.429984
0.430006
0.430007
0.430017
0.430079
0.43008
0.430093
0.430097
0.430147
0.430203
0.430204
0.430211
0.430261
0.430261
0.43027
0.430284
0.430318
0.43036
0.430367
0.430371
0.430377
0.430381
0.430384
0.430394
0.430398
0.430443
0.430474
0.430497
0.430504
0.430507
0.43052
0.43052
0.430526
0.43058
0.430584
0.430593
0.430616
0.430634
0.430646
0.430667
0.430678
0.430687
0.43073
0.430761
0.430771
0.43078
0.430784
0.430787
0.430788
0.430836
0.430847
0.43086
0.430866
0.430866
0.430894
0.430897
0.4309
0.430901
0.430924
0.430933
0.430937
0.430944
0.43095
0.43099
0.43099
0.431017
0.431017
0.431018
0.43106
0.43109
0.431096
0.431155
0.431166
0.431167
0.4312
0.431217
0.431217
0.431244
0.431273
0.431277
0.431306
0.43131
0.431327
0.431351
0.431373
0.431394
0.431454
0.431458
0.43146
0.43146
0.431477
0.431477
0.431478
0.431484
0.431484
0.431487
0.431498
0.43153
0.43153
0.431574
0.431578
0.431578
0.431594
0.43162
0.43164
0.431656
0.431657
0.431693
0.4317
0.431734
0.431744
0.431761
0.43177
0.431805
0.431817
0.431825
0.431833
0.43184
0.431874
0.431886
0.431917
0.43198
0.43199
0.431996
0.431998
0.432007
0.432071
0.432073
0.432078
0.43208
0.432093
0.432109
0.432117
0.432138
0.432144
0.432144
0.43215
0.432157
0.432157
0.432174
0.432181
0.432203
0.432205
0.432227
0.432231
0.432261
0.432267
0.432283
0.432297
0.432307
0.432324
0.432347
0.432361
0.432371
0.43238
0.432404
0.43242
0.43243
0.432435
0.43244
0.432463
0.432464
0.432484
0.432508
0.43253
0.432553
0.43256
0.432563
0.432587
0.432606
0.432613
0.432645
0.43267
0.43268
0.432718
0.432723
0.432729
0.43274
0.43275
0.432837
0.43286
0.432867
0.432877
0.432896
0.432914
0.432924
0.432927
0.432967
0.433001
0.433033
0.433073
0.433087
0.433103
0.433113
0.433123
0.433141
0.433144
0.43315
0.43315
0.433157
0.433158
0.433197
0.43321
0.433214
0.433233
0.433238
0.43324
0.43325
0.433257
0.433267
0.433274
0.433278
0.433284
0.433294
0.433324
0.433334
0.433341
0.433384
0.433423
0.433431
0.433437
0.433468
0.433494
0.43351
0.433524
0.433527
0.433527
0.43354
0.433544
0.433587
0.433607
0.433631
0.43364
0.43364
0.433655
0.433665
0.433686
0.433707
0.433733
0.433738
0.433747
0.433761
0.433767
0.433778
0.433804
0.433805
0.43385
0.433857
0.433857
0.433881
0.433894
0.43392
0.434013
0.434021
0.434024
0.434037
0.434044
0.43405
0.43405
0.43407
0.434083
0.434101
0.43412
0.434134
0.434146
0.434168
0.434183
0.434186
0.434187
0.434194
0.434203
0.434208
0.434211
0.43423
0.43427
0.43428
0.434281
0.434293
0.434318
0.434351
0.434368
0.43437
0.434373
0.434374
0.434381
0.434384
0.43439
0.434443
0.434447
0.434467
0.434493
0.434513
0.434521
0.43453
0.434577
0.434594
0.434643
0.43467
0.434677
0.43469
0.434705
0.434713
0.434714
0.434737
0.434744
0.43475
0.434758
0.434764
0.434793
0.434804
0.434847
0.434856
0.434881
0.434894
0.434898
0.434921
0.434923
0.434933
0.43497
0.434996
0.43504
0.43505
0.435054
0.435098
0.435121
0.435128
0.435143
0.435144
0.435154
0.435164
0.435174
0.435185
0.435185
0.435207
0.435217
0.435217
0.435217
0.435254
0.43526
0.435341
0.435378
0.435414
0.435418
0.435437
0.43544
0.435463
0.435489
0.435507
0.435527
0.435554
0.435561
0.435568
0.435578
0.435611
0.435624
0.43564
0.435674
0.435714
0.435733
0.435781
0.435797
0.435811
0.435813
0.435864
0.435877
0.43597
0.435977
0.43598
0.436004
0.43601
0.436011
0.436058
0.43608
0.436087
0.436118
0.436164
0.436173
0.436174
0.436197
0.436214
0.436287
0.43632
0.436323
0.43633
0.436341
0.43636
0.436368
0.436395
0.436404
0.436418
0.436464
0.436478
0.436487
0.436491
0.4365
0.436511
0.436532
0.43654
0.436554
0.436602
0.436607
0.436607
0.436614
0.436627
0.436634
0.436654
0.436663
0.436687
0.436717
0.43672
0.436734
0.43674
0.436747
0.43675
0.436761
0.436791
0.436791
0.436791
0.436794
0.436811
0.436817
0.436817
0.43683
0.43684
0.43685
0.436854
0.436863
0.436871
0.436956
0.436957
0.43698
0.436986
0.437
0.437067
0.437083
0.437088
0.437128
0.437145
0.437163
0.43717
0.437204
0.437204
0.43721
0.437276
0.4373
0.4373
0.437364
0.437383
0.437384
0.437401
0.437453
0.437455
0.437461
0.437467
0.437501
0.437502
0.43751
0.43751
0.437527
0.437567
0.43757
0.437577
0.43758
0.437617
0.437623
0.437661
0.43767
0.43772
0.437728
0.43774
0.437747
0.437748
0.437753
0.437754
0.437764
0.437798
0.437863
0.43787
0.43788
0.437911
0.437954
0.437958
0.437974
0.438003
0.438031
0.438034
0.4381
0.438114
0.438123
0.438136
0.438161
0.438184
0.4382
0.438206
0.438207
0.438243
0.438248
0.43826
0.43829
0.438304
0.43831
0.438317
0.438327
0.438344
0.438348
0.438374
0.43838
0.438384
0.438388
0.438404
0.438404
0.438405
0.438407
0.438418
0.43844
0.438447
0.438457
0.438465
0.438503
0.438518
0.438544
0.438613
0.438634
0.438657
0.438676
0.438681
0.438691
0.438704
0.438738
0.438774
0.43881
0.438831
0.43885
0.43887
0.43887
0.438894
0.4389
0.438934
0.43898
0.43899
0.438991
0.439007
0.439037
0.439047
0.439054
0.439054
0.439059
0.439064
0.439074
0.439081
0.43911
0.439177
0.439197
0.439198
0.43921
0.439211
0.439233
0.439248
0.439256
0.439265
0.439267
0.43927
0.439294
0.439294
0.439298
0.439346
0.439354
0.439364
0.439367
0.439401
0.439414
0.439484
0.439504
0.439507
0.43951
0.439511
0.439548
0.439571
0.439584
0.439586
0.439625
0.439647
0.439664
0.43968
0.439698
0.439707
0.439709
0.439754
0.439764
0.439794
0.43981
0.439824
0.439847
0.439857
0.439863
0.439888
0.439894
0.43992
0.43993
0.439947
0.439953
0.439976
0.439987
0.440003
0.440014
0.440047
0.440103
0.440104
0.44013
0.440164
0.440201
0.440209
0.440214
0.440228
0.440273
0.440287
0.440297
0.440308
0.440313
0.440332
0.440333
0.440343
0.440344
0.4404
0.440403
0.440404
0.44042
0.440443
0.440458
0.440473
0.440476
0.440483
0.440487
0.440489
0.440491
0.440509
0.440527
0.44054
0.44055
0.440564
0.440578
0.440587
0.440653
0.440694
0.440737
0.440743
0.440745
0.440754
0.440843
0.440863
0.440881
0.440917
0.441005
0.441007
0.441028
0.441036
0.441038
0.441038
0.441077
0.441081
0.441104
0.441104
0.441114
0.441124
0.441137
0.441157
0.441158
0.441167
0.441181
0.441201
0.441214
0.441224
0.441237
0.441287
0.4413
0.441321
0.441327
0.44133
0.441345
0.441377
0.441429
0.441431
0.441453
0.441469
0.441576
0.441594
0.441597
0.441598
0.4416
0.441604
0.44161
0.441626
0.441634
0.441662
0.441681
0.441698
0.441727
0.441744
0.44175
0.441774
0.44179
0.441797
0.441813
0.441823
0.441833
0.44186
0.441862
0.441877
0.441884
0.44189
0.4419
0.441933
0.44195
0.44198
0.442004
0.442023
0.442028
0.442033
0.442057
0.442111
0.442132
0.442183
0.442241
0.442271
0.442277
0.442277
0.442311
0.442363
0.442375
0.442378
0.442387
0.442432
0.44244
0.442443
0.442447
0.442447
0.442463
0.442503
0.442507
0.442517
0.442543
0.442584
0.442591
0.442593
0.442637
0.442651
0.442666
0.442701
0.44271
0.442727
0.442728
0.44275
0.442818
0.442843
0.442854
0.442861
0.442894
0.442907
0.442913
0.44294
0.442944
0.442991
0.443023
0.443061
0.44307
0.443087
0.443157
0.443164
0.443165
0.443192
0.443196
0.4432
0.443207
0.443209
0.44322
0.443226
0.44324
0.443284
0.443287
0.44332
0.443354
0.44337
0.44339
0.443393
0.443403
0.443431
0.443436
0.443437
0.443473
0.443495
0.443571
0.443581
0.443611
0.443614
0.443626
0.443627
0.44365
0.443654
0.443656
0.443661
0.443673
0.44372
0.44374
0.443934
0.443994
0.443997
0.444003
0.444008
0.444031
0.444033
0.444058
0.444076
0.444077
0.444094
0.44415
0.444173
0.44418
0.444264
0.444277
0.44428
0.444367
0.444397
0.444397
0.444457
0.444463
0.444481
0.444485
0.444507
0.444541
0.444557
0.444561
0.444563
0.444594
0.444604
0.444605
0.444697
0.444724
0.44476
0.444797
0.444801
0.444871
0.444887
0.444894
0.44491
0.444917
0.444917
0.444974
0.44498
0.444981
0.444984
0.445001
0.445016
0.445041
0.445048
0.445071
0.445081
0.44509
0.445104
0.445125
0.445133
0.445161
0.445166
0.445177
0.445193
0.445214
0.445218
0.445256
0.445257
0.44529
0.445293
0.445311
0.445333
0.44537
0.44539
0.445407
0.445437
0.445457
0.44549
0.445514
0.445518
0.44555
0.44555
0.445554
0.445567
0.445567
0.44558
0.44559
0.445617
0.445646
0.445646
0.445664
0.445696
0.4457
0.445733
0.44578
0.445784
0.445791
0.445817
0.445837
0.445837
0.445843
0.445864
0.445878
0.44589
0.445897
0.445905
0.445906
0.44592
0.445944
0.445946
0.445948
0.44595
0.445956
0.445974
0.446027
0.446028
0.446054
0.446064
0.44617
0.446181
0.446197
0.44621
0.44624
0.446251
0.44628
0.446286
0.446298
0.44632
0.44633
0.446441
0.446464
0.446527
0.446563
0.446577
0.446583
0.446597
0.446627
0.446675
0.446688
0.446696
0.446698
0.446714
0.446721
0.446741
0.446751
0.44678
0.446801
0.446823
0.446834
0.446874
0.446877
0.446881
0.44689
0.44689
0.44691
0.446954
0.446968
0.446987
0.446988
0.447001
0.44703
0.447038
0.447064
0.447084
0.44714
0.447158
0.447184
0.447197
0.447198
0.447201
0.447227
0.447236
0.447258
0.447277
0.44729
0.447298
0.447304
0.447317
0.447361
0.447374
0.447376
0.447393
0.447397
0.447427
0.447434
0.447447
0.447464
0.447517
0.447521
0.447537
0.447544
0.44755
0.447564
0.44759
0.447637
0.447644
0.447645
0.447647
0.447674
0.447684
0.447697
0.44781
0.44782
0.447851
0.447897
0.447897
0.447903
0.447936
0.447957
0.44796
0.447991
0.448008
0.448024
0.448051
0.44806
0.448061
0.448073
0.448074
0.448074
0.448121
0.448144
0.448175
0.448207
0.448226
0.448247
0.448261
0.44827
0.448347
0.448364
0.448383
0.448424
0.448444
0.4485
0.448511
0.448524
0.448533
0.448559
0.448594
0.448677
0.44869
0.44873
0.448738
0.448771
0.448781
0.448824
0.44883
0.448833
0.448838
0.448892
0.448897
0.448926
0.44893
0.448954
0.44898
0.448989
0.449014
0.449065
0.44914
0.449141
0.449147
0.449157
0.449167
0.449214
0.449218
0.449257
0.449287
0.449316
0.44932
0.449321
0.449396
0.449417
0.449417
0.449427
0.449431
0.449447
0.44948
0.449484
0.449547
0.449547
0.449563
0.4496
0.449614
0.449615
0.449673
0.449673
0.44969
0.449724
0.449738
0.44974
0.449753
0.449771
0.449781
0.449787
0.449795
0.449807
0.44983
0.449983
0.450023
0.45004
0.450097
0.4501
0.450174
0.450181
0.4502
0.450278
0.45028
0.45032
0.450391
0.45041
0.450485
0.450544
0.45058
0.450583
0.450608
0.450621
0.450627
0.450663
0.450684
0.450718
0.450726
0.450751
0.450793
0.450834
0.450867
0.450878
0.450998
0.451014
0.451023
0.451034
0.451037
0.451051
0.451061
0.451064
0.451068
0.451085
0.451091
0.451093
0.4511
0.45115
0.451308
0.451321
0.45133
0.451333
0.451333
0.451336
0.451357
0.451367
0.451387
0.451391
0.4514
0.451441
0.451463
0.451488
0.451513
0.451544
0.451546
0.451604
0.45162
0.451644
0.451674
0.451694
0.451697
0.451711
0.451727
0.451737
0.451741
0.451747
0.45176
0.45182
0.451827
0.451841
0.451844
0.451851
0.451856
0.451894
0.451928
0.451938
0.451941
0.451997
0.452013
0.452014
0.452077
0.45211
0.45213
0.452147
0.452186
0.452205
0.452233
0.452237
0.452291
0.452297
0.452327
0.452373
0.45238
0.452438
0.45245
0.452467
0.452491
0.45253
0.452567
0.4526
0.45262
0.452654
0.452657
0.452657
0.452714
0.45275
0.452797
0.452801
0.452894
0.452934
0.452934
0.45294
0.452943
0.452983
0.453001
0.453064
0.453092
0.453127
0.45314
0.453193
0.453254
0.453272
0.453277
0.453287
0.4533
0.453343
0.45337
0.453407
0.453408
0.45347
0.453483
0.453483
0.453488
0.45351
0.453536
0.453563
0.453598
0.453604
0.453638
0.45366
0.45368
0.453685
0.45374
0.453774
0.453777
0.45379
0.453824
0.453857
0.453861
0.453991
0.454023
0.454045
0.454094
0.454144
0.454184
0.45421
0.454243
0.454284
0.454288
0.454334
0.45437
0.454403
0.454487
0.45449
0.454518
0.45455
0.454551
0.45457
0.454614
0.454621
0.45463
0.454637
0.454644
0.454719
0.4548
0.454808
0.454858
0.454915
0.455027
0.455031
0.45506
0.455171
0.45523
0.45525
0.455267
0.455337
0.455354
0.455363
0.455382
0.455433
0.455513
0.45554
0.4556
0.455604
0.45562
0.45562
0.455656
0.455693
0.455698
0.455711
0.455741
0.455744
0.455767
0.455784
0.455803
0.455807
0.455817
0.455821
0.455824
0.455867
0.455873
0.455914
0.456031
0.456033
0.456078
0.456133
0.456145
0.456154
0.456241
0.45626
0.456268
0.456281
0.456283
0.456314
0.456343
0.45638
0.456401
0.456407
0.456453
0.456464
0.456477
0.45651
0.456544
0.456546
0.456597
0.456618
0.456627
0.456637
0.456651
0.456667
0.456707
0.45671
0.456721
0.456801
0.456804
0.456821
0.456921
0.456931
0.457071
0.457083
0.45723
0.457251
0.457257
0.45735
0.457397
0.457506
0.45751
0.457578
0.45762
0.457631
0.457641
0.457677
0.457683
0.457685
0.457711
0.457718
0.45772
0.457721
0.457744
0.457747
0.457783
0.457791
0.45782
0.457824
0.45795
0.457961
0.457976
0.457987
0.458004
0.45803
0.458034
0.458073
0.458077
0.458081
0.458083
0.458113
0.458127
0.45813
0.458137
0.458157
0.458174
0.458181
0.458194
0.458297
0.458314
0.458344
0.458371
0.458394
0.4585
0.458506
0.45863
0.458631
0.458659
0.458681
0.45871
0.458711
0.458727
0.458727
0.458774
0.458847
0.458873
0.458877
0.458984
0.458997
0.459157
0.459188
0.459191
0.459194
0.459244
0.459251
0.45926
0.459277
0.459291
0.4593
0.45932
0.45934
0.459353
0.459384
0.459428
0.459441
0.459503
0.45951
0.459526
0.45961
0.459623
0.459643
0.459643
0.459691
0.459707
0.459737
0.459746
0.459806
0.459837
0.459851
0.459897
0.459977
0.459991
0.460091
0.460144
0.460157
0.460173
0.46019
0.460205
0.460253
0.460278
0.460281
0.460284
0.460406
0.460421
0.460423
0.460443
0.460507
0.460561
0.460583
0.46069
0.460747
0.460758
0.46077
0.460804
0.46086
0.460941
0.461061
0.461291
0.461301
0.461345
0.461394
0.461437
0.461481
0.461518
0.461567
0.46157
0.461627
0.461641
0.461658
0.461723
0.461741
0.461785
0.461854
0.461881
0.461917
0.461978
0.462057
0.462063
0.462111
0.462133
0.462147
0.462176
0.462177
0.462213
0.462324
0.462376
0.46241
0.462441
0.462453
0.462513
0.462515
0.462517
0.462518
0.4626
0.462657
0.462734
0.462745
0.462826
0.462896
0.462901
0.46296
0.463123
0.463214
0.463233
0.463234
0.46324
0.463338
0.463381
0.463496
0.463517
0.463523
0.463556
0.463557
0.463604
0.463606
0.463616
0.463738
0.463778
0.463797
0.463843
0.463947
0.46399
0.464011
0.464014
0.464033
0.46405
0.464153
0.464161
0.464167
0.464178
0.46421
0.464213
0.464217
0.464221
0.46423
0.464357
0.464414
0.464427
0.464434
0.464487
0.464604
0.464653
0.464674
0.464684
0.46476
0.464818
0.464847
0.46486
0.464878
0.464887
0.464951
0.46501
0.465057
0.46509
0.465166
0.465505
0.465537
0.465587
0.465605
0.465634
0.465648
0.46568
0.465688
0.465723
0.46574
0.46578
0.465881
0.465897
0.465898
0.465906
0.46595
0.465973
0.466051
0.466104
0.466215
0.466233
0.466254
0.466267
0.466277
0.46631
0.466318
0.466334
0.466344
0.466347
0.466436
0.466461
0.466467
0.46653
0.466534
0.466557
0.466608
0.466628
0.466641
0.466644
0.46686
0.466917
0.46694
0.466944
0.46699
0.467029
0.467104
0.467144
0.467178
0.467261
0.46733
0.467364
0.467438
0.467547
0.4676
0.467648
0.467663
0.467711
0.467721
0.46778
0.467813
0.467867
0.467931
0.468004
0.468027
0.468037
0.4681
0.468228
0.468233
0.468233
0.468314
0.468317
0.46833
0.468393
0.46853
0.468533
0.468657
0.468694
0.46873
0.46886
0.468877
0.468926
0.46903
0.469043
0.469054
0.469057
0.469124
0.469271
0.469345
0.46939
0.469507
0.469576
0.469664
0.46979
0.469823
0.469887
0.469913
0.470037
0.470077
0.470082
0.470111
0.470134
0.470197
0.470218
0.470283
0.470323
0.470337
0.470376
0.470377
0.470434
0.470588
0.4706
0.470653
0.470751
0.47078
0.47082
0.470821
0.47086
0.470888
0.47097
0.47108
0.471165
0.471248
0.471283
0.471384
0.471407
0.471431
0.47145
0.471451
0.47147
0.47147
0.471478
0.471486
0.471607
0.471621
0.471623
0.47168
0.47168
0.471775
0.47181
0.471834
0.471884
0.47191
0.471994
0.472028
0.47207
0.472078
0.472101
0.472127
0.472157
0.472295
0.472388
0.472396
0.472498
0.47284
0.472861
0.472941
0.473134
0.473144
0.473187
0.473196
0.473334
0.473436
0.473437
0.473692
0.473961
0.473994
0.474107
0.474157
0.4742
0.474254
0.474307
0.47435
0.47441
0.474547
0.47469
0.474707
0.475123
0.475244
0.475291
0.475311
0.475524
0.475767
0.475781
0.475815
0.47608
0.476102
0.476104
0.476124
0.476171
0.476257
0.476265
0.476493
0.476574
0.476614
0.476646
0.476823
0.477037
0.477044
0.47705
0.477074
0.477107
0.477127
0.477144
0.47723
0.47731
0.47735
0.477437
0.47747
0.477483
0.477493
0.477523
0.477533
0.477664
0.477921
0.477976
0.478041
0.478065
0.478074
0.47815
0.478183
0.478214
0.478394
0.478724
0.478747
0.478864
0.478901
0.47894
0.479004
0.479113
0.479113
0.479191
0.479211
0.479261
0.479411
0.479477
0.47951
0.479598
0.479633
0.479653
0.479751
0.479807
0.47996
0.479987
0.480031
0.480254
0.480259
0.480274
0.480381
0.480584
0.480767
0.48081
0.480937
0.480941
0.48104
0.481296
0.481387
0.481457
0.481497
0.481618
0.48165
0.481801
0.481821
0.482061
0.48212
0.482159
0.482204
0.482261
0.482397
0.482448
0.482585
0.48277
0.482854
0.482864
0.482997
0.48306
0.483326
0.48334
0.483344
0.483401
0.483495
0.48361
0.483658
0.48396
0.484111
0.48412
0.484241
0.484546
0.484557
0.48467
0.484737
0.484921
0.48496
0.485304
0.485363
0.485424
0.48565
0.485761
0.486064
0.486083
0.486114
0.486124
0.486137
0.48635
0.486523
0.486597
0.486693
0.486731
0.486878
0.487147
0.487244
0.48757
0.487605
0.487644
0.487656
0.487795
0.488013
0.488955
0.489101
0.489267
0.48951
0.489515
0.489586
0.489655
0.489777
0.489824
0.489881
0.490051
0.490053
0.490191
0.490353
0.491016
0.491268
0.491375
0.491734
0.491817
0.492067
0.492345
0.492604
0.492647
0.492997
0.493168
0.49341
0.49445
0.494523
0.494591
0.494875
0.494884
0.494893
0.495058
0.495143
0.495321
0.495789
0.49596
0.496015
0.49602
0.49616
0.496633
0.497397
0.497491
0.497714
0.49775
0.498035
0.498477
0.498708
0.49912
0.499261
0.49947
0.49961
0.499623
0.49979
0.500264
0.500461
0.500553
0.500837
0.501114
0.501291
0.501297
0.501504
0.501977
0.502044
0.502086
0.50234
0.503184
0.503811
0.50395
0.50469
0.50477
0.504814
0.505007
0.505323
0.506337
0.506444
0.507434
0.507564
0.507703
0.507714
0.50789
0.508834
0.50884
0.509374
0.512642
0.512683
0.513556
0.51483
0.516871
0.517404
0.519017
0.519703
0.52079
0.520965
0.522047
0.52224
0.522773
0.522814
0.522881
0.523196
0.52442
0.527191
0.527364
0.52878
0.532764
0.533451
0.53357
0.534193
0.537543
0.539918
0.539931
0.540128
0.541247
0.541877
0.543077
0.544488
0.545561
0.550174
0.551017
0.551317
0.551714
0.554833
0.556683
0.557067
0.56105
0.562004
0.562893
0.564048
0.56608
0.569488
0.569581
0.570777
0.572084
0.574551
0.57511
0.581091
0.583356
0.584024
0.584934
0.585764
0.586191
0.587226
0.587435
0.588674
0.59015
0.590241
0.592928
0.593691
0.595686
0.596558
0.59778
0.599637
0.599843
0.600427
0.602941
0.60548
0.606598
0.606611
0.607724
0.614193
0.619467
0.620345
0.620767
0.621311
0.622597
0.624527
0.625385
0.626128
0.627326
0.628008
0.628791
0.629248
0.63082
0.635597
0.637053
0.641107
0.64322
0.64444
0.644801
0.64502
0.650124
0.650577
0.652184
0.656121
0.657086
0.657301
0.658104
0.658134
0.658533
0.662101
0.662367
0.667307
0.667824
0.674334
0.67517
0.677111
0.679458
0.679501
0.679718
0.680243
0.681065
0.681184
0.681551
0.681941
0.682447
0.683791
0.686037
0.688415
0.68978
0.690357
0.690724
0.691191
0.694244
0.695348
0.695504
0.695774
0.69603
0.696661
0.697378
0.703133
0.706254
0.707635
0.708183
0.712285
0.715401
0.715708
0.716725
0.71914
0.72168
0.725144
0.726454
0.729328
0.731477
0.732134
0.733007
0.734453
0.739182
0.740027
0.741628
0.74434
0.74608
0.750794
0.752041
0.755001
0.7558
0.756981
0.757871
0.759527
0.760358
0.760534
0.763204
0.769658
0.769798
0.775725
0.776932
0.777247
0.779232
0.788108
0.788761
0.791484
0.79219
0.793224
0.793248
0.79361
0.795535
0.796254
0.799767
0.801624
0.802721
0.803327
0.805011
0.805728
0.806277
0.807638
0.80767
0.809394
0.809721
0.810237
0.812883
0.815651
0.821604
0.822831
0.823481
0.825404
0.830351
0.830511
0.830771
0.834937
0.836233
0.838854
0.845495
0.849801
0.850577
0.851094
0.853001
0.854507
0.855755
0.855775
0.857354
0.863657
0.864915
0.870721
0.871628
0.873643
0.874681
0.876801
0.878674
0.883094
0.883363
0.889571
0.893617
0.896687
0.898491
0.899334
0.900354
0.903257
0.910594
0.914134
0.917058
0.919704
0.922268
0.924564
0.924951
0.926778
0.944141
0.949435
0.949628
0.950487
0.955721
0.965575
0.969531
0.977622
0.98563
0.996041
0.996757
1.006071
1.015718
1.019727
1.021081
1.027988
1.035748
1.036241
1.039808
1.047671
1.052684
1.059997
1.064737
1.078164
1.102238
1.156421
1.171601
1.203092
1.225653
1.234201
1.236555
1.242481
1.306444
1.318797
1.402769
1.543372
