0.235003
0.237304
0.24145
0.243384
0.245647
0.246974
0.24744
0.248565
0.24866
0.24868
0.249287
0.24958
0.25054
0.25078
0.250814
0.251317
0.25144
0.251638
0.251914
0.252094
0.252936
0.253053
0.253407
0.253697
0.25395
0.254234
0.255244
0.25581
0.255893
0.256404
0.256778
0.257
0.257
0.257707
0.25776
0.257783
0.257843
0.257933
0.258138
0.258411
0.25906
0.259337
0.26006
0.260244
0.260253
0.26026
0.260383
0.260466
0.260547
0.260717
0.260847
0.261637
0.261654
0.261697
0.26219
0.262337
0.26236
0.262503
0.262654
0.263056
0.263074
0.263103
0.263127
0.263148
0.263176
0.263267
0.263524
0.263581
0.26359
0.263787
0.26393
0.263973
0.264157
0.264174
0.26429
0.264293
0.26441
0.26459
0.264787
0.2648
0.26481
0.265244
0.265281
0.265283
0.265321
0.265328
0.265461
0.26554
0.265548
0.265677
0.265684
0.265727
0.265987
0.266023
0.266064
0.266097
0.266177
0.266304
0.26635
0.266386
0.26644
0.266523
0.266547
0.266597
0.26668
0.266683
0.266757
0.266757
0.266807
0.26691
0.266986
0.26702
0.267024
0.267103
0.26713
0.267134
0.267174
0.267397
0.26751
0.267523
0.267567
0.267571
0.267644
0.267681
0.2677
0.267797
0.267934
0.26796
0.268004
0.268257
0.268264
0.268327
0.268374
0.268377
0.268403
0.268474
0.26848
0.268521
0.268677
0.268694
0.268854
0.268863
0.268887
0.268897
0.268934
0.268981
0.269016
0.269017
0.26905
0.269181
0.269203
0.26922
0.269276
0.26929
0.2693
0.269333
0.269347
0.269404
0.269407
0.269417
0.269424
0.269477
0.26951
0.269563
0.269613
0.269638
0.26964
0.269733
0.269743
0.269796
0.269824
0.26983
0.269883
0.269963
0.269996
0.270096
0.27012
0.270154
0.270203
0.270241
0.270271
0.27029
0.270305
0.270334
0.270346
0.27039
0.270424
0.270447
0.270456
0.27049
0.27056
0.270667
0.270673
0.270817
0.270833
0.27084
0.270851
0.270854
0.270857
0.270893
0.270957
0.270971
0.27103
0.271076
0.271137
0.27119
0.271263
0.27128
0.27132
0.271374
0.271381
0.271393
0.271414
0.271417
0.271454
0.27147
0.271483
0.271497
0.271514
0.27155
0.271607
0.27164
0.271678
0.2717
0.271705
0.271733
0.2718
0.271813
0.271813
0.271954
0.271961
0.272057
0.272081
0.272113
0.272197
0.272221
0.27224
0.272264
0.27227
0.272271
0.272293
0.272294
0.272337
0.272351
0.272404
0.272417
0.272474
0.272484
0.272498
0.272556
0.27259
0.272591
0.272591
0.272591
0.272693
0.272693
0.272697
0.27273
0.272737
0.272737
0.272797
0.272937
0.27294
0.272983
0.272988
0.272993
0.272997
0.273033
0.273033
0.273074
0.273077
0.273147
0.273154
0.273161
0.273223
0.273257
0.273286
0.273288
0.273314
0.273337
0.27334
0.273354
0.273404
0.273407
0.273411
0.273444
0.27347
0.273474
0.273494
0.273556
0.27365
0.273676
0.273714
0.273744
0.273787
0.27382
0.273856
0.273876
0.273887
0.27389
0.27402
0.274024
0.274034
0.274054
0.274123
0.274128
0.274204
0.274223
0.274246
0.27427
0.274294
0.274357
0.274363
0.27442
0.27446
0.274557
0.274587
0.274603
0.27461
0.274617
0.274626
0.27468
0.27469
0.27469
0.274714
0.274737
0.274754
0.27476
0.274796
0.274797
0.274803
0.274827
0.27489
0.2749
0.274947
0.274966
0.274977
0.274978
0.27507
0.2751
0.27511
0.275186
0.275187
0.275253
0.275276
0.275307
0.275377
0.27542
0.275431
0.275457
0.27548
0.275486
0.275513
0.275533
0.27558
0.275591
0.275626
0.275733
0.275741
0.275767
0.275774
0.275797
0.2758
0.275861
0.275894
0.2759
0.275914
0.275934
0.275937
0.275958
0.27596
0.27596
0.276
0.276007
0.276018
0.276027
0.276071
0.276131
0.276173
0.276177
0.276183
0.276204
0.276204
0.276227
0.27623
0.27627
0.276347
0.276354
0.27636
0.276458
0.276463
0.276497
0.27654
0.276574
0.276613
0.276638
0.27664
0.27667
0.276681
0.27669
0.276707
0.276713
0.27677
0.276784
0.276787
0.276813
0.276826
0.276844
0.276874
0.27688
0.276897
0.276917
0.276944
0.277024
0.277041
0.277053
0.277057
0.277074
0.27722
0.277271
0.277281
0.27733
0.277336
0.277428
0.277457
0.277473
0.27749
0.27753
0.277554
0.277631
0.277651
0.277657
0.277686
0.277777
0.277833
0.277884
0.277886
0.277934
0.277951
0.278024
0.278044
0.278077
0.278078
0.278093
0.278134
0.278154
0.27816
0.278177
0.27823
0.278294
0.278323
0.27833
0.278343
0.27841
0.278413
0.278444
0.27845
0.278513
0.278544
0.278563
0.27857
0.27857
0.278607
0.278623
0.278667
0.27867
0.278808
0.27881
0.278814
0.27884
0.278841
0.278847
0.278866
0.278956
0.27897
0.279001
0.279074
0.279084
0.279097
0.279103
0.279128
0.279143
0.279203
0.27924
0.279244
0.27925
0.279266
0.279267
0.279283
0.279297
0.279324
0.279326
0.279333
0.279363
0.279371
0.27939
0.279414
0.279477
0.27948
0.27949
0.27951
0.279564
0.279573
0.2796
0.279604
0.279654
0.279674
0.27968
0.279721
0.279736
0.279748
0.279781
0.279797
0.279817
0.279837
0.279894
0.279897
0.279906
0.279963
0.279964
0.279964
0.279997
0.280026
0.28003
0.280063
0.280077
0.280077
0.28011
0.280163
0.280254
0.280264
0.280294
0.28031
0.280314
0.280333
0.280344
0.280367
0.280367
0.280471
0.280477
0.280481
0.280496
0.280524
0.280584
0.28059
0.28062
0.280623
0.280646
0.280663
0.280667
0.28067
0.280693
0.280704
0.28072
0.28072
0.280724
0.280727
0.280728
0.280747
0.28076
0.280767
0.280783
0.280787
0.280797
0.280797
0.280803
0.280843
0.280857
0.280867
0.280877
0.28091
0.280934
0.280941
0.280953
0.28097
0.281034
0.28108
0.281084
0.281104
0.281114
0.281117
0.28112
0.281123
0.28114
0.281161
0.28117
0.281183
0.281203
0.28121
0.281213
0.281253
0.281254
0.281284
0.281291
0.281294
0.281294
0.281297
0.28131
0.28133
0.281357
0.281363
0.281367
0.281374
0.281377
0.281398
0.281407
0.281433
0.281444
0.281447
0.28146
0.28147
0.281496
0.2815
0.28152
0.281548
0.281581
0.281618
0.281663
0.28168
0.281684
0.281687
0.281704
0.281714
0.281767
0.281803
0.281816
0.281827
0.281854
0.281858
0.28188
0.28188
0.2819
0.28191
0.281927
0.281927
0.281973
0.281984
0.281997
0.28201
0.28202
0.28203
0.282034
0.282043
0.28205
0.282083
0.282087
0.282094
0.28211
0.282136
0.282205
0.282207
0.282216
0.28222
0.28223
0.282274
0.282323
0.282341
0.282348
0.28237
0.282371
0.282417
0.282427
0.28243
0.28245
0.282476
0.282483
0.282513
0.28252
0.28252
0.28253
0.282544
0.28256
0.282576
0.282583
0.28265
0.282651
0.282684
0.282696
0.282697
0.282731
0.282753
0.282757
0.28277
0.282771
0.282777
0.28278
0.2828
0.28285
0.282877
0.282907
0.28292
0.282924
0.282944
0.28296
0.28296
0.282996
0.283031
0.283047
0.283056
0.28306
0.283064
0.28308
0.283091
0.283095
0.283098
0.2831
0.283121
0.28314
0.283167
0.28317
0.283237
0.283257
0.283274
0.283277
0.283314
0.283317
0.283337
0.28334
0.283343
0.28335
0.28335
0.283356
0.283386
0.2834
0.283407
0.283473
0.283474
0.28348
0.283544
0.283551
0.28356
0.28356
0.283567
0.283601
0.28363
0.283631
0.28364
0.283644
0.283665
0.283667
0.2837
0.283704
0.28371
0.283713
0.28377
0.2838
0.28381
0.28381
0.283824
0.283911
0.283916
0.283934
0.283946
0.28395
0.283951
0.283956
0.28401
0.284017
0.284051
0.284054
0.284097
0.284097
0.284104
0.28413
0.284131
0.284151
0.284153
0.284157
0.28417
0.284203
0.28422
0.28423
0.28425
0.284251
0.284257
0.28429
0.284294
0.28431
0.28433
0.284343
0.28436
0.284397
0.2844
0.284424
0.284447
0.284451
0.284454
0.284464
0.28449
0.28449
0.284531
0.284544
0.284568
0.284603
0.284607
0.284647
0.28465
0.2847
0.284707
0.284708
0.284777
0.284803
0.284833
0.284843
0.284844
0.284851
0.284871
0.28489
0.284896
0.284914
0.284916
0.284917
0.284974
0.284981
0.28501
0.285053
0.285063
0.285071
0.285107
0.285108
0.28512
0.285124
0.285134
0.285157
0.285223
0.285241
0.285271
0.285278
0.28528
0.285287
0.28529
0.285315
0.285336
0.285366
0.28538
0.285394
0.2854
0.285406
0.285413
0.285423
0.285423
0.285434
0.285483
0.285556
0.285568
0.285583
0.285593
0.285596
0.285608
0.285628
0.28563
0.285641
0.28565
0.285656
0.285683
0.28572
0.285727
0.285761
0.28578
0.28579
0.285797
0.28582
0.285857
0.28589
0.285931
0.285937
0.285947
0.28595
0.285953
0.285954
0.285954
0.286026
0.28605
0.286067
0.286067
0.286097
0.2861
0.28615
0.286151
0.286156
0.286167
0.28618
0.286183
0.286191
0.286203
0.286204
0.286217
0.286241
0.286243
0.286243
0.286263
0.286273
0.286287
0.28629
0.286308
0.286313
0.286353
0.28636
0.28638
0.286393
0.286401
0.286406
0.286424
0.28645
0.28645
0.286458
0.286467
0.286473
0.286494
0.28651
0.28652
0.286546
0.28655
0.286558
0.28656
0.286573
0.286594
0.286597
0.286607
0.286617
0.28662
0.28662
0.28663
0.286646
0.286656
0.286657
0.286676
0.286677
0.286677
0.286678
0.286683
0.286704
0.286753
0.286757
0.286757
0.28677
0.286773
0.286786
0.286811
0.286821
0.286823
0.28685
0.286851
0.286864
0.286924
0.28693
0.286947
0.286947
0.286961
0.286964
0.286964
0.28697
0.286981
0.286994
0.287001
0.287007
0.287037
0.287038
0.287064
0.287068
0.287076
0.287076
0.287077
0.28708
0.287086
0.287101
0.287107
0.28711
0.287114
0.287154
0.28716
0.28718
0.28718
0.287211
0.28722
0.287224
0.287234
0.28727
0.287274
0.287281
0.287327
0.287328
0.287331
0.287336
0.287338
0.287367
0.28737
0.287378
0.287397
0.2874
0.28743
0.287433
0.287437
0.287448
0.287454
0.287455
0.287464
0.287473
0.287477
0.287486
0.28749
0.287497
0.287507
0.28752
0.28752
0.287531
0.287564
0.287567
0.287607
0.287607
0.287624
0.28764
0.287647
0.287677
0.287691
0.287697
0.287721
0.287725
0.28775
0.28775
0.28776
0.287765
0.287767
0.28777
0.287797
0.2878
0.28781
0.287823
0.287824
0.287827
0.287844
0.287847
0.287863
0.287878
0.287934
0.28795
0.28795
0.287953
0.287971
0.287991
0.28803
0.28804
0.288043
0.28805
0.288061
0.288084
0.288087
0.2881
0.288117
0.288118
0.288124
0.288145
0.288173
0.28822
0.288226
0.288241
0.288247
0.288267
0.288267
0.288286
0.28829
0.288291
0.288295
0.288307
0.288307
0.288314
0.288317
0.288327
0.288387
0.2884
0.288416
0.28844
0.288443
0.288444
0.28847
0.288513
0.288523
0.288526
0.28853
0.288533
0.288533
0.28854
0.28854
0.288544
0.288563
0.288577
0.288611
0.288623
0.28863
0.288647
0.288653
0.288663
0.288687
0.288687
0.288691
0.288707
0.28871
0.288726
0.288734
0.288753
0.288764
0.288821
0.288867
0.28888
0.28889
0.288907
0.28892
0.288928
0.28895
0.288963
0.288964
0.28897
0.28902
0.28903
0.289047
0.289063
0.289084
0.289084
0.289114
0.28914
0.289141
0.289153
0.289223
0.289224
0.28924
0.289243
0.289244
0.289254
0.28926
0.289287
0.2893
0.289301
0.289304
0.289323
0.289337
0.289356
0.28936
0.289374
0.28938
0.289384
0.289397
0.289423
0.28943
0.289437
0.28945
0.289463
0.289493
0.289494
0.289501
0.289523
0.289527
0.289531
0.289541
0.289544
0.289554
0.289564
0.289604
0.289604
0.289677
0.289694
0.289746
0.28975
0.289761
0.289767
0.28978
0.2898
0.289805
0.289817
0.289856
0.289857
0.289863
0.289877
0.289884
0.289893
0.289917
0.289928
0.28993
0.289933
0.289946
0.289976
0.289997
0.290027
0.290041
0.29006
0.29007
0.29007
0.290103
0.290107
0.290136
0.290138
0.290174
0.290186
0.290193
0.290224
0.290227
0.290244
0.290288
0.29032
0.29035
0.290376
0.290393
0.290394
0.290417
0.29043
0.290433
0.290457
0.290463
0.290465
0.290475
0.290477
0.29048
0.290543
0.290546
0.29055
0.290573
0.290583
0.290584
0.290584
0.290597
0.290604
0.290611
0.290616
0.290625
0.290627
0.29063
0.29064
0.290644
0.29067
0.29068
0.290683
0.290687
0.290697
0.290697
0.290703
0.290704
0.290705
0.290707
0.290713
0.29073
0.290744
0.290777
0.290778
0.290787
0.29079
0.290791
0.290803
0.29082
0.29083
0.290874
0.290877
0.29088
0.290883
0.29089
0.290897
0.290907
0.290918
0.290925
0.29093
0.29094
0.290963
0.29101
0.291023
0.291043
0.291054
0.291061
0.291068
0.291074
0.29108
0.291111
0.291114
0.291123
0.291127
0.291134
0.291143
0.29116
0.291164
0.291174
0.291194
0.29121
0.29121
0.291223
0.29123
0.29126
0.291266
0.291267
0.29127
0.29128
0.291286
0.291297
0.291314
0.291337
0.291337
0.291345
0.291363
0.291364
0.291367
0.29142
0.29143
0.29145
0.291453
0.29146
0.291473
0.29148
0.291524
0.29153
0.291547
0.291557
0.29157
0.291577
0.291584
0.291601
0.291607
0.291624
0.291637
0.291671
0.291677
0.291685
0.291694
0.291704
0.291706
0.291727
0.29174
0.29178
0.291787
0.291804
0.291807
0.291827
0.291841
0.29187
0.291887
0.291896
0.2919
0.291907
0.29191
0.291924
0.291934
0.291935
0.291953
0.291956
0.291957
0.29197
0.29198
0.291986
0.29199
0.291994
0.291994
0.292003
0.292017
0.292048
0.29206
0.292078
0.292104
0.29211
0.292114
0.29212
0.29212
0.292127
0.292127
0.292134
0.29214
0.292197
0.2922
0.292207
0.292225
0.292247
0.29226
0.292264
0.292283
0.292284
0.292293
0.292293
0.292303
0.292313
0.292314
0.292337
0.29234
0.292341
0.292343
0.29237
0.292374
0.29238
0.292397
0.292398
0.292401
0.292433
0.292434
0.292437
0.292447
0.29245
0.292453
0.292471
0.292493
0.292497
0.2925
0.292504
0.292516
0.292517
0.292521
0.292564
0.292567
0.292573
0.292586
0.292587
0.292594
0.292594
0.292596
0.292607
0.292627
0.292631
0.292636
0.29264
0.29264
0.292645
0.29269
0.292693
0.292704
0.292723
0.292728
0.292757
0.292774
0.292774
0.292793
0.292797
0.2928
0.292807
0.29283
0.292844
0.29287
0.29288
0.292884
0.292917
0.292926
0.29293
0.29294
0.292943
0.292946
0.292947
0.292947
0.292971
0.292987
0.292987
0.293003
0.293004
0.293016
0.29302
0.293035
0.293046
0.293067
0.293071
0.29308
0.293113
0.293113
0.293114
0.293117
0.29312
0.293157
0.293163
0.29317
0.29318
0.293186
0.293188
0.2932
0.293223
0.293224
0.29327
0.293277
0.29328
0.293283
0.293295
0.293297
0.2933
0.2933
0.293308
0.293314
0.293327
0.293327
0.293344
0.293364
0.293367
0.293374
0.293377
0.293408
0.293411
0.293414
0.293424
0.293433
0.293437
0.293444
0.293454
0.293463
0.293464
0.29347
0.293477
0.293484
0.293487
0.293513
0.293524
0.293531
0.293577
0.293581
0.293597
0.293608
0.29361
0.29361
0.29363
0.293637
0.29364
0.293641
0.293644
0.293651
0.293654
0.29366
0.293665
0.293677
0.293693
0.293694
0.293717
0.293733
0.293734
0.293737
0.293754
0.29379
0.293811
0.293847
0.29385
0.29385
0.293857
0.293876
0.29391
0.293927
0.293931
0.29394
0.29395
0.293956
0.293961
0.293983
0.29399
0.294004
0.294004
0.29401
0.294014
0.294031
0.29404
0.29405
0.294061
0.294073
0.294074
0.294076
0.294077
0.294083
0.294088
0.294107
0.294115
0.294123
0.294131
0.294134
0.294137
0.294146
0.294163
0.294164
0.29418
0.294187
0.294196
0.2942
0.29421
0.294218
0.294264
0.294284
0.294287
0.294297
0.294324
0.29433
0.294331
0.294334
0.29434
0.294353
0.294358
0.29437
0.294373
0.294374
0.294387
0.294394
0.2944
0.294417
0.294417
0.29442
0.29442
0.294427
0.294427
0.294444
0.294451
0.294487
0.294487
0.294487
0.294494
0.294507
0.294507
0.294514
0.294517
0.294517
0.29452
0.294524
0.294537
0.294537
0.294551
0.294558
0.294577
0.29458
0.294594
0.294613
0.294643
0.294668
0.29467
0.29467
0.294676
0.294694
0.294701
0.294707
0.29471
0.294713
0.294723
0.29474
0.294747
0.294751
0.29476
0.294763
0.294767
0.294767
0.294774
0.294774
0.294777
0.294781
0.294781
0.294784
0.294787
0.294797
0.29481
0.294823
0.29485
0.29485
0.294858
0.294884
0.294897
0.294897
0.294904
0.294921
0.294923
0.29493
0.29493
0.29493
0.294934
0.29495
0.29495
0.294953
0.29496
0.29496
0.294961
0.294967
0.294983
0.295004
0.295008
0.295008
0.29501
0.295017
0.295017
0.29503
0.295037
0.295043
0.295047
0.295057
0.295061
0.295065
0.295066
0.295074
0.295074
0.29508
0.295083
0.295087
0.295107
0.29511
0.295114
0.295117
0.29512
0.29513
0.295133
0.29515
0.295153
0.29519
0.29519
0.295196
0.295197
0.295233
0.295237
0.295253
0.295261
0.295268
0.29527
0.295274
0.295294
0.295317
0.295318
0.29532
0.29533
0.295336
0.295344
0.295384
0.295387
0.295395
0.295403
0.295404
0.295406
0.295438
0.29544
0.295441
0.295448
0.295454
0.29546
0.295471
0.29548
0.295487
0.295493
0.295523
0.29554
0.295547
0.29555
0.29556
0.29556
0.295564
0.295566
0.295568
0.295577
0.2956
0.295607
0.295607
0.29562
0.295621
0.295623
0.29563
0.29563
0.295657
0.29566
0.295694
0.295696
0.295707
0.295721
0.295724
0.295737
0.295754
0.295773
0.295774
0.29578
0.29578
0.295784
0.295787
0.2958
0.295806
0.295811
0.295811
0.295813
0.295837
0.29585
0.295854
0.295873
0.29588
0.295883
0.295884
0.295893
0.295898
0.2959
0.295907
0.295914
0.295916
0.29593
0.29593
0.295938
0.295963
0.295963
0.29597
0.295986
0.296004
0.296013
0.296014
0.296024
0.296024
0.29603
0.296031
0.296033
0.29604
0.296041
0.296043
0.296104
0.296111
0.296117
0.296137
0.296141
0.296147
0.296147
0.29616
0.296163
0.29617
0.29617
0.29618
0.29619
0.296211
0.296224
0.29623
0.296237
0.296243
0.296263
0.296267
0.296277
0.296281
0.296283
0.296295
0.296317
0.296317
0.29632
0.296323
0.296357
0.296361
0.29638
0.296393
0.296397
0.296403
0.296421
0.296463
0.296464
0.296471
0.296473
0.29648
0.296481
0.296483
0.296483
0.296493
0.296495
0.296543
0.296547
0.296554
0.296574
0.296586
0.296598
0.29661
0.29661
0.296617
0.296617
0.296633
0.296638
0.296644
0.296648
0.29666
0.296673
0.296677
0.296683
0.296685
0.29669
0.296694
0.2967
0.296727
0.296734
0.296744
0.296747
0.296753
0.296754
0.296767
0.296767
0.296768
0.296771
0.296777
0.296777
0.296778
0.296783
0.296784
0.296786
0.296796
0.2968
0.29683
0.29683
0.296837
0.29685
0.29686
0.296866
0.296873
0.296884
0.296897
0.296906
0.296907
0.296917
0.296927
0.296927
0.296934
0.29694
0.296953
0.296957
0.296963
0.29699
0.29699
0.296991
0.296997
0.297004
0.297007
0.297011
0.297016
0.297024
0.297037
0.297054
0.29707
0.297077
0.297103
0.297113
0.297126
0.297133
0.297136
0.297143
0.29715
0.297164
0.297197
0.297207
0.297213
0.29723
0.297234
0.297238
0.297243
0.29725
0.29725
0.297256
0.297257
0.297264
0.297273
0.297284
0.297287
0.297297
0.297301
0.297305
0.297307
0.297321
0.297326
0.297337
0.29734
0.29735
0.297411
0.297415
0.29742
0.29743
0.297431
0.297434
0.29744
0.297443
0.297448
0.29745
0.297451
0.297453
0.29746
0.297463
0.29747
0.29747
0.297473
0.297473
0.297474
0.297478
0.29748
0.29749
0.297491
0.297506
0.297557
0.297567
0.297574
0.297577
0.29759
0.297593
0.297601
0.297607
0.297607
0.29761
0.297613
0.297614
0.297627
0.297661
0.297667
0.297683
0.297684
0.297687
0.297687
0.297701
0.297723
0.297723
0.297724
0.297728
0.297734
0.29775
0.297761
0.297767
0.297777
0.29779
0.297795
0.297803
0.29781
0.297811
0.29782
0.29783
0.297831
0.297841
0.297847
0.297857
0.297867
0.297867
0.29788
0.297886
0.297887
0.29789
0.297893
0.29791
0.29793
0.297943
0.297944
0.29795
0.297964
0.297996
0.298007
0.298021
0.29803
0.298036
0.298043
0.298047
0.298047
0.298071
0.29808
0.298083
0.298083
0.298087
0.298111
0.298118
0.29813
0.29813
0.29813
0.29814
0.298153
0.29816
0.298164
0.298168
0.29817
0.298176
0.29819
0.29819
0.298196
0.29821
0.298214
0.298215
0.298227
0.29823
0.298231
0.298233
0.298234
0.298244
0.298247
0.298267
0.298271
0.298274
0.298276
0.298293
0.298297
0.298301
0.298304
0.298306
0.298307
0.298318
0.298323
0.298327
0.298333
0.29834
0.298361
0.29837
0.298391
0.2984
0.298417
0.298417
0.29842
0.298421
0.298423
0.298424
0.298447
0.298453
0.298456
0.298457
0.29847
0.29847
0.29847
0.298474
0.298477
0.298483
0.298498
0.298501
0.298507
0.298534
0.298541
0.298547
0.298561
0.298564
0.298566
0.298577
0.29858
0.298583
0.298584
0.2986
0.29861
0.298611
0.29862
0.298624
0.298653
0.298663
0.298663
0.29867
0.298674
0.298678
0.298683
0.298687
0.298697
0.298707
0.298707
0.298727
0.29873
0.29873
0.298743
0.298743
0.298766
0.298787
0.298791
0.298801
0.298806
0.298807
0.29883
0.298833
0.29884
0.298843
0.298843
0.298857
0.298863
0.298876
0.29889
0.298906
0.298907
0.298923
0.298944
0.298946
0.298953
0.29896
0.298973
0.298973
0.298974
0.29898
0.29899
0.29899
0.299003
0.29901
0.299016
0.299036
0.299057
0.299063
0.299064
0.299081
0.299083
0.299087
0.29909
0.299095
0.299097
0.299097
0.2991
0.2991
0.299104
0.299104
0.299108
0.299124
0.299144
0.299151
0.299157
0.299158
0.299173
0.299184
0.299184
0.299184
0.299184
0.29919
0.299194
0.2992
0.299208
0.299213
0.299214
0.29922
0.299228
0.299243
0.299247
0.299263
0.299267
0.299271
0.299271
0.29929
0.29929
0.299293
0.299315
0.299324
0.299324
0.299334
0.299348
0.299353
0.299355
0.299357
0.29936
0.299374
0.299383
0.299387
0.299396
0.299397
0.299397
0.299407
0.299414
0.299423
0.299433
0.299444
0.29947
0.299471
0.299486
0.299487
0.2995
0.299503
0.299507
0.29952
0.29952
0.29952
0.299526
0.299533
0.299557
0.29956
0.299564
0.29957
0.299571
0.29958
0.29958
0.29959
0.2996
0.2996
0.299624
0.299627
0.29963
0.29965
0.299651
0.299654
0.29966
0.299667
0.299683
0.299684
0.299687
0.299714
0.299724
0.299724
0.29973
0.299737
0.299753
0.299784
0.299794
0.2998
0.299804
0.299807
0.299817
0.299827
0.299836
0.299838
0.299841
0.299861
0.299863
0.299884
0.299893
0.299893
0.299947
0.299948
0.299948
0.29995
0.299977
0.29999
0.300006
0.300007
0.300011
0.300017
0.300017
0.300017
0.300034
0.300037
0.300057
0.300058
0.300061
0.300067
0.300067
0.300076
0.30008
0.300083
0.30009
0.300093
0.300101
0.30011
0.30011
0.300138
0.300141
0.300144
0.300147
0.300148
0.300154
0.300163
0.300166
0.300178
0.300196
0.300204
0.30021
0.30023
0.30023
0.300244
0.300247
0.300253
0.300254
0.300258
0.300264
0.300264
0.300267
0.300283
0.300284
0.300293
0.300294
0.300296
0.3003
0.300314
0.300314
0.300324
0.300326
0.30033
0.30034
0.30034
0.300351
0.300371
0.300377
0.300377
0.300398
0.300403
0.300414
0.300417
0.300417
0.300426
0.300426
0.300427
0.300433
0.300434
0.300453
0.300454
0.30046
0.300464
0.30047
0.300477
0.300483
0.300483
0.300484
0.300486
0.300491
0.300497
0.300505
0.30051
0.30051
0.300517
0.30052
0.300533
0.300547
0.300551
0.300567
0.300571
0.300573
0.300577
0.300586
0.300587
0.300597
0.300601
0.300614
0.30062
0.30062
0.300625
0.300631
0.300646
0.300647
0.300687
0.300694
0.3007
0.300701
0.30071
0.300724
0.300727
0.300736
0.300753
0.300763
0.300765
0.300767
0.300771
0.300787
0.30079
0.300794
0.30081
0.300814
0.30082
0.300823
0.300837
0.300837
0.300841
0.300847
0.300847
0.300857
0.300857
0.30086
0.300863
0.300864
0.300864
0.300876
0.300881
0.300881
0.300884
0.300894
0.300894
0.3009
0.300913
0.300918
0.300923
0.300946
0.300954
0.300954
0.30096
0.300961
0.300974
0.300977
0.30098
0.300983
0.300986
0.300997
0.301007
0.301027
0.301027
0.301034
0.301041
0.301043
0.301087
0.301097
0.3011
0.301101
0.301107
0.301134
0.301144
0.301161
0.301161
0.301174
0.301188
0.301207
0.30122
0.301223
0.30123
0.301243
0.301257
0.301257
0.301263
0.301267
0.301267
0.301281
0.301287
0.301287
0.301287
0.30129
0.301294
0.301298
0.3013
0.301304
0.301304
0.301306
0.301311
0.301324
0.301345
0.30135
0.301353
0.301357
0.30136
0.301366
0.301374
0.30138
0.301383
0.301408
0.301416
0.301421
0.301424
0.30143
0.301433
0.301437
0.301471
0.301473
0.301487
0.3015
0.301503
0.301513
0.301533
0.301534
0.301534
0.301543
0.301561
0.301566
0.30157
0.301593
0.3016
0.301623
0.301624
0.30163
0.30163
0.301631
0.301631
0.301634
0.30164
0.301646
0.301648
0.301657
0.301666
0.301674
0.301683
0.301687
0.301703
0.301704
0.301707
0.30171
0.301734
0.301737
0.301747
0.30175
0.301751
0.301753
0.30176
0.301767
0.30178
0.301787
0.301794
0.30181
0.301817
0.30182
0.301827
0.30184
0.301841
0.301843
0.301848
0.30185
0.301877
0.3019
0.3019
0.301904
0.301904
0.30191
0.301911
0.30192
0.30192
0.30193
0.301957
0.30197
0.301974
0.301987
0.301991
0.301994
0.30202
0.302024
0.302024
0.302027
0.302036
0.302036
0.302047
0.302047
0.30206
0.302063
0.302067
0.302067
0.30207
0.302077
0.30208
0.302085
0.302103
0.30211
0.302117
0.302117
0.30213
0.302137
0.302137
0.30214
0.302147
0.302154
0.30216
0.30216
0.302167
0.302174
0.302174
0.302183
0.302196
0.302197
0.3022
0.302211
0.302237
0.302238
0.302246
0.30225
0.302261
0.302263
0.302263
0.302264
0.30227
0.302274
0.302277
0.302283
0.30232
0.302321
0.302334
0.302348
0.302351
0.302367
0.302377
0.302377
0.302396
0.302397
0.302398
0.302404
0.302407
0.30241
0.302411
0.302417
0.302417
0.30242
0.302424
0.302433
0.302434
0.302435
0.302437
0.302453
0.302454
0.30247
0.30247
0.302473
0.302484
0.302491
0.302493
0.302497
0.3025
0.302544
0.302553
0.302554
0.302563
0.302564
0.302568
0.302576
0.30258
0.302604
0.302607
0.30262
0.302637
0.302637
0.30265
0.302666
0.30267
0.302694
0.302704
0.302707
0.30272
0.302723
0.302724
0.302724
0.302734
0.30274
0.302764
0.302783
0.302784
0.302793
0.302798
0.302813
0.302814
0.302823
0.302824
0.302837
0.302848
0.302864
0.302881
0.302946
0.30295
0.302966
0.302977
0.302987
0.302993
0.303004
0.303004
0.303007
0.30301
0.303014
0.303021
0.303037
0.30305
0.303053
0.303054
0.30306
0.30307
0.303073
0.303083
0.303084
0.30309
0.303094
0.303103
0.303108
0.30311
0.303111
0.30312
0.303133
0.303137
0.303137
0.30314
0.303144
0.303147
0.303153
0.303157
0.303163
0.303174
0.303174
0.30319
0.303204
0.303207
0.303211
0.303217
0.303227
0.303247
0.30325
0.30325
0.303254
0.30327
0.30328
0.30328
0.30328
0.303296
0.303313
0.303313
0.303324
0.30333
0.303333
0.303333
0.303334
0.303344
0.303344
0.30335
0.303363
0.303363
0.303371
0.30338
0.303384
0.303403
0.303406
0.303424
0.303431
0.303443
0.303447
0.303447
0.303447
0.30345
0.30345
0.303477
0.303493
0.303514
0.30352
0.303523
0.303536
0.303543
0.30356
0.303577
0.30358
0.303593
0.303594
0.303601
0.303604
0.303604
0.303607
0.303623
0.30364
0.303647
0.303648
0.303653
0.303663
0.303675
0.303683
0.303691
0.303703
0.303714
0.30372
0.30373
0.303733
0.30374
0.303753
0.303757
0.303757
0.303764
0.303767
0.303784
0.30379
0.303803
0.303817
0.303826
0.303841
0.303841
0.30385
0.303851
0.303857
0.303883
0.303896
0.303896
0.303897
0.303897
0.303904
0.303914
0.303917
0.303923
0.303937
0.303943
0.303954
0.303967
0.303971
0.303987
0.30399
0.303994
0.303997
0.304008
0.304024
0.304026
0.304027
0.304047
0.304051
0.30406
0.30409
0.304094
0.304094
0.304108
0.304131
0.304133
0.304137
0.304143
0.304144
0.304146
0.304151
0.304153
0.304156
0.304157
0.304157
0.30417
0.30417
0.304173
0.304176
0.304185
0.304186
0.304197
0.304197
0.304201
0.30422
0.304223
0.304234
0.304237
0.304237
0.304243
0.304244
0.304244
0.304247
0.30425
0.30427
0.304273
0.30428
0.304283
0.304287
0.304304
0.304314
0.304317
0.30432
0.30432
0.304327
0.304327
0.304334
0.304344
0.304357
0.30436
0.304377
0.304377
0.304386
0.30439
0.30439
0.30439
0.304394
0.304396
0.30442
0.30445
0.304454
0.304457
0.304461
0.304473
0.304481
0.304484
0.304493
0.304494
0.304501
0.30451
0.30451
0.304514
0.304517
0.304524
0.304534
0.304543
0.304544
0.304547
0.30455
0.304554
0.304564
0.30457
0.304573
0.304581
0.304587
0.304591
0.304593
0.304593
0.304593
0.304603
0.304604
0.304613
0.304653
0.304657
0.30466
0.304673
0.304673
0.30468
0.30468
0.304687
0.304693
0.3047
0.3047
0.30472
0.30472
0.304726
0.304727
0.304727
0.304727
0.304736
0.30474
0.304741
0.304741
0.304756
0.304766
0.304767
0.304767
0.304777
0.30478
0.30478
0.304783
0.304787
0.30479
0.304793
0.3048
0.304806
0.30482
0.304824
0.304857
0.304867
0.304877
0.3049
0.304907
0.30491
0.304967
0.304976
0.30498
0.30498
0.304993
0.305027
0.305043
0.30509
0.305097
0.3051
0.305103
0.305127
0.305133
0.305177
0.305183
0.305187
0.3052
0.305203
0.305204
0.305207
0.305227
0.30523
0.305248
0.305254
0.30526
0.305264
0.30527
0.30528
0.30528
0.305286
0.30529
0.305317
0.305327
0.305328
0.305333
0.30534
0.30535
0.305351
0.305361
0.305364
0.305373
0.305374
0.305383
0.305393
0.305398
0.305407
0.30542
0.30543
0.30544
0.30544
0.305441
0.30545
0.305453
0.305457
0.30546
0.305461
0.305461
0.305464
0.305474
0.305477
0.305494
0.305494
0.305497
0.305503
0.305523
0.305526
0.305533
0.305536
0.305541
0.305548
0.305554
0.305554
0.305554
0.305564
0.305564
0.305571
0.305573
0.305573
0.305574
0.30559
0.305593
0.305606
0.30561
0.305614
0.305624
0.305627
0.30564
0.305653
0.305657
0.30566
0.30568
0.30569
0.305691
0.305703
0.305704
0.305711
0.305713
0.30572
0.305721
0.30574
0.30574
0.305741
0.305743
0.305753
0.305753
0.305764
0.305767
0.30577
0.305791
0.3058
0.305814
0.305828
0.305836
0.30587
0.305877
0.305884
0.305884
0.305886
0.305893
0.305904
0.305904
0.305907
0.305913
0.30592
0.305921
0.305933
0.305933
0.305937
0.305944
0.305945
0.305948
0.305963
0.305963
0.305964
0.30599
0.306007
0.30604
0.306044
0.306044
0.306057
0.30607
0.306073
0.306073
0.306074
0.306074
0.306077
0.30609
0.30609
0.3061
0.306113
0.306114
0.30612
0.30612
0.306123
0.306134
0.306136
0.306143
0.30617
0.306184
0.30619
0.306196
0.306196
0.3062
0.306204
0.306206
0.306217
0.306218
0.30622
0.306223
0.30625
0.306251
0.306254
0.30626
0.306263
0.306271
0.306286
0.306288
0.30629
0.306293
0.306293
0.306293
0.306301
0.306311
0.306316
0.30632
0.306333
0.306343
0.306346
0.306347
0.30635
0.30635
0.306354
0.306364
0.306366
0.30639
0.306393
0.3064
0.306407
0.30641
0.30642
0.306428
0.30643
0.306437
0.30644
0.306451
0.306456
0.30646
0.306463
0.306463
0.306466
0.306481
0.306481
0.306496
0.306497
0.3065
0.30651
0.30652
0.306534
0.306543
0.30655
0.306551
0.306553
0.306554
0.306557
0.306561
0.306563
0.306564
0.30657
0.30657
0.306581
0.306583
0.30659
0.306616
0.306633
0.306637
0.306637
0.30665
0.30665
0.306656
0.306673
0.306681
0.306687
0.3067
0.306716
0.306737
0.306753
0.306754
0.306771
0.306773
0.306778
0.3068
0.30681
0.306817
0.30682
0.30682
0.30683
0.306834
0.306854
0.30686
0.306871
0.30689
0.306893
0.306894
0.3069
0.306907
0.306921
0.306944
0.306947
0.30695
0.306966
0.30697
0.306981
0.306987
0.306997
0.307
0.307011
0.30702
0.307043
0.307044
0.30706
0.307065
0.307084
0.307094
0.307097
0.3071
0.307103
0.307104
0.30711
0.307114
0.307123
0.30713
0.307133
0.307133
0.30714
0.307147
0.30716
0.307198
0.30721
0.307213
0.307214
0.307217
0.30722
0.30722
0.307227
0.307227
0.307237
0.307248
0.307256
0.307257
0.307258
0.307264
0.30727
0.307277
0.30729
0.307291
0.307294
0.307296
0.307303
0.307303
0.307343
0.30735
0.307351
0.307351
0.307357
0.307363
0.307377
0.307386
0.307387
0.30739
0.3074
0.307403
0.30742
0.30742
0.307423
0.307434
0.30744
0.307443
0.307447
0.307454
0.30747
0.307473
0.30748
0.307491
0.307504
0.307527
0.307537
0.307543
0.307561
0.307561
0.307564
0.30757
0.307583
0.307584
0.307596
0.307597
0.307611
0.307628
0.307637
0.30764
0.307646
0.307657
0.307673
0.307684
0.307687
0.307688
0.30769
0.3077
0.307701
0.307713
0.307716
0.307717
0.307717
0.307727
0.30773
0.307733
0.307737
0.307738
0.30774
0.307743
0.307757
0.30776
0.307761
0.30777
0.307778
0.30778
0.307787
0.3078
0.307807
0.30781
0.307826
0.30783
0.30784
0.307853
0.307854
0.307863
0.307864
0.307887
0.307893
0.307907
0.307907
0.30791
0.307914
0.307924
0.30793
0.307933
0.307937
0.307943
0.307948
0.30795
0.307954
0.307956
0.307957
0.307961
0.307973
0.307977
0.307988
0.308004
0.308007
0.308028
0.30803
0.308034
0.308036
0.308044
0.308053
0.308057
0.30806
0.308081
0.308094
0.3081
0.30811
0.308127
0.30813
0.308138
0.30814
0.308147
0.308147
0.30815
0.308207
0.308211
0.308213
0.308217
0.30822
0.308241
0.308248
0.308256
0.308277
0.30828
0.308281
0.30829
0.30829
0.308307
0.308313
0.308317
0.308333
0.308336
0.30834
0.308347
0.308365
0.30837
0.30837
0.308373
0.308397
0.3084
0.308404
0.308404
0.30841
0.30841
0.308413
0.308434
0.308434
0.308437
0.30845
0.308454
0.308454
0.308486
0.308486
0.308491
0.308497
0.3085
0.308514
0.308537
0.308563
0.308566
0.308584
0.308587
0.308593
0.308611
0.308613
0.308618
0.308623
0.308626
0.30863
0.308635
0.308644
0.308648
0.308657
0.30866
0.308667
0.308677
0.308681
0.308683
0.308693
0.308694
0.308694
0.308698
0.308711
0.308733
0.30874
0.308743
0.308747
0.308748
0.30875
0.308754
0.308756
0.308767
0.30877
0.30878
0.308781
0.308784
0.308794
0.308797
0.308801
0.30883
0.308835
0.308836
0.308844
0.308853
0.308854
0.308857
0.308874
0.308877
0.30888
0.308887
0.30889
0.308893
0.3089
0.308904
0.30891
0.308924
0.30893
0.30893
0.308931
0.308944
0.308947
0.30896
0.308977
0.30899
0.309001
0.309007
0.309008
0.309023
0.309027
0.30903
0.309031
0.30906
0.309073
0.309077
0.309083
0.309101
0.30911
0.309131
0.30914
0.30914
0.309146
0.309151
0.309154
0.309157
0.309164
0.309167
0.309177
0.309187
0.309197
0.309201
0.309203
0.309203
0.309217
0.309223
0.309227
0.30927
0.30928
0.309333
0.309341
0.309344
0.30935
0.309357
0.309377
0.309377
0.30938
0.309384
0.309387
0.309388
0.309393
0.309407
0.309407
0.309417
0.30942
0.309435
0.309437
0.309443
0.309451
0.309456
0.309464
0.309473
0.309477
0.30948
0.309486
0.309494
0.309497
0.309507
0.309517
0.309517
0.309524
0.309534
0.30954
0.309551
0.309557
0.309557
0.309581
0.30959
0.309595
0.309596
0.3096
0.30961
0.309613
0.309627
0.30963
0.309633
0.309637
0.309643
0.30965
0.309661
0.309667
0.309677
0.309677
0.309684
0.309697
0.309707
0.309707
0.309711
0.309718
0.309727
0.309766
0.30977
0.30979
0.309797
0.3098
0.30981
0.30981
0.309817
0.309823
0.309828
0.309834
0.309841
0.309857
0.30986
0.30986
0.309861
0.309864
0.309867
0.30987
0.309871
0.30988
0.30988
0.309884
0.309887
0.309894
0.3099
0.30991
0.309924
0.30994
0.30995
0.309953
0.309957
0.31
0.310006
0.310011
0.310011
0.310014
0.31002
0.310023
0.310023
0.310026
0.310027
0.310027
0.310027
0.310027
0.31003
0.310031
0.310036
0.310044
0.31005
0.31005
0.310053
0.31006
0.310064
0.310074
0.310075
0.310081
0.310083
0.310085
0.310086
0.31009
0.31011
0.310117
0.310123
0.31013
0.310131
0.310136
0.310153
0.310154
0.31016
0.31016
0.310173
0.310187
0.31019
0.310191
0.310201
0.310213
0.310214
0.310214
0.31023
0.310236
0.310237
0.310246
0.31026
0.310275
0.310277
0.31028
0.310297
0.310307
0.310317
0.310324
0.310324
0.31033
0.310344
0.310347
0.310351
0.310357
0.31036
0.310364
0.310373
0.310373
0.310384
0.31039
0.310397
0.310401
0.310425
0.310427
0.310427
0.310427
0.310431
0.310437
0.310447
0.310448
0.310457
0.310457
0.31046
0.310463
0.310474
0.310481
0.310483
0.310484
0.310484
0.31049
0.31051
0.31052
0.310521
0.310523
0.310527
0.310533
0.31054
0.310543
0.310554
0.310567
0.310573
0.310577
0.31058
0.310581
0.310587
0.310596
0.310597
0.31061
0.310614
0.310616
0.310623
0.310628
0.310633
0.31064
0.310651
0.310651
0.310663
0.310664
0.310667
0.310681
0.310697
0.31071
0.310714
0.310714
0.310724
0.310727
0.310728
0.310738
0.31074
0.31074
0.310754
0.310754
0.31078
0.310781
0.310807
0.310814
0.310814
0.310827
0.31083
0.310837
0.310856
0.310857
0.310861
0.31088
0.310884
0.31089
0.310897
0.310907
0.310915
0.310917
0.310927
0.310927
0.31093
0.31093
0.31093
0.310931
0.310938
0.310944
0.310944
0.310948
0.310951
0.310974
0.310977
0.310978
0.31099
0.311003
0.311003
0.31102
0.31103
0.311037
0.311041
0.311041
0.311061
0.311073
0.311073
0.31108
0.311083
0.311083
0.311084
0.311088
0.31109
0.311091
0.311091
0.311096
0.311104
0.311104
0.311106
0.311114
0.311124
0.311126
0.31113
0.311131
0.311148
0.311153
0.311163
0.311173
0.311174
0.311175
0.311177
0.311213
0.311214
0.311227
0.311237
0.311244
0.311244
0.311246
0.311263
0.311271
0.311291
0.311301
0.311307
0.311315
0.311321
0.311323
0.31133
0.311336
0.311345
0.311351
0.311353
0.31136
0.311363
0.311364
0.311367
0.311373
0.311374
0.311388
0.311394
0.311404
0.311407
0.311437
0.31144
0.31144
0.311454
0.311463
0.311467
0.311468
0.311468
0.31148
0.311484
0.31153
0.311537
0.31155
0.311557
0.311574
0.31158
0.311593
0.311597
0.311603
0.311607
0.311614
0.311614
0.311627
0.311633
0.311636
0.311637
0.311651
0.311656
0.311658
0.311667
0.311667
0.311673
0.311687
0.31169
0.311693
0.311704
0.311716
0.311717
0.311724
0.311733
0.31174
0.311774
0.31178
0.311791
0.311791
0.311793
0.311794
0.311797
0.311803
0.311807
0.311814
0.311814
0.311817
0.311817
0.311824
0.311826
0.311834
0.311836
0.311844
0.311844
0.311854
0.311857
0.311864
0.311871
0.311871
0.31188
0.311893
0.3119
0.311906
0.311907
0.311927
0.31193
0.311933
0.311944
0.311947
0.311956
0.311961
0.311964
0.311974
0.311974
0.31198
0.311984
0.311996
0.312
0.312013
0.312017
0.312044
0.312047
0.31205
0.31205
0.312053
0.312065
0.312074
0.312077
0.312087
0.312094
0.312113
0.312114
0.312118
0.312121
0.312127
0.312127
0.31214
0.312144
0.312151
0.312176
0.312184
0.312184
0.312188
0.312188
0.312201
0.312203
0.312217
0.31222
0.31223
0.312233
0.312234
0.312247
0.312248
0.312256
0.312266
0.31227
0.312287
0.312294
0.3123
0.312303
0.31231
0.31233
0.312334
0.312337
0.312373
0.312376
0.312393
0.312394
0.312394
0.312397
0.312414
0.312421
0.312421
0.312433
0.312434
0.312437
0.31244
0.31245
0.312461
0.312473
0.312473
0.312473
0.312474
0.312484
0.312484
0.312493
0.312494
0.3125
0.312517
0.31252
0.312527
0.312534
0.312557
0.312564
0.312567
0.312568
0.312574
0.31258
0.312581
0.31259
0.312597
0.312604
0.312614
0.312617
0.31263
0.312633
0.31264
0.312641
0.312647
0.312667
0.312667
0.312668
0.312684
0.312687
0.312696
0.312703
0.312707
0.312708
0.312717
0.312721
0.312721
0.312721
0.31273
0.312734
0.312737
0.31274
0.312741
0.312753
0.31276
0.31277
0.312771
0.312773
0.31278
0.312787
0.312796
0.3128
0.312807
0.312807
0.31281
0.312814
0.31284
0.312843
0.312854
0.312854
0.312856
0.312881
0.312904
0.312914
0.312916
0.312924
0.312927
0.312937
0.31294
0.312947
0.312964
0.312967
0.31297
0.312978
0.31299
0.312995
0.313001
0.313004
0.31301
0.313024
0.313027
0.31303
0.31303
0.313033
0.313034
0.313034
0.313038
0.31304
0.31304
0.31304
0.31305
0.313058
0.31306
0.313061
0.313065
0.313067
0.31307
0.313073
0.313077
0.313084
0.31309
0.313094
0.313106
0.31311
0.31312
0.313127
0.313128
0.313136
0.313171
0.313184
0.313204
0.313211
0.313223
0.313226
0.31323
0.313234
0.313263
0.313264
0.313268
0.313271
0.313277
0.313284
0.31334
0.313346
0.313346
0.313348
0.313371
0.313371
0.313377
0.31339
0.313393
0.313397
0.313401
0.313406
0.313411
0.313414
0.313418
0.313424
0.313458
0.31346
0.313466
0.313467
0.313473
0.31348
0.313487
0.313491
0.313503
0.313504
0.313504
0.313511
0.313524
0.313527
0.313537
0.313537
0.31355
0.313551
0.31357
0.313573
0.313577
0.313584
0.313584
0.313596
0.3136
0.313601
0.313604
0.313607
0.313607
0.313627
0.313631
0.313647
0.313647
0.31365
0.31365
0.313653
0.31366
0.313663
0.313681
0.313683
0.313684
0.313704
0.313704
0.313721
0.313728
0.313734
0.313734
0.313736
0.31374
0.313747
0.31378
0.31378
0.31378
0.31379
0.313801
0.313803
0.313807
0.313817
0.31383
0.313833
0.313837
0.313844
0.313854
0.313864
0.31387
0.313876
0.31388
0.31388
0.313883
0.313893
0.313897
0.313898
0.313911
0.313923
0.313927
0.31393
0.313947
0.313953
0.313957
0.313963
0.313964
0.313967
0.313973
0.313976
0.313993
0.313994
0.313997
0.313997
0.314003
0.31401
0.314017
0.314024
0.314027
0.31405
0.314057
0.314057
0.314058
0.31407
0.314083
0.314097
0.3141
0.31414
0.314153
0.314157
0.31416
0.31417
0.31418
0.31418
0.314187
0.314191
0.314191
0.314195
0.3142
0.314216
0.31422
0.31422
0.314221
0.314225
0.314227
0.314234
0.314234
0.314237
0.314248
0.31425
0.31426
0.31426
0.314261
0.31429
0.314294
0.314301
0.314307
0.314307
0.314317
0.314317
0.31432
0.31433
0.314331
0.314337
0.314347
0.314357
0.31437
0.314387
0.31439
0.31439
0.314401
0.314414
0.314426
0.314427
0.314427
0.314431
0.314451
0.314454
0.314461
0.314467
0.314474
0.314487
0.3145
0.314501
0.314521
0.314524
0.314526
0.314527
0.314534
0.314537
0.31454
0.314543
0.314563
0.314567
0.314584
0.314586
0.314587
0.31459
0.3146
0.314625
0.31463
0.314631
0.314636
0.31465
0.31465
0.314651
0.314661
0.314667
0.31467
0.31467
0.314677
0.31468
0.314684
0.314687
0.31469
0.314693
0.314703
0.31471
0.314717
0.314721
0.314723
0.314727
0.31473
0.314738
0.314741
0.314747
0.314764
0.314767
0.31481
0.31481
0.314813
0.314813
0.314813
0.314817
0.314818
0.314827
0.314837
0.314837
0.314851
0.314854
0.314863
0.314863
0.31487
0.314874
0.314883
0.314915
0.314927
0.314934
0.314937
0.314937
0.314937
0.31494
0.314941
0.314943
0.31495
0.314974
0.314984
0.314985
0.31499
0.315003
0.315024
0.315024
0.315024
0.315037
0.31504
0.315051
0.315064
0.315066
0.315067
0.315067
0.315077
0.31508
0.315083
0.315083
0.315101
0.315107
0.315111
0.315114
0.315114
0.315127
0.315143
0.315147
0.315147
0.315148
0.315167
0.315167
0.315187
0.315196
0.3152
0.3152
0.315217
0.315231
0.315257
0.31526
0.315261
0.315264
0.31527
0.3153
0.3153
0.315307
0.31531
0.315324
0.31533
0.31533
0.315341
0.315354
0.315356
0.315384
0.315393
0.315397
0.315397
0.315404
0.315407
0.315414
0.315421
0.315434
0.31544
0.31544
0.31545
0.31546
0.315467
0.31547
0.31548
0.315487
0.315497
0.3155
0.3155
0.3155
0.31551
0.315511
0.315517
0.315526
0.31553
0.315533
0.315533
0.31554
0.315541
0.315553
0.315567
0.315588
0.31559
0.315593
0.3156
0.315607
0.315624
0.315631
0.315636
0.315637
0.31565
0.315657
0.31567
0.315676
0.315677
0.315687
0.315694
0.315707
0.315707
0.31571
0.31571
0.31571
0.315714
0.315717
0.315717
0.315723
0.315727
0.315727
0.31573
0.315734
0.315736
0.31574
0.315741
0.315744
0.315747
0.31576
0.31576
0.315773
0.315787
0.315787
0.315794
0.315803
0.315813
0.315826
0.315827
0.315827
0.315827
0.315834
0.31584
0.31584
0.315843
0.315848
0.31586
0.315863
0.315864
0.315871
0.315871
0.315874
0.315876
0.31588
0.315884
0.315893
0.315894
0.315904
0.31591
0.315913
0.315918
0.315928
0.315933
0.315934
0.315934
0.315957
0.31596
0.315964
0.315974
0.315977
0.315993
0.315993
0.316
0.316001
0.316011
0.316017
0.316017
0.316024
0.316026
0.31603
0.316034
0.316037
0.31604
0.316047
0.316047
0.316047
0.31605
0.316057
0.31606
0.316061
0.316064
0.316067
0.316071
0.316073
0.31609
0.316091
0.3161
0.316108
0.31611
0.316113
0.316117
0.31612
0.316121
0.316126
0.31613
0.316154
0.31616
0.316161
0.316167
0.316174
0.31618
0.316181
0.316207
0.316207
0.316211
0.316223
0.316227
0.316228
0.316253
0.316293
0.316297
0.316311
0.316314
0.316323
0.316334
0.31634
0.31634
0.316344
0.316344
0.31635
0.316363
0.316366
0.316387
0.316387
0.316388
0.316398
0.316403
0.316417
0.31642
0.316437
0.316444
0.31647
0.316473
0.31648
0.316498
0.316513
0.316517
0.316517
0.316527
0.31653
0.316533
0.31654
0.316563
0.316567
0.316567
0.316567
0.316573
0.316578
0.31658
0.31659
0.316591
0.3166
0.316604
0.316613
0.316616
0.316617
0.316624
0.316637
0.316647
0.316664
0.31667
0.316673
0.31668
0.31669
0.316697
0.316698
0.316704
0.316714
0.316717
0.316727
0.31674
0.316743
0.31676
0.316768
0.316773
0.316774
0.316776
0.316783
0.31679
0.316793
0.316797
0.3168
0.316801
0.316801
0.316803
0.316807
0.316824
0.316833
0.31684
0.316847
0.316853
0.316857
0.316863
0.316866
0.316874
0.316877
0.316877
0.316886
0.316888
0.31689
0.316893
0.316894
0.316918
0.31692
0.316921
0.316924
0.316928
0.316936
0.316937
0.31694
0.316943
0.316943
0.316946
0.316951
0.316966
0.316996
0.316998
0.317
0.317007
0.317007
0.31701
0.317013
0.317013
0.317017
0.317017
0.31702
0.317027
0.317037
0.317056
0.317067
0.317077
0.31708
0.317094
0.317097
0.317104
0.317104
0.31711
0.317111
0.31712
0.31714
0.317143
0.317143
0.317147
0.31715
0.31715
0.317164
0.317171
0.317178
0.317187
0.317203
0.317204
0.31721
0.317217
0.31722
0.317223
0.317227
0.317243
0.317251
0.317254
0.317254
0.317255
0.317266
0.317273
0.317274
0.317288
0.31729
0.317291
0.317297
0.317303
0.317306
0.317307
0.317317
0.31734
0.317341
0.317343
0.317348
0.31735
0.317374
0.317384
0.317394
0.317397
0.317401
0.317403
0.317407
0.317413
0.317416
0.31743
0.317431
0.317433
0.317446
0.31746
0.317467
0.317471
0.317473
0.317485
0.31749
0.317491
0.317501
0.317514
0.317514
0.317517
0.31752
0.317521
0.317537
0.31754
0.317546
0.317547
0.317548
0.31755
0.317567
0.317571
0.317581
0.317587
0.317594
0.317596
0.317598
0.317614
0.317617
0.317627
0.317653
0.317661
0.317677
0.317681
0.317684
0.31769
0.31769
0.3177
0.317701
0.317707
0.31771
0.31771
0.317714
0.317723
0.317727
0.317744
0.317746
0.317747
0.317766
0.31777
0.317777
0.317784
0.317787
0.317794
0.317803
0.317817
0.317823
0.317854
0.317855
0.31786
0.317863
0.317865
0.317867
0.317867
0.317876
0.317888
0.317897
0.317901
0.317914
0.317917
0.31792
0.317924
0.317957
0.317967
0.317977
0.317978
0.318
0.318003
0.318004
0.318007
0.31802
0.31802
0.318024
0.318027
0.31803
0.318037
0.318041
0.318043
0.318044
0.31806
0.31806
0.318063
0.31807
0.318074
0.318077
0.318077
0.318081
0.318087
0.318087
0.31809
0.318094
0.3181
0.318111
0.31813
0.318133
0.318143
0.318157
0.31816
0.318164
0.318167
0.318167
0.318174
0.318184
0.318187
0.318193
0.318217
0.318217
0.318217
0.31824
0.31824
0.31824
0.318244
0.318244
0.318246
0.318254
0.318257
0.31826
0.318263
0.318263
0.31828
0.318284
0.31829
0.318294
0.3183
0.3183
0.318303
0.31831
0.31831
0.318333
0.318344
0.318353
0.318353
0.318358
0.318375
0.318394
0.318394
0.318395
0.318411
0.318414
0.318417
0.318431
0.318437
0.31847
0.31848
0.31848
0.318483
0.318487
0.31851
0.31851
0.318521
0.31853
0.318533
0.318546
0.31857
0.31858
0.318586
0.318587
0.318604
0.318607
0.31861
0.31861
0.318617
0.31862
0.318626
0.318634
0.318643
0.318644
0.318661
0.318667
0.318676
0.318687
0.318698
0.318703
0.318707
0.31871
0.31872
0.318727
0.318734
0.318757
0.31877
0.318784
0.318784
0.318791
0.31881
0.31882
0.318828
0.318833
0.318841
0.31885
0.318863
0.318871
0.318873
0.318873
0.31889
0.31889
0.3189
0.318904
0.31891
0.31891
0.318914
0.318916
0.318917
0.318917
0.31892
0.318953
0.318956
0.318957
0.318961
0.318968
0.318983
0.318984
0.318993
0.319
0.319007
0.319017
0.319027
0.31903
0.319033
0.31904
0.319041
0.31905
0.31906
0.319064
0.31907
0.319073
0.319077
0.319077
0.31908
0.319084
0.319086
0.3191
0.3191
0.319114
0.319114
0.319114
0.319117
0.31912
0.319121
0.319127
0.319146
0.319147
0.31915
0.319157
0.319183
0.319183
0.319197
0.319197
0.3192
0.319204
0.319234
0.319237
0.319263
0.319274
0.319277
0.319284
0.31929
0.31929
0.319297
0.3193
0.319301
0.319301
0.319317
0.31932
0.31932
0.319327
0.319333
0.319353
0.31936
0.319367
0.319387
0.319394
0.319398
0.319407
0.319413
0.31942
0.319426
0.31943
0.319434
0.319437
0.319444
0.319447
0.319448
0.31946
0.319474
0.319483
0.319494
0.319528
0.31953
0.319547
0.31956
0.319577
0.3196
0.319617
0.319618
0.319624
0.319637
0.319644
0.319654
0.319657
0.31966
0.31966
0.319664
0.319667
0.319667
0.319674
0.319694
0.319704
0.319705
0.319726
0.319744
0.319753
0.319757
0.319764
0.319764
0.319774
0.319774
0.319775
0.319776
0.319784
0.319787
0.319787
0.319797
0.319797
0.319803
0.319811
0.319813
0.31982
0.319827
0.319837
0.31985
0.319854
0.319857
0.319858
0.319864
0.319871
0.319883
0.3199
0.319917
0.31992
0.31992
0.319926
0.319933
0.319934
0.319941
0.319948
0.319954
0.319956
0.31996
0.319961
0.319964
0.319967
0.319967
0.31998
0.31998
0.320004
0.320011
0.320014
0.320034
0.320037
0.320057
0.32006
0.320064
0.320093
0.3201
0.320101
0.320101
0.320106
0.320106
0.320107
0.320114
0.320126
0.320126
0.320127
0.320127
0.32013
0.320154
0.320163
0.320166
0.320167
0.320174
0.320183
0.320184
0.320197
0.3202
0.320227
0.32023
0.320237
0.320241
0.320247
0.32025
0.320254
0.32026
0.320263
0.320273
0.320277
0.320287
0.32029
0.320298
0.3203
0.320303
0.320308
0.320308
0.320317
0.320323
0.320344
0.320347
0.320348
0.320366
0.320367
0.320367
0.320394
0.320418
0.320438
0.32044
0.320443
0.320446
0.32047
0.32048
0.32048
0.320484
0.320497
0.3205
0.320506
0.320511
0.320517
0.32052
0.320524
0.320527
0.320531
0.320543
0.320547
0.320547
0.320557
0.320564
0.320574
0.320594
0.320597
0.320607
0.320643
0.320643
0.320657
0.320661
0.32067
0.32067
0.320677
0.320678
0.320687
0.32069
0.3207
0.320704
0.320704
0.320713
0.320721
0.320723
0.320724
0.320724
0.320731
0.320731
0.32074
0.320743
0.320746
0.320756
0.320767
0.32077
0.320783
0.320793
0.320801
0.320807
0.320824
0.320827
0.32083
0.32085
0.320876
0.32088
0.320887
0.320891
0.320897
0.3209
0.32091
0.320911
0.32095
0.320953
0.32096
0.320964
0.320966
0.320966
0.320974
0.320974
0.320977
0.320977
0.32098
0.32098
0.320981
0.320993
0.320994
0.320994
0.321001
0.321014
0.321014
0.321021
0.32103
0.321037
0.32105
0.32105
0.32106
0.321064
0.321094
0.3211
0.321104
0.321114
0.321127
0.32113
0.321133
0.321137
0.321171
0.321171
0.321177
0.321187
0.3212
0.321201
0.321203
0.321203
0.321207
0.32121
0.32121
0.32121
0.32122
0.321224
0.321247
0.321267
0.321293
0.3213
0.321304
0.321306
0.321307
0.32131
0.321314
0.321323
0.321324
0.32133
0.321337
0.32135
0.321351
0.321357
0.32136
0.321373
0.32138
0.321387
0.321394
0.321395
0.3214
0.321434
0.321437
0.32146
0.321467
0.321477
0.321484
0.321497
0.3215
0.321514
0.321533
0.321534
0.32154
0.32156
0.321561
0.321571
0.321573
0.321603
0.32161
0.321614
0.321623
0.321623
0.321624
0.321627
0.321627
0.321631
0.321634
0.321634
0.321636
0.321643
0.32165
0.321654
0.32166
0.321663
0.321668
0.321674
0.321681
0.321684
0.32169
0.321691
0.3217
0.321717
0.321723
0.32173
0.321734
0.321734
0.32174
0.321748
0.321756
0.32176
0.321777
0.321781
0.3218
0.321811
0.321814
0.321824
0.321833
0.321836
0.32184
0.32184
0.321851
0.321864
0.321867
0.321873
0.321876
0.321877
0.321887
0.321913
0.321913
0.321917
0.321927
0.321937
0.32194
0.321963
0.321963
0.321967
0.321973
0.321977
0.321978
0.321997
0.322
0.322011
0.322023
0.322024
0.32203
0.322041
0.322047
0.32205
0.322057
0.32206
0.32206
0.322093
0.3221
0.322117
0.32212
0.322131
0.322131
0.322143
0.322144
0.322153
0.322184
0.322187
0.32221
0.322214
0.32223
0.322234
0.322236
0.322264
0.32227
0.322271
0.32228
0.32228
0.322294
0.322296
0.32232
0.322327
0.322336
0.322341
0.322343
0.322357
0.32236
0.322387
0.32239
0.322411
0.322411
0.32244
0.32245
0.322457
0.32246
0.32248
0.322507
0.32251
0.322513
0.322517
0.322528
0.322536
0.322543
0.322571
0.322573
0.322576
0.322593
0.322596
0.3226
0.322604
0.322604
0.322607
0.322611
0.322614
0.322623
0.322633
0.32266
0.32266
0.322667
0.322667
0.32267
0.322671
0.32269
0.322707
0.322718
0.32273
0.32273
0.322736
0.322747
0.32275
0.32275
0.322753
0.322774
0.322777
0.322813
0.322817
0.32283
0.32284
0.322844
0.322844
0.32286
0.32286
0.322867
0.322871
0.322874
0.32288
0.322883
0.322883
0.32289
0.322893
0.322907
0.322911
0.322918
0.32292
0.322923
0.322927
0.322928
0.322941
0.322944
0.322944
0.322946
0.322954
0.322957
0.322968
0.322974
0.322978
0.322987
0.322997
0.323004
0.323013
0.323015
0.323017
0.323034
0.323037
0.32304
0.32306
0.323063
0.32307
0.32307
0.32307
0.32309
0.323091
0.323094
0.323097
0.323114
0.32312
0.323128
0.32313
0.323137
0.323137
0.323156
0.32316
0.32318
0.32318
0.323187
0.323193
0.323194
0.323196
0.323197
0.3232
0.323203
0.323207
0.32321
0.323224
0.323228
0.323257
0.32326
0.323271
0.323286
0.323288
0.323297
0.323297
0.32331
0.323314
0.323316
0.323333
0.32334
0.323344
0.323353
0.323354
0.32336
0.323374
0.323377
0.323387
0.323426
0.32343
0.32343
0.32343
0.323437
0.323437
0.32344
0.323447
0.32347
0.323491
0.323491
0.323494
0.323504
0.323507
0.323508
0.323515
0.323517
0.32352
0.32353
0.323534
0.323538
0.323541
0.323541
0.323547
0.32355
0.323554
0.323586
0.3236
0.323617
0.323623
0.323627
0.323627
0.323637
0.323641
0.323644
0.323644
0.323648
0.323654
0.323671
0.323677
0.323677
0.323697
0.323704
0.323711
0.323721
0.32373
0.323738
0.32376
0.323777
0.32378
0.32379
0.323791
0.3238
0.323807
0.323847
0.32385
0.323856
0.323864
0.323876
0.323893
0.3239
0.32391
0.323937
0.32394
0.323947
0.32395
0.323953
0.323954
0.323961
0.323968
0.32397
0.32397
0.32398
0.32399
0.32399
0.323991
0.323998
0.324
0.324024
0.324033
0.32404
0.32404
0.32404
0.324041
0.324044
0.324057
0.32406
0.324074
0.324077
0.324124
0.324137
0.32415
0.324153
0.324214
0.324217
0.324228
0.324237
0.32424
0.32425
0.32425
0.32426
0.32427
0.32427
0.324273
0.324276
0.324276
0.32428
0.324283
0.324287
0.324287
0.324291
0.324297
0.32431
0.32431
0.324313
0.324334
0.324337
0.324361
0.324364
0.324374
0.324394
0.324413
0.324423
0.324427
0.324427
0.324437
0.32444
0.324444
0.324447
0.324464
0.32447
0.324473
0.324487
0.32449
0.324491
0.324491
0.324494
0.324521
0.324521
0.324524
0.324527
0.324554
0.324556
0.324563
0.324587
0.324597
0.324611
0.324617
0.32463
0.324631
0.32464
0.324641
0.324644
0.32465
0.324651
0.32467
0.324671
0.324676
0.324687
0.324687
0.324693
0.324696
0.324698
0.3247
0.324703
0.324707
0.324711
0.324713
0.32473
0.32473
0.324733
0.324734
0.324736
0.32474
0.324748
0.32476
0.324765
0.32477
0.324788
0.32479
0.324793
0.324797
0.3248
0.324804
0.324814
0.324817
0.324826
0.324834
0.324838
0.324843
0.324847
0.324848
0.32485
0.32485
0.324853
0.324854
0.32486
0.324861
0.324864
0.324866
0.324867
0.324894
0.324897
0.324907
0.324907
0.324916
0.324917
0.324917
0.324918
0.324931
0.32494
0.324946
0.324954
0.324955
0.324971
0.324973
0.324973
0.324983
0.324987
0.324997
0.325013
0.325014
0.32503
0.325031
0.325033
0.325043
0.325058
0.32506
0.325063
0.32507
0.325073
0.32508
0.32508
0.325097
0.325116
0.325124
0.325137
0.325148
0.325151
0.325161
0.325174
0.325191
0.325197
0.3252
0.325207
0.325214
0.325231
0.325238
0.325248
0.32525
0.325256
0.325283
0.325283
0.325287
0.32529
0.325293
0.325294
0.3253
0.325304
0.325316
0.325318
0.325327
0.325333
0.32535
0.325354
0.325363
0.325366
0.325367
0.32538
0.325381
0.325383
0.32539
0.32539
0.3254
0.325417
0.325423
0.325424
0.32543
0.32543
0.325434
0.325437
0.32544
0.325443
0.325454
0.325456
0.325466
0.325471
0.325476
0.325486
0.325487
0.325487
0.32549
0.32549
0.325497
0.325504
0.325507
0.325516
0.325524
0.325537
0.32554
0.32554
0.325556
0.325561
0.325597
0.325626
0.32563
0.325641
0.325643
0.32567
0.325677
0.32571
0.325713
0.325716
0.325723
0.325728
0.32574
0.325741
0.325744
0.325758
0.325761
0.325764
0.325767
0.325783
0.32579
0.325797
0.325801
0.325803
0.32581
0.325817
0.325834
0.325837
0.32584
0.32584
0.325846
0.325847
0.325847
0.32586
0.32586
0.32587
0.325874
0.325883
0.325887
0.32589
0.325893
0.325901
0.325907
0.325913
0.325933
0.325934
0.325941
0.325944
0.325966
0.32597
0.325974
0.325977
0.325981
0.325997
0.326003
0.326004
0.326013
0.326017
0.326023
0.326023
0.32606
0.326061
0.326084
0.326086
0.32609
0.326108
0.326114
0.326117
0.32612
0.32616
0.32617
0.326174
0.326196
0.32622
0.326221
0.326236
0.32624
0.326263
0.32627
0.326277
0.326283
0.326287
0.326307
0.326314
0.326314
0.326327
0.326341
0.326346
0.326347
0.326348
0.32635
0.326353
0.326358
0.326367
0.32637
0.326374
0.326386
0.326397
0.326398
0.32641
0.326413
0.326413
0.326416
0.326431
0.32644
0.326453
0.326457
0.326457
0.32646
0.326484
0.326486
0.326497
0.326506
0.32651
0.326513
0.32652
0.326527
0.326534
0.326534
0.326537
0.326537
0.326553
0.326557
0.326577
0.3266
0.326604
0.326611
0.326613
0.326614
0.326621
0.326644
0.326661
0.326667
0.326671
0.326707
0.32671
0.326714
0.326727
0.326727
0.326728
0.326744
0.326744
0.326746
0.326747
0.326748
0.32675
0.326753
0.326757
0.326777
0.3268
0.326834
0.326836
0.32684
0.326843
0.326848
0.326854
0.326854
0.326854
0.326856
0.32686
0.32686
0.326861
0.326864
0.326868
0.32687
0.326871
0.326873
0.326874
0.326891
0.326894
0.326907
0.326907
0.32691
0.32691
0.326913
0.32692
0.326923
0.32693
0.32693
0.326941
0.326944
0.32695
0.32695
0.326951
0.32696
0.326964
0.326968
0.32697
0.326997
0.327004
0.327014
0.327017
0.327026
0.32703
0.327037
0.327043
0.327043
0.327047
0.327051
0.32706
0.327061
0.32709
0.327094
0.327107
0.327116
0.32712
0.327187
0.32719
0.327196
0.327205
0.327208
0.327211
0.327216
0.327224
0.327226
0.32723
0.327243
0.327247
0.32725
0.327253
0.327267
0.327267
0.32727
0.327274
0.327284
0.327287
0.327291
0.327293
0.327301
0.32731
0.32732
0.32732
0.327331
0.32734
0.327354
0.327356
0.327356
0.32736
0.32736
0.327377
0.327384
0.327387
0.327393
0.327404
0.32741
0.327433
0.327437
0.32745
0.327456
0.327458
0.32746
0.327461
0.327485
0.327493
0.327494
0.327507
0.327516
0.327521
0.327527
0.327537
0.327553
0.32756
0.327564
0.32757
0.327573
0.327594
0.327597
0.327597
0.327598
0.327601
0.327608
0.32761
0.32762
0.327634
0.327644
0.327654
0.327654
0.327657
0.32767
0.32768
0.327687
0.32769
0.32769
0.327695
0.327704
0.327704
0.32771
0.32774
0.327747
0.327751
0.32777
0.327777
0.327778
0.327787
0.327793
0.327793
0.327811
0.327827
0.327831
0.32784
0.327854
0.327857
0.32787
0.327873
0.327887
0.32789
0.327897
0.3279
0.32791
0.327913
0.32793
0.327941
0.327944
0.327957
0.327965
0.327978
0.32798
0.327991
0.32801
0.328011
0.328013
0.32802
0.328024
0.328055
0.328057
0.328063
0.328063
0.328064
0.328067
0.328067
0.328073
0.328074
0.328081
0.328087
0.328111
0.328114
0.328125
0.328146
0.328146
0.328167
0.328167
0.328168
0.328174
0.328183
0.328184
0.32819
0.328197
0.328197
0.3282
0.3282
0.32822
0.328247
0.328247
0.328253
0.328253
0.328257
0.328276
0.32829
0.328294
0.328294
0.328296
0.3283
0.32831
0.328314
0.328337
0.328337
0.328347
0.328351
0.32836
0.328383
0.328391
0.328404
0.32841
0.328424
0.328435
0.328451
0.328453
0.328467
0.328474
0.32848
0.32848
0.328497
0.328537
0.328547
0.328551
0.328554
0.328563
0.328571
0.32858
0.328584
0.32859
0.328593
0.328594
0.328596
0.328597
0.328611
0.328617
0.328617
0.328624
0.328627
0.328627
0.328627
0.328637
0.328644
0.328644
0.328651
0.328661
0.328673
0.328674
0.328678
0.328683
0.328683
0.32871
0.328721
0.328726
0.328734
0.328738
0.32874
0.328751
0.328761
0.328773
0.328774
0.328774
0.328775
0.328797
0.328798
0.328804
0.32881
0.328813
0.328816
0.328823
0.328847
0.328847
0.328848
0.328867
0.328868
0.32887
0.3289
0.328908
0.328908
0.32893
0.328931
0.328937
0.328951
0.328953
0.328957
0.328977
0.32898
0.328991
0.328997
0.329
0.329003
0.329004
0.329014
0.329016
0.32904
0.32904
0.329041
0.329046
0.329063
0.329067
0.32907
0.329074
0.329077
0.329086
0.329098
0.329104
0.329126
0.329127
0.329151
0.329167
0.329167
0.329168
0.329183
0.32919
0.3292
0.3292
0.329214
0.329221
0.329233
0.32925
0.329253
0.329264
0.329267
0.329277
0.329277
0.329287
0.32929
0.32929
0.3293
0.329317
0.329333
0.329351
0.329357
0.329364
0.329367
0.329371
0.329385
0.329393
0.329414
0.329434
0.329436
0.329443
0.329444
0.329445
0.329451
0.32946
0.329463
0.329474
0.329491
0.329494
0.329494
0.329498
0.3295
0.329507
0.329508
0.32951
0.32951
0.329527
0.329533
0.329543
0.32955
0.329556
0.329563
0.329564
0.329567
0.329567
0.329571
0.329576
0.329577
0.32958
0.329584
0.329591
0.329621
0.329627
0.32965
0.329656
0.329673
0.329674
0.329683
0.32969
0.329691
0.3297
0.32971
0.32971
0.329711
0.329717
0.32972
0.329733
0.329751
0.329753
0.329754
0.329767
0.329768
0.329773
0.329784
0.329787
0.329798
0.3298
0.3298
0.329804
0.329817
0.329833
0.329843
0.329867
0.329877
0.32988
0.329883
0.32989
0.32989
0.329893
0.329903
0.329927
0.329936
0.329943
0.329954
0.329954
0.329958
0.329961
0.329963
0.32998
0.329994
0.329994
0.329996
0.329997
0.329997
0.330007
0.330007
0.33001
0.330013
0.330017
0.330017
0.330024
0.33003
0.330037
0.330037
0.330054
0.330057
0.33006
0.33006
0.330063
0.330067
0.330077
0.330077
0.330084
0.3301
0.33011
0.33011
0.330114
0.330147
0.330164
0.330166
0.33017
0.330177
0.330193
0.330204
0.330204
0.330214
0.33022
0.330237
0.33024
0.330247
0.330253
0.330258
0.330258
0.33026
0.330261
0.33027
0.33029
0.3303
0.33031
0.330311
0.330317
0.330337
0.330347
0.33036
0.330373
0.330383
0.33039
0.330403
0.330403
0.330404
0.330406
0.33041
0.330418
0.33043
0.330444
0.330464
0.330467
0.33047
0.330473
0.33049
0.330491
0.330497
0.330521
0.330536
0.33054
0.33058
0.330584
0.330597
0.330597
0.33064
0.330664
0.33068
0.330681
0.330687
0.330697
0.330697
0.3307
0.3307
0.330701
0.330704
0.330707
0.330724
0.330727
0.330734
0.330768
0.330777
0.330787
0.330791
0.330801
0.330807
0.330823
0.330823
0.330833
0.33084
0.330847
0.33085
0.330864
0.330881
0.330888
0.33089
0.330894
0.330903
0.330903
0.330915
0.330927
0.330934
0.330954
0.330963
0.33097
0.330973
0.330973
0.330977
0.33098
0.331
0.331011
0.331024
0.331027
0.331036
0.331054
0.331054
0.331067
0.331071
0.331081
0.331083
0.331094
0.3311
0.331107
0.331111
0.331111
0.331113
0.331115
0.331127
0.331128
0.331147
0.331147
0.33115
0.33116
0.331164
0.331174
0.331187
0.331197
0.331201
0.331208
0.331217
0.331217
0.331224
0.331233
0.33125
0.331254
0.331255
0.331267
0.331274
0.331288
0.331301
0.331314
0.331321
0.331351
0.331353
0.331367
0.33137
0.33137
0.33137
0.331384
0.331384
0.331385
0.331387
0.331388
0.33139
0.3314
0.331407
0.331407
0.331427
0.331431
0.331437
0.331437
0.331438
0.331457
0.331457
0.331461
0.331471
0.331477
0.331483
0.331488
0.331491
0.331493
0.331497
0.331497
0.331514
0.33152
0.331527
0.331537
0.331538
0.33154
0.331554
0.33157
0.331574
0.331577
0.331594
0.331603
0.331607
0.331613
0.331643
0.331657
0.331664
0.33167
0.331677
0.33168
0.331683
0.33169
0.331694
0.331704
0.33171
0.331718
0.331723
0.331726
0.331747
0.33175
0.331754
0.331757
0.331757
0.331757
0.331761
0.331764
0.331767
0.331767
0.33177
0.331774
0.331787
0.331798
0.331833
0.331837
0.33184
0.33185
0.331856
0.331876
0.33188
0.331887
0.331894
0.331901
0.331907
0.331908
0.331914
0.331924
0.331926
0.331927
0.331937
0.331944
0.331957
0.331964
0.33198
0.33198
0.331997
0.33201
0.33202
0.33202
0.332027
0.332067
0.332073
0.33208
0.332081
0.332087
0.332098
0.3321
0.332104
0.332115
0.332117
0.33212
0.332134
0.332134
0.332144
0.332147
0.332164
0.332167
0.332173
0.332183
0.33219
0.332201
0.332203
0.332213
0.33222
0.332221
0.332227
0.332244
0.332247
0.33227
0.332284
0.33229
0.332296
0.3323
0.332313
0.33232
0.332326
0.332347
0.332353
0.332353
0.332355
0.33236
0.332363
0.332367
0.332411
0.332417
0.332423
0.332433
0.332433
0.33244
0.33245
0.33245
0.332467
0.332467
0.332473
0.332484
0.332494
0.332504
0.332513
0.332514
0.332521
0.33253
0.33253
0.332531
0.332534
0.332577
0.33258
0.332581
0.332584
0.3326
0.332607
0.33261
0.332611
0.332621
0.332621
0.332624
0.33263
0.332641
0.33265
0.332653
0.332663
0.332663
0.332663
0.332674
0.332677
0.33268
0.332683
0.332684
0.332685
0.332687
0.33269
0.332697
0.332705
0.33271
0.33272
0.332727
0.33274
0.332744
0.332774
0.332774
0.332791
0.332796
0.332824
0.332831
0.33285
0.332854
0.332854
0.332866
0.332877
0.33288
0.332881
0.33289
0.332903
0.332913
0.332917
0.332927
0.332948
0.332954
0.332954
0.33296
0.332973
0.332973
0.332981
0.33299
0.33302
0.33303
0.33303
0.333033
0.333034
0.333036
0.333036
0.333051
0.333087
0.333096
0.333097
0.333114
0.333117
0.333117
0.333134
0.333135
0.33314
0.33315
0.333151
0.333157
0.333157
0.333167
0.33317
0.333171
0.333173
0.333181
0.333194
0.33321
0.333214
0.333218
0.333237
0.333251
0.333254
0.333267
0.333293
0.333301
0.333303
0.333314
0.333317
0.333323
0.333323
0.333334
0.333354
0.333354
0.333364
0.333377
0.333384
0.33339
0.333393
0.333397
0.333413
0.333413
0.333414
0.333415
0.333417
0.333425
0.333434
0.333437
0.33344
0.333464
0.333467
0.333476
0.333478
0.33348
0.333483
0.333487
0.33349
0.3335
0.333507
0.333507
0.33352
0.333521
0.333524
0.333527
0.333533
0.333537
0.333553
0.333574
0.333587
0.33359
0.33359
0.333606
0.33361
0.333611
0.333614
0.333618
0.33365
0.333657
0.333668
0.333674
0.33368
0.333681
0.333686
0.333686
0.333687
0.333697
0.333707
0.333711
0.333713
0.33372
0.333724
0.333741
0.333743
0.333746
0.33375
0.333753
0.333757
0.333757
0.33377
0.33378
0.333781
0.333787
0.3338
0.333801
0.333803
0.333804
0.333806
0.333817
0.333827
0.33383
0.333834
0.333846
0.333846
0.333857
0.333867
0.33388
0.333881
0.333883
0.333916
0.333917
0.333923
0.333928
0.333941
0.333954
0.333954
0.333974
0.33398
0.333987
0.333994
0.333995
0.334013
0.33403
0.334034
0.334053
0.334054
0.334061
0.334063
0.33407
0.33407
0.33407
0.3341
0.334103
0.334104
0.33414
0.334151
0.334157
0.334157
0.334164
0.334173
0.334184
0.334194
0.3342
0.334204
0.334204
0.334204
0.33422
0.334223
0.33425
0.334266
0.33427
0.334293
0.3343
0.334303
0.334304
0.33432
0.334333
0.334334
0.33434
0.334343
0.33435
0.334357
0.334367
0.33439
0.334397
0.33441
0.334411
0.334433
0.334434
0.33444
0.334457
0.334457
0.334465
0.33447
0.33448
0.334488
0.33449
0.334491
0.334497
0.334507
0.334507
0.334517
0.334524
0.334537
0.334547
0.334553
0.334613
0.334614
0.334624
0.33463
0.334634
0.334645
0.334651
0.334657
0.334663
0.334664
0.33467
0.33467
0.33468
0.33471
0.334714
0.334724
0.33474
0.33474
0.334744
0.334747
0.334747
0.33475
0.334751
0.334757
0.334777
0.33478
0.33478
0.334781
0.334796
0.33482
0.334854
0.334864
0.334877
0.33488
0.334881
0.334901
0.334907
0.33491
0.334921
0.334931
0.334937
0.334941
0.334944
0.33495
0.334953
0.334956
0.334963
0.334963
0.334965
0.33498
0.334984
0.334993
0.335004
0.33501
0.335016
0.335017
0.335033
0.335044
0.335046
0.335047
0.335061
0.335066
0.33508
0.335087
0.335107
0.335114
0.335123
0.335127
0.335134
0.335144
0.33516
0.335167
0.335167
0.335177
0.335186
0.335187
0.335191
0.335201
0.335208
0.335237
0.335248
0.335253
0.335277
0.33528
0.335293
0.335294
0.33534
0.33535
0.335367
0.335367
0.335374
0.335393
0.335398
0.335421
0.335423
0.335434
0.335437
0.335447
0.335448
0.335457
0.33546
0.33546
0.335467
0.335467
0.335473
0.335483
0.335496
0.3355
0.335511
0.335511
0.335517
0.335523
0.335524
0.335527
0.33553
0.33553
0.335531
0.335558
0.33556
0.335566
0.335571
0.335577
0.33558
0.335597
0.335605
0.335623
0.33563
0.335647
0.33565
0.335654
0.335667
0.335671
0.33569
0.335704
0.33571
0.335713
0.335714
0.335714
0.335718
0.335726
0.335727
0.33573
0.33573
0.33573
0.33574
0.335748
0.335751
0.335756
0.335757
0.33578
0.335793
0.335804
0.335807
0.33581
0.335817
0.335818
0.335824
0.335837
0.33584
0.335844
0.335848
0.33586
0.335874
0.335883
0.33589
0.335894
0.335894
0.335897
0.335921
0.335925
0.33593
0.335944
0.335948
0.335953
0.335964
0.33598
0.33599
0.335997
0.336
0.336008
0.336008
0.336016
0.33602
0.336024
0.336043
0.336043
0.336053
0.336056
0.336057
0.33606
0.336061
0.336085
0.3361
0.336107
0.336117
0.336121
0.336138
0.33614
0.336143
0.336164
0.33619
0.336191
0.336198
0.3362
0.3362
0.336213
0.336213
0.33622
0.33622
0.33625
0.33626
0.336263
0.336273
0.336284
0.336287
0.3363
0.336306
0.33631
0.336311
0.336317
0.336334
0.336336
0.336337
0.336344
0.336354
0.33636
0.336368
0.336371
0.336387
0.336398
0.336414
0.33643
0.336433
0.336435
0.336451
0.33646
0.336463
0.336477
0.336477
0.336491
0.336504
0.336514
0.336514
0.336516
0.336517
0.336521
0.336534
0.336544
0.336544
0.33655
0.33655
0.336551
0.336583
0.336597
0.336597
0.3366
0.33661
0.336617
0.336617
0.336617
0.336623
0.336626
0.336627
0.336637
0.336653
0.336686
0.336697
0.336714
0.336724
0.336724
0.336727
0.33674
0.336757
0.336771
0.336787
0.336787
0.33679
0.336797
0.336807
0.336837
0.336844
0.33685
0.336864
0.336867
0.33687
0.336871
0.33688
0.336907
0.336911
0.336914
0.336924
0.33693
0.336946
0.33695
0.336958
0.33696
0.336971
0.33698
0.336981
0.336983
0.336996
0.336996
0.337004
0.337007
0.337014
0.337033
0.337036
0.337037
0.337044
0.337061
0.337063
0.337064
0.337067
0.337077
0.33708
0.337113
0.33713
0.337156
0.337174
0.337174
0.33719
0.337193
0.337223
0.337224
0.33724
0.337261
0.33728
0.337287
0.337293
0.337304
0.337314
0.337324
0.337327
0.337354
0.337363
0.337364
0.337371
0.337401
0.337407
0.33741
0.337413
0.337414
0.337416
0.33742
0.33742
0.33742
0.337436
0.337444
0.33746
0.337466
0.337467
0.33748
0.337486
0.337491
0.33751
0.337541
0.337548
0.337548
0.337551
0.337553
0.337557
0.337558
0.337567
0.337576
0.337577
0.337577
0.337597
0.337614
0.337624
0.337624
0.337647
0.337648
0.33765
0.337653
0.337653
0.337667
0.337673
0.337674
0.33768
0.337686
0.33771
0.337714
0.337721
0.33773
0.337756
0.337757
0.337768
0.337771
0.337784
0.337801
0.337803
0.337814
0.337817
0.33782
0.33783
0.337834
0.337844
0.337845
0.337863
0.337877
0.337897
0.337897
0.337907
0.337917
0.337921
0.33794
0.33794
0.337948
0.337994
0.338
0.338003
0.338011
0.338014
0.338016
0.33803
0.338036
0.338044
0.338054
0.338057
0.338063
0.33808
0.33808
0.33809
0.338101
0.33811
0.338127
0.33815
0.338164
0.33818
0.338187
0.33819
0.338207
0.338221
0.338226
0.338233
0.338233
0.33824
0.338253
0.338254
0.338254
0.338257
0.33826
0.33826
0.338264
0.338281
0.338291
0.338308
0.338323
0.338328
0.33833
0.33836
0.33837
0.338374
0.338374
0.338393
0.338401
0.338403
0.338414
0.338417
0.338423
0.338444
0.33845
0.338451
0.338457
0.338467
0.33847
0.33848
0.338486
0.3385
0.33851
0.338524
0.338528
0.33853
0.338547
0.338547
0.33855
0.33855
0.338557
0.338564
0.33858
0.338593
0.338595
0.338607
0.338613
0.338613
0.338614
0.33862
0.338633
0.338638
0.338644
0.338661
0.338663
0.338663
0.338673
0.338674
0.338681
0.338681
0.338681
0.338684
0.338703
0.338713
0.33872
0.338733
0.338734
0.338737
0.338764
0.33879
0.338806
0.338823
0.338827
0.338847
0.338848
0.338864
0.338878
0.338887
0.338891
0.338907
0.33891
0.338913
0.33892
0.33893
0.338931
0.338934
0.338938
0.33894
0.338947
0.338951
0.338958
0.33899
0.33902
0.339043
0.339046
0.339067
0.33908
0.33909
0.339091
0.339093
0.339104
0.339114
0.339147
0.33915
0.339167
0.339174
0.33918
0.339194
0.3392
0.339227
0.33923
0.339237
0.339244
0.339248
0.339257
0.339263
0.339266
0.33928
0.339297
0.339307
0.33931
0.33933
0.33933
0.33933
0.339331
0.339345
0.339348
0.339357
0.339366
0.339367
0.339368
0.339371
0.339394
0.339397
0.339404
0.33941
0.339417
0.339417
0.339423
0.33943
0.339443
0.339463
0.339483
0.339488
0.339496
0.3395
0.339504
0.33954
0.339541
0.33956
0.339563
0.339594
0.3396
0.339611
0.339617
0.339623
0.339628
0.33963
0.339634
0.339647
0.339654
0.339666
0.33967
0.339674
0.339678
0.33968
0.339716
0.339717
0.339718
0.339734
0.339737
0.339737
0.33974
0.339754
0.339814
0.339818
0.339828
0.33983
0.339837
0.339856
0.339877
0.3399
0.339907
0.339936
0.33997
0.339987
0.339988
0.339997
0.34001
0.340013
0.340016
0.34002
0.34003
0.340047
0.340056
0.340067
0.340074
0.340083
0.340087
0.340096
0.340097
0.3401
0.340115
0.340124
0.340127
0.340127
0.340137
0.34014
0.340164
0.340183
0.3402
0.34021
0.340217
0.340224
0.340233
0.340244
0.34025
0.340253
0.340254
0.340287
0.340313
0.340334
0.340347
0.340356
0.34036
0.340387
0.34039
0.340423
0.340428
0.340446
0.340451
0.340458
0.340471
0.34048
0.340491
0.340494
0.340505
0.340517
0.340556
0.340557
0.34056
0.340564
0.340571
0.340577
0.340587
0.340591
0.34061
0.34061
0.340627
0.340633
0.34064
0.340644
0.340647
0.340657
0.340694
0.340697
0.3407
0.340704
0.340707
0.340713
0.340717
0.340744
0.340751
0.340753
0.340771
0.340794
0.340797
0.34081
0.34082
0.340823
0.340841
0.340866
0.340877
0.340893
0.340896
0.340908
0.34091
0.340917
0.340924
0.340943
0.340944
0.340951
0.340954
0.34097
0.340973
0.340977
0.34098
0.340997
0.34102
0.341027
0.341043
0.341053
0.341053
0.341057
0.341067
0.341067
0.341071
0.34108
0.341104
0.341107
0.341107
0.34111
0.34113
0.34113
0.341131
0.341133
0.341137
0.341137
0.341147
0.341157
0.341167
0.341167
0.341177
0.34119
0.341203
0.34123
0.341237
0.341243
0.34125
0.341267
0.34128
0.341288
0.341316
0.341317
0.341327
0.341331
0.341343
0.341344
0.341351
0.341356
0.341357
0.341364
0.341367
0.341371
0.34138
0.34138
0.34138
0.341387
0.341398
0.341427
0.341437
0.341457
0.34147
0.341491
0.341494
0.3415
0.3415
0.3415
0.341501
0.341507
0.341517
0.341527
0.341528
0.34153
0.34154
0.341543
0.341547
0.341554
0.341556
0.341574
0.341574
0.341587
0.341604
0.34161
0.341616
0.341617
0.341624
0.341634
0.34165
0.341658
0.341674
0.34168
0.341687
0.341727
0.34173
0.341731
0.34176
0.341777
0.341781
0.341787
0.341804
0.341807
0.341808
0.34181
0.341814
0.34182
0.341827
0.341836
0.341841
0.341847
0.34186
0.341864
0.341904
0.341906
0.341911
0.341927
0.341927
0.341947
0.341956
0.341956
0.341963
0.341977
0.342027
0.342037
0.34206
0.34207
0.342078
0.342091
0.3421
0.342107
0.342113
0.342116
0.342147
0.342147
0.342147
0.34215
0.342154
0.342161
0.342178
0.342187
0.342198
0.3422
0.3422
0.342203
0.34222
0.342221
0.342227
0.34223
0.342234
0.342236
0.342264
0.342264
0.342264
0.342277
0.34228
0.342284
0.342291
0.342304
0.34231
0.342347
0.342351
0.342371
0.342384
0.34239
0.342393
0.3424
0.342401
0.342407
0.342407
0.342417
0.342423
0.342447
0.342465
0.342467
0.342467
0.342473
0.342474
0.342501
0.342504
0.342507
0.342527
0.342531
0.342531
0.342537
0.342544
0.342554
0.342557
0.342573
0.342577
0.342595
0.342607
0.342611
0.342611
0.34263
0.34264
0.34264
0.342658
0.342664
0.342664
0.342677
0.342677
0.342681
0.342683
0.342687
0.342691
0.342718
0.342737
0.342771
0.342774
0.34278
0.342781
0.342803
0.34282
0.34284
0.342851
0.342867
0.34287
0.3429
0.342918
0.34292
0.342927
0.342927
0.342931
0.342933
0.342933
0.34297
0.342971
0.343006
0.343016
0.34303
0.343035
0.343038
0.343044
0.343044
0.343047
0.34306
0.343081
0.343097
0.343104
0.343124
0.343156
0.34316
0.343161
0.3432
0.343207
0.343223
0.343227
0.343257
0.343273
0.343298
0.343301
0.343333
0.343337
0.343337
0.343348
0.343353
0.343361
0.343384
0.343387
0.34339
0.343421
0.343427
0.34343
0.34343
0.343433
0.343488
0.343497
0.3435
0.343504
0.343517
0.34353
0.34354
0.343551
0.343557
0.343583
0.343591
0.343601
0.343604
0.34362
0.34362
0.34362
0.343676
0.343677
0.34368
0.343697
0.3437
0.343716
0.343747
0.343751
0.34376
0.343771
0.343773
0.343796
0.343821
0.343821
0.34383
0.343837
0.343838
0.34387
0.34388
0.343886
0.343894
0.343924
0.343947
0.343947
0.343963
0.343965
0.343967
0.343997
0.344
0.344016
0.34402
0.344028
0.344031
0.344033
0.344047
0.344057
0.344064
0.344093
0.344094
0.344104
0.344116
0.344118
0.344123
0.344124
0.344137
0.344147
0.344147
0.344174
0.344174
0.344198
0.344224
0.344247
0.34425
0.34426
0.344264
0.344277
0.344304
0.344317
0.344334
0.34434
0.344347
0.34435
0.344363
0.344364
0.344367
0.344371
0.344376
0.34439
0.344394
0.344401
0.34442
0.34443
0.344447
0.344453
0.344453
0.344454
0.344474
0.344496
0.344524
0.344541
0.344544
0.344564
0.344594
0.344597
0.344603
0.34462
0.344628
0.344644
0.34465
0.344657
0.344661
0.344661
0.344674
0.34469
0.344693
0.3447
0.34471
0.344725
0.34473
0.34474
0.344744
0.344768
0.344776
0.344777
0.34478
0.34479
0.344807
0.34481
0.34485
0.344873
0.344884
0.34489
0.3449
0.344901
0.344917
0.34492
0.344923
0.344963
0.344967
0.344986
0.34502
0.345024
0.345027
0.345041
0.345054
0.345054
0.34506
0.345063
0.345073
0.34511
0.345127
0.345131
0.345147
0.345177
0.34518
0.345193
0.345193
0.34523
0.345244
0.345253
0.345253
0.345254
0.34526
0.345261
0.345297
0.3453
0.34531
0.34532
0.345327
0.345336
0.34534
0.345347
0.345357
0.345367
0.34537
0.3454
0.345414
0.345417
0.345454
0.345487
0.345494
0.345494
0.345497
0.345507
0.345507
0.345507
0.34551
0.34551
0.345521
0.345537
0.345547
0.345556
0.345561
0.345564
0.345576
0.345585
0.345591
0.345596
0.345597
0.345598
0.345604
0.345615
0.345621
0.345631
0.345643
0.345643
0.34565
0.34565
0.345651
0.345663
0.345691
0.345701
0.345717
0.345718
0.345721
0.34574
0.345747
0.345753
0.345783
0.3458
0.345834
0.345844
0.345876
0.345884
0.345888
0.345901
0.34593
0.345944
0.345973
0.346007
0.34601
0.346057
0.346071
0.34609
0.34612
0.346127
0.346143
0.34615
0.346157
0.34616
0.34617
0.34619
0.346197
0.346234
0.346238
0.346247
0.346247
0.34625
0.346254
0.34627
0.34628
0.346294
0.346295
0.346307
0.346321
0.346341
0.346351
0.346358
0.346358
0.34638
0.346387
0.34639
0.346404
0.346423
0.346454
0.346483
0.346486
0.34654
0.346553
0.346565
0.346576
0.346578
0.346581
0.346593
0.3466
0.346614
0.34666
0.346694
0.346694
0.34676
0.346784
0.346788
0.346797
0.346798
0.3468
0.346821
0.346823
0.34683
0.346831
0.346863
0.346868
0.346871
0.346876
0.346888
0.346897
0.346926
0.346937
0.346964
0.34698
0.346988
0.34699
0.346994
0.346997
0.347018
0.347021
0.347021
0.347021
0.347024
0.347038
0.347041
0.347041
0.347044
0.347044
0.347047
0.347047
0.34705
0.347051
0.347054
0.347057
0.347058
0.347064
0.347067
0.34708
0.347097
0.34711
0.347121
0.34713
0.347137
0.34714
0.347153
0.347164
0.347171
0.347187
0.347194
0.3472
0.347206
0.34721
0.347211
0.347216
0.347217
0.347225
0.34723
0.347247
0.347257
0.34727
0.34728
0.34731
0.34732
0.347323
0.347341
0.347351
0.347367
0.347378
0.3474
0.347413
0.347424
0.34743
0.347434
0.347467
0.34747
0.34747
0.347476
0.347483
0.347497
0.347521
0.347538
0.347538
0.347544
0.347551
0.347557
0.347588
0.34759
0.347607
0.347607
0.34761
0.347614
0.34762
0.34764
0.34764
0.347653
0.347656
0.347667
0.347683
0.347688
0.347713
0.347723
0.34774
0.347743
0.347744
0.347771
0.347777
0.347784
0.34779
0.347797
0.347827
0.347846
0.347871
0.347886
0.347894
0.347907
0.34791
0.347914
0.347916
0.347933
0.347981
0.34801
0.348024
0.34803
0.348038
0.348084
0.348097
0.34812
0.34812
0.34822
0.348228
0.348234
0.34825
0.348273
0.348297
0.348304
0.348313
0.348325
0.348353
0.348364
0.348368
0.34837
0.348383
0.348403
0.348416
0.34842
0.348421
0.348424
0.348427
0.348451
0.348453
0.348464
0.348477
0.348484
0.348487
0.34849
0.348517
0.34852
0.348527
0.348537
0.34854
0.348554
0.348564
0.348567
0.348584
0.348587
0.34859
0.3486
0.34861
0.34862
0.348627
0.348634
0.348637
0.34864
0.348654
0.348664
0.348677
0.348711
0.348734
0.34875
0.348753
0.348761
0.348784
0.348787
0.34879
0.348808
0.34884
0.348864
0.348871
0.34889
0.348891
0.348891
0.348901
0.34894
0.348971
0.348987
0.348994
0.349017
0.349037
0.34906
0.349071
0.3491
0.349105
0.34912
0.34912
0.349144
0.349146
0.349153
0.349181
0.349224
0.349238
0.349271
0.349317
0.349324
0.349325
0.349346
0.349378
0.349384
0.349393
0.3494
0.3494
0.34942
0.349421
0.34943
0.34943
0.349436
0.349437
0.34945
0.349457
0.349478
0.349486
0.34949
0.349511
0.349514
0.349514
0.349526
0.349557
0.349564
0.349564
0.349566
0.349567
0.349611
0.349621
0.349648
0.349657
0.34966
0.34968
0.349687
0.349767
0.349787
0.349834
0.349847
0.349883
0.349887
0.349893
0.349894
0.349894
0.349903
0.349907
0.349915
0.349937
0.349944
0.349947
0.349976
0.349984
0.349994
0.350013
0.350033
0.35004
0.350047
0.350083
0.350103
0.350114
0.35012
0.350137
0.35014
0.35019
0.350194
0.350203
0.35025
0.350257
0.350258
0.350274
0.350294
0.350298
0.350303
0.350321
0.350338
0.350347
0.350374
0.350377
0.350403
0.350413
0.350417
0.350427
0.350427
0.35046
0.350474
0.350476
0.350477
0.350485
0.35051
0.350537
0.35054
0.350557
0.350557
0.35056
0.350564
0.350567
0.350627
0.350631
0.35064
0.350667
0.350668
0.350697
0.350704
0.350707
0.350715
0.350727
0.350733
0.350757
0.350778
0.35078
0.350786
0.350803
0.350803
0.350811
0.350853
0.350883
0.350887
0.350897
0.350897
0.350907
0.350907
0.350914
0.350914
0.350924
0.35094
0.350977
0.35099
0.350991
0.351003
0.35104
0.351074
0.351074
0.351104
0.351161
0.35117
0.351173
0.351187
0.351188
0.351201
0.351213
0.351234
0.351241
0.35125
0.351278
0.351281
0.351293
0.351304
0.35131
0.351311
0.35132
0.351327
0.351347
0.351371
0.35139
0.351416
0.35142
0.3515
0.351508
0.351517
0.351551
0.351571
0.351573
0.351594
0.35163
0.351654
0.351655
0.35166
0.351663
0.351664
0.351727
0.35173
0.351735
0.351758
0.351761
0.35177
0.351771
0.351803
0.351821
0.351844
0.351877
0.35189
0.351893
0.351917
0.351944
0.351957
0.351957
0.351977
0.351991
0.352008
0.35203
0.352037
0.35204
0.35205
0.352081
0.352097
0.352097
0.352103
0.352117
0.352123
0.352171
0.352206
0.35223
0.352233
0.352238
0.35224
0.352258
0.35231
0.352327
0.352347
0.35239
0.35242
0.35242
0.352451
0.35246
0.352471
0.352488
0.352494
0.352521
0.352524
0.352558
0.352566
0.352574
0.352591
0.352594
0.352597
0.352607
0.352614
0.352624
0.352664
0.352667
0.352676
0.35268
0.352683
0.35269
0.352698
0.35271
0.352715
0.352716
0.352717
0.35272
0.352753
0.352757
0.352791
0.352794
0.35281
0.352823
0.352877
0.352877
0.3529
0.352927
0.352953
0.352973
0.353006
0.353018
0.353023
0.353031
0.35307
0.353077
0.353097
0.35311
0.35312
0.353131
0.353147
0.35316
0.353168
0.353194
0.3532
0.35322
0.35322
0.353233
0.353237
0.353274
0.353297
0.353306
0.353307
0.353367
0.353387
0.35339
0.353431
0.353433
0.353438
0.353448
0.353463
0.353495
0.353497
0.353498
0.353504
0.353507
0.353518
0.353546
0.353547
0.353563
0.353563
0.353577
0.35358
0.353591
0.35368
0.353717
0.35377
0.353774
0.353775
0.353823
0.353863
0.353871
0.353877
0.35391
0.353923
0.353934
0.35394
0.353955
0.35396
0.353967
0.353967
0.353994
0.354004
0.35401
0.35401
0.354013
0.35404
0.354067
0.354083
0.354087
0.35409
0.354094
0.35412
0.35413
0.354133
0.354147
0.354154
0.354164
0.354164
0.354176
0.354197
0.354214
0.354236
0.354256
0.354257
0.35426
0.354273
0.354306
0.354316
0.354357
0.354357
0.35436
0.354364
0.35438
0.354383
0.35439
0.35443
0.354444
0.35447
0.35447
0.354477
0.354481
0.354508
0.354514
0.354533
0.354583
0.354583
0.354614
0.35463
0.354633
0.354644
0.354647
0.35467
0.3547
0.35471
0.354711
0.354747
0.354757
0.354823
0.354853
0.354897
0.354907
0.354914
0.354916
0.354967
0.354971
0.354984
0.355054
0.355086
0.355114
0.355137
0.355147
0.35515
0.355153
0.355161
0.355163
0.355208
0.355215
0.355241
0.355244
0.355264
0.35527
0.355284
0.355287
0.355321
0.355344
0.355434
0.355443
0.355457
0.355483
0.35549
0.35552
0.355574
0.355575
0.35558
0.355587
0.355604
0.35561
0.355621
0.355633
0.35564
0.355683
0.355686
0.355694
0.355717
0.355738
0.35576
0.355763
0.355807
0.35584
0.355881
0.35589
0.355897
0.355921
0.355941
0.355943
0.355953
0.355971
0.355971
0.35602
0.35607
0.356071
0.356077
0.35608
0.356091
0.356105
0.356108
0.356113
0.35612
0.356131
0.356141
0.356177
0.35618
0.35622
0.35635
0.35637
0.356374
0.356426
0.356464
0.356473
0.35648
0.356487
0.35649
0.35651
0.35651
0.356511
0.356534
0.356584
0.356597
0.356617
0.356626
0.35663
0.356653
0.356653
0.35668
0.356683
0.356694
0.356723
0.35674
0.356741
0.356763
0.356764
0.356766
0.356766
0.356768
0.356833
0.35685
0.35686
0.35687
0.356875
0.35689
0.35689
0.35691
0.35692
0.356933
0.356937
0.356983
0.356995
0.356998
0.357004
0.357016
0.357051
0.357054
0.357097
0.35713
0.35713
0.357187
0.35719
0.35719
0.357193
0.357237
0.35724
0.357241
0.357287
0.357287
0.35729
0.357293
0.3573
0.357304
0.357307
0.357334
0.357346
0.357351
0.357378
0.357407
0.357408
0.357437
0.35745
0.357478
0.357517
0.357517
0.35753
0.35754
0.357553
0.357578
0.357607
0.357613
0.357638
0.357647
0.357696
0.357724
0.35773
0.35773
0.357736
0.357744
0.35775
0.357783
0.357793
0.357807
0.35781
0.357823
0.357841
0.357864
0.35787
0.357874
0.357883
0.357884
0.357886
0.357887
0.357924
0.357964
0.35798
0.358051
0.358077
0.35808
0.358088
0.358093
0.358144
0.358148
0.358156
0.35816
0.358165
0.35823
0.358241
0.358243
0.358283
0.358304
0.358324
0.358324
0.358401
0.35842
0.35846
0.35848
0.35849
0.358571
0.358613
0.358647
0.358663
0.358696
0.358703
0.358763
0.358794
0.3588
0.358826
0.35883
0.358884
0.358917
0.35892
0.358928
0.35893
0.358964
0.358977
0.358984
0.35899
0.359
0.359001
0.359027
0.35906
0.35908
0.359127
0.359128
0.359131
0.359217
0.359264
0.359303
0.359308
0.359333
0.359374
0.359387
0.359411
0.35949
0.359517
0.35955
0.35959
0.359606
0.35968
0.35969
0.359698
0.359714
0.35972
0.359741
0.359773
0.35979
0.359793
0.359797
0.359798
0.359808
0.359843
0.359847
0.359867
0.359881
0.359883
0.359903
0.359927
0.359928
0.359934
0.359944
0.360054
0.360111
0.360143
0.360157
0.360186
0.360207
0.360234
0.360267
0.360296
0.36044
0.360454
0.360461
0.3605
0.36052
0.360524
0.360547
0.360547
0.360594
0.360694
0.360704
0.360704
0.36072
0.360731
0.36074
0.360863
0.36089
0.360897
0.360911
0.360914
0.360934
0.360965
0.360973
0.360997
0.361051
0.36108
0.3611
0.361103
0.361107
0.361121
0.361133
0.361254
0.361254
0.361263
0.36128
0.361307
0.36136
0.361374
0.36138
0.36144
0.361457
0.361497
0.361521
0.361527
0.361537
0.36154
0.36157
0.361624
0.361631
0.361673
0.36169
0.36169
0.361693
0.361703
0.361704
0.361714
0.361717
0.361723
0.361725
0.361744
0.361767
0.361777
0.361798
0.361827
0.36183
0.361871
0.361874
0.361874
0.361874
0.361897
0.36191
0.361924
0.36196
0.361961
0.362001
0.362017
0.36203
0.362063
0.362083
0.362087
0.362088
0.3621
0.36211
0.36211
0.362163
0.362173
0.362177
0.362207
0.362213
0.362224
0.362233
0.362234
0.362247
0.362267
0.362327
0.362348
0.362483
0.362517
0.362588
0.362611
0.362637
0.362637
0.36264
0.362674
0.362686
0.362703
0.3628
0.362813
0.362857
0.36293
0.362937
0.362941
0.362964
0.362974
0.363021
0.36305
0.36309
0.36314
0.363154
0.36318
0.363203
0.363234
0.363264
0.363301
0.363303
0.363304
0.363373
0.363473
0.363503
0.363504
0.363527
0.36355
0.363557
0.363663
0.363724
0.36374
0.363754
0.36378
0.36387
0.363903
0.363914
0.36394
0.363946
0.36395
0.36398
0.3641
0.364107
0.364107
0.3642
0.364214
0.364227
0.364253
0.364274
0.36428
0.364331
0.364334
0.364383
0.364463
0.364471
0.36451
0.36454
0.364556
0.364593
0.364594
0.36463
0.364634
0.364667
0.36473
0.36476
0.364774
0.364778
0.36478
0.364794
0.364833
0.36485
0.365001
0.365028
0.365064
0.365087
0.365121
0.36513
0.36518
0.365218
0.365233
0.365237
0.365264
0.365317
0.365327
0.365336
0.365403
0.36545
0.365467
0.365594
0.365616
0.365617
0.365647
0.36565
0.36565
0.36566
0.36568
0.365744
0.365744
0.365754
0.365787
0.365807
0.36582
0.365834
0.365841
0.365874
0.365957
0.36596
0.365964
0.365997
0.36602
0.366031
0.366048
0.366054
0.366084
0.366147
0.366173
0.366193
0.366204
0.366224
0.36626
0.3663
0.366331
0.366404
0.366455
0.366517
0.366593
0.366624
0.366644
0.366651
0.36669
0.366713
0.366808
0.366841
0.366854
0.3669
0.366907
0.366944
0.366956
0.367011
0.367037
0.367114
0.36714
0.367224
0.367277
0.367317
0.367401
0.36746
0.3675
0.367533
0.367557
0.367558
0.367574
0.367625
0.367637
0.367667
0.367721
0.36774
0.367744
0.36779
0.367794
0.367801
0.36781
0.367867
0.367891
0.367913
0.367917
0.367967
0.368061
0.36808
0.368191
0.368237
0.36827
0.368324
0.36836
0.368387
0.36839
0.368418
0.368453
0.368471
0.368504
0.368507
0.36853
0.368557
0.36859
0.368623
0.368624
0.368645
0.368647
0.368654
0.36866
0.36866
0.368661
0.368747
0.368751
0.368771
0.368901
0.368911
0.368917
0.36894
0.368951
0.368957
0.369011
0.369011
0.369017
0.369085
0.369134
0.369163
0.369167
0.36917
0.369203
0.36926
0.369276
0.369287
0.36936
0.369367
0.3694
0.369416
0.369501
0.369503
0.36952
0.369524
0.369527
0.369563
0.369601
0.369627
0.36967
0.369756
0.36976
0.369817
0.369843
0.36985
0.369874
0.369974
0.370058
0.370067
0.370097
0.370144
0.370147
0.370177
0.370344
0.37051
0.370563
0.370637
0.370647
0.370651
0.37072
0.370767
0.370787
0.370788
0.370817
0.370881
0.370891
0.37096
0.371003
0.371023
0.371033
0.371057
0.371121
0.37115
0.371204
0.371231
0.37129
0.3713
0.371353
0.371424
0.371427
0.371437
0.371478
0.371615
0.371664
0.371758
0.37182
0.37191
0.37194
0.371977
0.37201
0.372014
0.372021
0.372023
0.372027
0.372044
0.372044
0.372061
0.372068
0.372074
0.372097
0.37212
0.372128
0.372221
0.372274
0.372354
0.372377
0.372386
0.3724
0.372477
0.372494
0.37251
0.372523
0.3726
0.372607
0.37266
0.37267
0.372731
0.372737
0.372797
0.372817
0.37286
0.3729
0.372981
0.37301
0.37303
0.37304
0.373063
0.373063
0.37312
0.373197
0.373313
0.373327
0.37334
0.37339
0.373404
0.373451
0.37346
0.373493
0.373508
0.373584
0.373726
0.373777
0.37378
0.373797
0.373807
0.37381
0.373854
0.373894
0.374027
0.374037
0.374037
0.374038
0.374067
0.374083
0.37411
0.374126
0.374271
0.374286
0.374337
0.37438
0.374383
0.374484
0.374541
0.374611
0.37462
0.37462
0.374647
0.374707
0.374808
0.374923
0.374963
0.374964
0.374987
0.375014
0.37515
0.375227
0.375327
0.375413
0.375453
0.375484
0.37551
0.375527
0.375707
0.375937
0.376114
0.376131
0.376154
0.376244
0.376291
0.376304
0.376321
0.37634
0.376454
0.376583
0.376614
0.376637
0.376674
0.37678
0.376867
0.376983
0.377077
0.37716
0.377197
0.377224
0.377426
0.3775
0.37757
0.37767
0.37772
0.37773
0.377917
0.377924
0.377977
0.378033
0.378067
0.378468
0.378723
0.378814
0.37882
0.379014
0.37902
0.379033
0.379258
0.379327
0.379436
0.379441
0.379734
0.37974
0.379924
0.380001
0.38005
0.380101
0.380121
0.380144
0.38043
0.380547
0.380604
0.38063
0.3807
0.38092
0.381377
0.381386
0.381967
0.382054
0.382277
0.382616
0.38264
0.383033
0.383057
0.383074
0.383156
0.383193
0.383197
0.383197
0.383401
0.383517
0.383521
0.383617
0.383617
0.383757
0.383768
0.383783
0.38403
0.384044
0.384221
0.384318
0.384348
0.384394
0.384413
0.38459
0.38474
0.384828
0.384897
0.385087
0.385344
0.38539
0.385624
0.385668
0.385925
0.386607
0.386684
0.386771
0.386833
0.387055
0.387377
0.38758
0.387627
0.387636
0.387691
0.388043
0.38827
0.3883
0.388307
0.388444
0.388468
0.388636
0.388658
0.388687
0.388713
0.38907
0.38919
0.38949
0.389787
0.389873
0.390011
0.390041
0.390174
0.39023
0.390641
0.390805
0.391033
0.391181
0.39126
0.391554
0.391713
0.39199
0.392237
0.392337
0.392354
0.392491
0.392774
0.392817
0.392876
0.392951
0.393141
0.393253
0.393414
0.393514
0.393578
0.39359
0.39374
0.393857
0.394021
0.394037
0.394093
0.394687
0.39499
0.395268
0.395374
0.395453
0.395777
0.396273
0.39693
0.396934
0.397104
0.397144
0.397227
0.397267
0.397268
0.397783
0.397873
0.397897
0.397923
0.398273
0.398431
0.398647
0.398736
0.399158
0.399538
0.399715
0.399988
0.400075
0.400327
0.400363
0.400434
0.400487
0.400666
0.40082
0.401004
0.401107
0.401385
0.401507
0.401643
0.402056
0.4024
0.402661
0.40313
0.403174
0.403226
0.403251
0.403463
0.403655
0.403698
0.403864
0.404853
0.404896
0.406194
0.407521
0.407573
0.408047
0.408377
0.40838
0.408576
0.408808
0.409243
0.409443
0.409533
0.409878
0.41078
0.410936
0.411193
0.411407
0.411643
0.411651
0.411848
0.412681
0.412807
0.413364
0.413661
0.413738
0.413774
0.414167
0.414723
0.415168
0.41542
0.415701
0.41618
0.41632
0.416647
0.41713
0.41866
0.420187
0.421228
0.42136
0.421581
0.423916
0.42416
0.42423
0.425135
0.42536
0.426685
0.426853
0.427168
0.42896
0.429241
0.431898
0.432327
0.432754
0.43453
0.434673
0.435227
0.436483
0.438668
0.441381
0.441397
0.443554
0.448334
0.449631
0.451627
0.454025
0.460584
0.464037
0.471823
0.477197
0.478737
0.485207
0.49018
0.490937
0.49182
0.492827
0.499441
0.49969
0.50082
0.512631
0.513067
0.516251
0.516451
0.520028
0.531337
0.545534
0.547167
0.548284
0.55613
0.572754
0.574386
0.59532
0.596708
0.60005
0.600281
0.612221
0.61693
0.621914
0.630648
0.632413
0.640041
0.653474
0.658897
0.66049
0.662635
0.664774
0.67594
0.694691
0.697737
0.700057
0.715713
0.733977
0.747117
0.74744
0.748551
0.749591
0.75715
0.7583
0.758685
0.784697
0.78981
0.814991
0.827441
0.839078
0.844284
0.844368
0.853231
0.853671
0.855571
0.862404
0.934524
0.983121
1.029568
1.353112
1.483634
