1.499869
1.549465
1.556022
1.561738
1.563751
1.565635
1.565644
1.574695
1.580625
1.582242
1.586922
1.602074
1.603052
1.603798
1.612541
1.616434
1.638248
1.638619
1.644078
1.647887
1.648672
1.652305
1.652508
1.654505
1.656809
1.657578
1.659458
1.661358
1.662907
1.664307
1.665975
1.667532
1.668538
1.670912
1.672952
1.674924
1.677262
1.678042
1.678641
1.679291
1.680508
1.681616
1.683248
1.684149
1.684476
1.685048
1.685835
1.686258
1.686959
1.687476
1.687541
1.687571
1.687835
1.688018
1.688511
1.688575
1.688641
1.688662
1.688726
1.688969
1.689802
1.691168
1.692676
1.692752
1.693152
1.693251
1.693332
1.694471
1.695395
1.695994
1.696601
1.697602
1.697632
1.698022
1.698344
1.698539
1.698539
1.700325
1.702316
1.702818
1.702882
1.703249
1.703669
1.703705
1.703859
1.704028
1.704199
1.704362
1.704659
1.705302
1.705662
1.706002
1.706054
1.706082
1.706258
1.706318
1.706388
1.706469
1.706995
1.707081
1.707798
1.707872
1.707891
1.708378
1.708591
1.709311
1.709338
1.709642
1.709789
1.710095
1.710251
1.710559
1.710702
1.710715
1.710879
1.711325
1.712704
1.712829
1.713132
1.713181
1.713449
1.713935
1.714189
1.714409
1.714429
1.714545
1.714699
1.714879
1.715007
1.716202
1.716288
1.716594
1.716761
1.716879
1.716941
1.717148
1.717805
1.718265
1.718275
1.718485
1.718492
1.718945
1.719001
1.719751
1.720199
1.720262
1.720466
1.720597
1.720698
1.720729
1.721045
1.721251
1.721478
1.721541
1.721788
1.722075
1.722224
1.722355
1.722645
1.722771
1.723199
1.723289
1.723369
1.723422
1.724008
1.724012
1.724028
1.724204
1.724388
1.724545
1.725058
1.725065
1.725299
1.725786
1.725808
1.725824
1.726149
1.726192
1.726375
1.726418
1.726582
1.726697
1.726859
1.726889
1.727298
1.727398
1.727628
1.727825
1.728255
1.728599
1.728726
1.729098
1.729152
1.729172
1.729365
1.729454
1.729518
1.729535
1.729587
1.729625
1.729702
1.729732
1.729766
1.729839
1.729975
1.730032
1.730168
1.730219
1.730299
1.730879
1.731155
1.731235
1.731581
1.731609
1.731929
1.731966
1.732101
1.732122
1.732245
1.732335
1.732398
1.732942
1.733235
1.733245
1.733481
1.733486
1.733558
1.733608
1.733616
1.733652
1.733699
1.733852
1.734012
1.734027
1.734079
1.734089
1.734332
1.734389
1.734392
1.734435
1.734541
1.734745
1.734755
1.734848
1.734891
1.734945
1.734954
1.734981
1.735021
1.735068
1.735111
1.735305
1.735325
1.735336
1.735356
1.735525
1.735649
1.735675
1.735695
1.735698
1.736006
1.736048
1.736124
1.736305
1.736462
1.736621
1.736646
1.736848
1.736885
1.737064
1.737178
1.737309
1.737321
1.737395
1.737425
1.737426
1.737505
1.737579
1.737605
1.737645
1.737859
1.738206
1.738302
1.738338
1.738642
1.738692
1.738695
1.738826
1.738901
1.738909
1.739068
1.739075
1.739238
1.739315
1.739485
1.739565
1.739595
1.739705
1.739971
1.740038
1.740042
1.740129
1.740218
1.740301
1.740405
1.740481
1.740691
1.740861
1.740919
1.740921
1.740925
1.741021
1.741032
1.741075
1.741085
1.741159
1.741165
1.741171
1.741292
1.741302
1.741311
1.741324
1.741391
1.741395
1.741442
1.741521
1.741691
1.742165
1.742305
1.742352
1.742458
1.742627
1.742652
1.742744
1.742748
1.742752
1.742775
1.742862
1.742989
1.743005
1.743025
1.743032
1.743078
1.743132
1.743275
1.743319
1.743369
1.743376
1.743512
1.743715
1.743718
1.743888
1.743978
1.744015
1.744045
1.744056
1.744108
1.744224
1.744336
1.744344
1.744441
1.744498
1.744526
1.744692
1.744711
1.744742
1.744754
1.744788
1.744789
1.744998
1.745102
1.745175
1.745261
1.745289
1.745375
1.745511
1.745615
1.745635
1.745735
1.745739
1.745829
1.745862
1.745915
1.745942
1.745999
1.746014
1.746018
1.746119
1.746129
1.746178
1.746299
1.746332
1.746352
1.746455
1.746485
1.746514
1.746672
1.746738
1.746852
1.746941
1.746972
1.747039
1.747052
1.747099
1.747128
1.747222
1.747282
1.747412
1.747432
1.747466
1.747512
1.747576
1.747615
1.747644
1.747685
1.747729
1.747848
1.747905
1.747945
1.748006
1.748195
1.748225
1.748282
1.748365
1.748468
1.748512
1.748538
1.748582
1.748639
1.748679
1.748715
1.748814
1.748848
1.748848
1.748862
1.748902
1.749082
1.749122
1.749127
1.749218
1.749219
1.749259
1.749295
1.749338
1.749388
1.749388
1.749569
1.749579
1.749648
1.749662
1.749709
1.749778
1.749848
1.749868
1.749882
1.749912
1.749985
1.750021
1.750022
1.750042
1.750091
1.750145
1.750191
1.750198
1.750292
1.750622
1.750655
1.750892
1.750915
1.750959
1.750961
1.751132
1.751188
1.751206
1.751289
1.751295
1.751368
1.751555
1.751614
1.751628
1.751648
1.752102
1.752159
1.752168
1.752179
1.752219
1.752246
1.752285
1.752428
1.752447
1.752478
1.752545
1.752552
1.752562
1.752622
1.752692
1.752714
1.752751
1.752795
1.752832
1.752955
1.753008
1.753301
1.753358
1.753398
1.753399
1.753441
1.753468
1.753498
1.753584
1.753655
1.753668
1.753742
1.753878
1.754111
1.754221
1.754226
1.754227
1.754262
1.754272
1.754425
1.754432
1.754545
1.754559
1.754565
1.754582
1.754628
1.754658
1.754932
1.754949
1.755062
1.755119
1.755126
1.755222
1.755296
1.755399
1.755436
1.755481
1.755486
1.755516
1.755551
1.755572
1.755592
1.755612
1.755719
1.755764
1.755818
1.755845
1.755965
1.756041
1.756127
1.756146
1.756209
1.756281
1.756324
1.756346
1.756365
1.756375
1.756461
1.756509
1.756581
1.756608
1.756665
1.756741
1.756772
1.756788
1.756835
1.756942
1.757055
1.757089
1.757122
1.757235
1.757249
1.757306
1.757645
1.757651
1.757738
1.757774
1.757818
1.757839
1.757888
1.757922
1.757985
1.758055
1.758158
1.758194
1.758288
1.758405
1.758415
1.758525
1.758558
1.758591
1.758715
1.758759
1.758782
1.758799
1.758821
1.759012
1.759055
1.759082
1.759089
1.759166
1.759258
1.759272
1.759278
1.759375
1.759385
1.759451
1.759622
1.759729
1.759779
1.759851
1.760042
1.760052
1.760062
1.760094
1.760108
1.760256
1.760282
1.760309
1.760392
1.760462
1.760492
1.760515
1.760534
1.760664
1.760715
1.760822
1.760832
1.760894
1.760908
1.760982
1.761045
1.761078
1.761081
1.761091
1.761158
1.761165
1.761175
1.761201
1.761252
1.761265
1.761296
1.761299
1.761339
1.761345
1.761458
1.761628
1.761631
1.761708
1.761745
1.761805
1.761858
1.761916
1.761998
1.762022
1.762055
1.762145
1.762155
1.762182
1.762281
1.762325
1.762372
1.762428
1.762569
1.762572
1.762631
1.762665
1.762695
1.762708
1.762832
1.762907
1.762915
1.762915
1.763142
1.763222
1.763265
1.763285
1.763309
1.763309
1.763402
1.763458
1.763518
1.763589
1.763632
1.763632
1.763638
1.763645
1.763678
1.763685
1.763736
1.763788
1.763795
1.763809
1.763829
1.763888
1.763922
1.763999
1.764042
1.764148
1.764178
1.764212
1.764271
1.764331
1.764345
1.764362
1.764415
1.764457
1.764499
1.764532
1.764542
1.764555
1.764572
1.764575
1.764716
1.764795
1.764878
1.764892
1.764916
1.764938
1.764969
1.765081
1.765159
1.765208
1.765225
1.765295
1.765328
1.765362
1.765472
1.765488
1.765518
1.765549
1.765589
1.765605
1.765652
1.765715
1.765719
1.765776
1.765838
1.765898
1.765979
1.765996
1.766038
1.766042
1.766042
1.766068
1.766182
1.766202
1.766238
1.766349
1.766352
1.766391
1.766568
1.766568
1.766675
1.766721
1.766764
1.766765
1.766799
1.766819
1.766849
1.766869
1.766891
1.766905
1.767129
1.767142
1.767162
1.767229
1.767255
1.767295
1.767325
1.767356
1.767382
1.767475
1.767487
1.767512
1.767555
1.767594
1.767659
1.767665
1.767748
1.767825
1.767842
1.767844
1.767865
1.767972
1.767985
1.768105
1.768195
1.768205
1.768222
1.768245
1.768269
1.768308
1.768315
1.768382
1.768458
1.768637
1.768668
1.768685
1.768709
1.768755
1.768795
1.768826
1.768841
1.768852
1.768862
1.768874
1.768895
1.768934
1.768955
1.768972
1.768982
1.769009
1.769069
1.769069
1.769085
1.769152
1.769165
1.769246
1.769329
1.769362
1.769365
1.769379
1.769379
1.769401
1.769449
1.769611
1.769702
1.769709
1.769717
1.769721
1.769794
1.769875
1.769928
1.769935
1.769935
1.769935
1.769986
1.769998
1.770009
1.770081
1.770082
1.770091
1.770139
1.770165
1.770241
1.770252
1.770299
1.770308
1.770308
1.770328
1.770342
1.770415
1.770471
1.770499
1.770559
1.770698
1.770722
1.770762
1.770839
1.770842
1.770876
1.770918
1.770925
1.770925
1.770936
1.770955
1.770975
1.771052
1.771082
1.771095
1.771099
1.771102
1.771104
1.771112
1.771122
1.771202
1.771221
1.771226
1.771229
1.771302
1.771346
1.771362
1.771365
1.771398
1.771418
1.771424
1.771439
1.771475
1.771481
1.771511
1.771545
1.771568
1.771569
1.771595
1.771665
1.771742
1.771802
1.771872
1.771879
1.771882
1.771892
1.771908
1.771909
1.771912
1.772042
1.772075
1.772105
1.772151
1.772189
1.772211
1.772242
1.772255
1.772298
1.772452
1.772494
1.772535
1.772536
1.772681
1.772688
1.772696
1.772725
1.772748
1.772865
1.772872
1.772932
1.772972
1.772999
1.773002
1.773122
1.773142
1.773301
1.773348
1.773359
1.773359
1.773372
1.773499
1.773507
1.773526
1.773529
1.773541
1.773548
1.773572
1.773605
1.773632
1.773725
1.773728
1.773765
1.773842
1.773842
1.773845
1.773896
1.773981
1.774005
1.774035
1.774059
1.774114
1.774149
1.774191
1.774215
1.774321
1.774385
1.774438
1.774455
1.774495
1.774606
1.774659
1.774665
1.774669
1.774698
1.774712
1.774721
1.774781
1.774795
1.774835
1.774851
1.774905
1.774915
1.774922
1.774925
1.774935
1.774981
1.775012
1.775039
1.775188
1.775292
1.775295
1.775305
1.775335
1.775342
1.775348
1.775439
1.775452
1.775572
1.775585
1.775625
1.775662
1.775675
1.775678
1.775759
1.775778
1.775815
1.775842
1.775842
1.775845
1.775878
1.775932
1.776148
1.776195
1.776279
1.776292
1.776315
1.776421
1.776458
1.776464
1.776479
1.776505
1.776515
1.776624
1.776631
1.776672
1.776695
1.776712
1.776726
1.776849
1.776852
1.776858
1.776922
1.776932
1.776972
1.777032
1.777082
1.777155
1.777196
1.777208
1.777239
1.777255
1.777265
1.777319
1.777339
1.777355
1.777359
1.777365
1.777382
1.777385
1.777405
1.777415
1.777428
1.777485
1.777492
1.777519
1.777582
1.777638
1.777805
1.777844
1.777859
1.777862
1.777875
1.777892
1.777921
1.777939
1.777941
1.778042
1.778065
1.778122
1.778128
1.778165
1.778225
1.778255
1.778282
1.778286
1.778299
1.778312
1.778358
1.778382
1.778439
1.778525
1.778528
1.778568
1.778749
1.778779
1.778782
1.778836
1.778872
1.778918
1.778948
1.778949
1.779075
1.779149
1.779189
1.779212
1.779322
1.779358
1.779474
1.779545
1.779562
1.779568
1.779569
1.779569
1.779595
1.779732
1.779784
1.779789
1.779831
1.779838
1.779846
1.779856
1.779876
1.779914
1.779991
1.780018
1.780019
1.780062
1.780139
1.780162
1.780185
1.780205
1.780259
1.780261
1.780282
1.780288
1.780302
1.780332
1.780341
1.780379
1.780395
1.780395
1.780438
1.780528
1.780599
1.780607
1.780672
1.780691
1.780729
1.780758
1.780822
1.780832
1.780838
1.780862
1.780878
1.780881
1.780952
1.780999
1.781002
1.781088
1.781098
1.781108
1.781115
1.781141
1.781162
1.781171
1.781238
1.781256
1.781292
1.781362
1.781629
1.781629
1.781678
1.781686
1.781799
1.781805
1.781858
1.781865
1.781876
1.781878
1.781885
1.781895
1.781945
1.781968
1.782028
1.782102
1.782111
1.782131
1.782155
1.782158
1.782242
1.782259
1.782295
1.782314
1.782336
1.782339
1.782512
1.782522
1.782538
1.782545
1.782591
1.782592
1.782666
1.782671
1.782752
1.782781
1.782788
1.782872
1.782888
1.782895
1.782895
1.782919
1.782929
1.782955
1.782958
1.782968
1.783012
1.78303
1.783032
1.783039
1.783046
1.783048
1.783072
1.783135
1.783136
1.783151
1.783165
1.783192
1.783241
1.783259
1.783289
1.783314
1.783398
1.783428
1.783432
1.783442
1.783695
1.783731
1.783742
1.783745
1.783751
1.783802
1.783812
1.783824
1.783832
1.783935
1.784021
1.784025
1.784051
1.784135
1.784227
1.784241
1.784285
1.784312
1.784315
1.784354
1.784375
1.784382
1.784419
1.784439
1.784452
1.784482
1.784486
1.784498
1.784499
1.784549
1.784622
1.784645
1.784659
1.784668
1.784692
1.784695
1.784752
1.784785
1.784795
1.784865
1.784969
1.785078
1.785148
1.785158
1.785188
1.785192
1.785242
1.785291
1.785298
1.785315
1.785321
1.785328
1.785434
1.785445
1.785455
1.785459
1.785488
1.785555
1.785632
1.785655
1.785661
1.785665
1.785712
1.785722
1.785812
1.785818
1.785838
1.785882
1.785912
1.785961
1.785981
1.785982
1.785992
1.786027
1.786032
1.786035
1.786088
1.786115
1.786135
1.786232
1.786292
1.786305
1.786306
1.786318
1.786322
1.786349
1.786368
1.786382
1.786396
1.786409
1.786422
1.786431
1.786445
1.786485
1.786489
1.786529
1.786545
1.786615
1.786699
1.786745
1.786845
1.786889
1.786908
1.786979
1.787064
1.787065
1.787158
1.787189
1.787209
1.787245
1.787258
1.787302
1.787315
1.787341
1.787422
1.787465
1.787478
1.787519
1.787539
1.787598
1.787602
1.787732
1.787735
1.787752
1.787765
1.787772
1.787795
1.787825
1.787829
1.787895
1.787896
1.787944
1.787995
1.788025
1.788028
1.788032
1.788085
1.788102
1.788112
1.788132
1.788192
1.788428
1.788468
1.788478
1.788486
1.788495
1.788504
1.788525
1.788528
1.788551
1.788625
1.788748
1.788798
1.788822
1.788829
1.788918
1.788929
1.788962
1.788969
1.789058
1.789131
1.789135
1.789158
1.789169
1.789172
1.789192
1.789232
1.789242
1.789308
1.789331
1.789332
1.789418
1.789438
1.789465
1.789502
1.789529
1.789579
1.789582
1.789625
1.789628
1.789635
1.789659
1.789681
1.789722
1.789766
1.789775
1.789819
1.789829
1.789832
1.789851
1.789865
1.789876
1.789878
1.789962
1.790001
1.790129
1.790132
1.790175
1.790195
1.790195
1.790265
1.790289
1.790312
1.790315
1.790422
1.790422
1.790505
1.790546
1.790574
1.790582
1.790591
1.790727
1.790755
1.790832
1.790852
1.790872
1.790876
1.790901
1.790931
1.791039
1.791042
1.791058
1.791065
1.791098
1.791112
1.791121
1.791148
1.791159
1.791186
1.791188
1.791195
1.791232
1.791242
1.791268
1.791329
1.791338
1.791355
1.791402
1.791402
1.791458
1.791459
1.791512
1.791545
1.791576
1.791595
1.791602
1.791628
1.791642
1.791705
1.791706
1.791755
1.791761
1.791782
1.791812
1.791852
1.791861
1.791875
1.791892
1.791904
1.791924
1.791938
1.791942
1.792012
1.792026
1.792042
1.792058
1.792178
1.792192
1.792202
1.792206
1.792221
1.792238
1.792358
1.792389
1.792438
1.792445
1.792492
1.792539
1.792572
1.792582
1.792582
1.792588
1.792609
1.792632
1.792645
1.792659
1.792681
1.792708
1.792738
1.792754
1.792756
1.792758
1.792766
1.792769
1.792782
1.792838
1.792915
1.792925
1.792932
1.792959
1.793001
1.793018
1.793025
1.793045
1.793199
1.793205
1.793269
1.793306
1.793311
1.793368
1.793375
1.793449
1.793592
1.793685
1.793715
1.793721
1.793801
1.793812
1.793818
1.794052
1.794079
1.794095
1.794135
1.794142
1.794142
1.794168
1.794178
1.794195
1.794215
1.794242
1.794248
1.794266
1.794282
1.794312
1.794375
1.794382
1.794396
1.794405
1.794412
1.794422
1.794459
1.794518
1.794525
1.794542
1.794568
1.794592
1.794605
1.794622
1.794625
1.794625
1.794625
1.794668
1.794682
1.794706
1.794726
1.794729
1.794742
1.794772
1.794802
1.794809
1.794826
1.794854
1.794868
1.794875
1.794898
1.794931
1.794942
1.795042
1.795065
1.795065
1.795112
1.795122
1.795138
1.795139
1.795175
1.795184
1.795192
1.795205
1.795222
1.795292
1.795299
1.795316
1.795345
1.795385
1.795392
1.795435
1.795449
1.795461
1.795542
1.795552
1.795635
1.795652
1.795808
1.795859
1.795882
1.795895
1.795905
1.795907
1.795928
1.795929
1.795968
1.795985
1.796009
1.796019
1.796124
1.796141
1.796218
1.796232
1.796235
1.796316
1.796372
1.796411
1.796429
1.796432
1.796471
1.796482
1.796519
1.796549
1.796582
1.796628
1.796648
1.796668
1.796678
1.796678
1.796692
1.796732
1.796752
1.796769
1.796785
1.796831
1.796852
1.796922
1.796978
1.797055
1.797058
1.797076
1.797118
1.797135
1.797151
1.797215
1.797229
1.797232
1.797372
1.797385
1.797532
1.797568
1.797605
1.797615
1.797642
1.797642
1.797667
1.797675
1.797748
1.797751
1.797797
1.797816
1.797822
1.797838
1.797847
1.797879
1.797885
1.797892
1.797902
1.797922
1.797972
1.797976
1.797979
1.797992
1.798058
1.798091
1.798134
1.798239
1.798279
1.798322
1.798332
1.798338
1.798358
1.798372
1.798396
1.798415
1.798452
1.798458
1.798505
1.798512
1.798522
1.798529
1.798539
1.798595
1.798655
1.798672
1.798712
1.798742
1.798769
1.798778
1.798785
1.798791
1.798792
1.798855
1.798859
1.798889
1.798909
1.798918
1.798945
1.798949
1.79902
1.799039
1.799095
1.799095
1.799119
1.799132
1.799162
1.799204
1.799205
1.799229
1.799275
1.799278
1.799285
1.799291
1.799334
1.799368
1.799378
1.799425
1.799468
1.799478
1.799498
1.799501
1.799512
1.799522
1.799522
1.799525
1.799545
1.799572
1.799615
1.799648
1.799648
1.799678
1.799714
1.799718
1.799786
1.799792
1.799792
1.799798
1.799818
1.799875
1.799875
1.799878
1.799885
1.799932
1.799936
1.799966
1.799978
1.799989
1.800082
1.800119
1.800125
1.800135
1.800145
1.800166
1.800185
1.800252
1.800319
1.800325
1.800332
1.800372
1.800411
1.800419
1.800428
1.800442
1.800455
1.800462
1.800466
1.800475
1.800485
1.800498
1.800538
1.800608
1.800611
1.800611
1.800619
1.800668
1.800701
1.800706
1.800741
1.800751
1.800756
1.800801
1.800802
1.800834
1.800842
1.800858
1.800915
1.800981
1.800999
1.801008
1.801019
1.801038
1.801076
1.801242
1.801252
1.801268
1.801365
1.801369
1.801459
1.801476
1.801476
1.801522
1.801568
1.801572
1.801572
1.801599
1.801672
1.801698
1.801771
1.801814
1.801825
1.801851
1.801918
1.801969
1.802028
1.802029
1.802058
1.802066
1.802092
1.802135
1.802192
1.802207
1.802209
1.802219
1.802269
1.802278
1.802279
1.802281
1.802298
1.802335
1.802341
1.802342
1.802353
1.802412
1.802422
1.802432
1.802452
1.802455
1.802512
1.802518
1.802577
1.802592
1.802769
1.802849
1.802919
1.802929
1.802931
1.802948
1.803105
1.803202
1.803211
1.803214
1.803222
1.803235
1.803239
1.803242
1.803268
1.803302
1.803349
1.803368
1.803375
1.803378
1.803418
1.803442
1.803465
1.803491
1.803579
1.803644
1.803682
1.803689
1.803699
1.803732
1.803781
1.803828
1.803842
1.803878
1.803902
1.803934
1.803968
1.804005
1.804032
1.804049
1.804085
1.804098
1.804106
1.804185
1.804291
1.804315
1.804349
1.804359
1.804381
1.804408
1.804418
1.804439
1.804451
1.804469
1.804486
1.804492
1.804501
1.804516
1.804525
1.804577
1.804582
1.804588
1.804605
1.804628
1.804659
1.804672
1.804708
1.804709
1.804715
1.804728
1.804742
1.804748
1.804785
1.804788
1.804802
1.804829
1.804839
1.804848
1.804912
1.804915
1.804919
1.804921
1.804935
1.804939
1.804962
1.805012
1.805051
1.805088
1.805105
1.805158
1.805166
1.805258
1.805276
1.805278
1.805341
1.805352
1.805365
1.805378
1.805414
1.805422
1.805422
1.805465
1.805498
1.805522
1.805565
1.805569
1.805602
1.805622
1.805654
1.805665
1.805699
1.805734
1.805755
1.805784
1.805792
1.805844
1.805849
1.805855
1.805865
1.805872
1.805902
1.805959
1.805985
1.805998
1.806015
1.806029
1.806048
1.806055
1.806062
1.806095
1.806101
1.806115
1.806122
1.806122
1.806216
1.806222
1.806234
1.806278
1.806339
1.806409
1.806425
1.806439
1.806445
1.806448
1.806452
1.806508
1.806561
1.806645
1.806648
1.806655
1.806682
1.806831
1.806842
1.806862
1.806865
1.806962
1.807031
1.807032
1.807075
1.807075
1.807081
1.807082
1.807095
1.807102
1.807105
1.807115
1.807165
1.807192
1.807251
1.807272
1.807279
1.807309
1.807339
1.807368
1.807378
1.807392
1.807399
1.807435
1.807438
1.807442
1.807461
1.807475
1.807485
1.807499
1.807508
1.807522
1.807545
1.807556
1.807559
1.807605
1.807606
1.807624
1.807628
1.807659
1.807659
1.807672
1.807705
1.807755
1.807802
1.807805
1.807835
1.807866
1.807872
1.807875
1.807882
1.807972
1.808004
1.808046
1.808049
1.808064
1.808072
1.808102
1.808105
1.808108
1.808125
1.808185
1.808201
1.808208
1.808238
1.808242
1.808262
1.808297
1.808302
1.808361
1.808385
1.808391
1.808416
1.808434
1.808452
1.808469
1.808492
1.808495
1.808505
1.808505
1.808515
1.808518
1.808532
1.808655
1.808662
1.808665
1.808692
1.808791
1.808798
1.808808
1.808822
1.808825
1.808829
1.808845
1.808846
1.808864
1.808872
1.808899
1.808905
1.808909
1.809002
1.809005
1.809015
1.809061
1.809072
1.809078
1.809089
1.809092
1.809112
1.809141
1.809158
1.809162
1.809194
1.809262
1.809288
1.809324
1.809365
1.809375
1.809385
1.809385
1.809392
1.809436
1.809455
1.809455
1.809458
1.809495
1.809505
1.809508
1.809541
1.809588
1.809602
1.809602
1.809605
1.809615
1.809694
1.809698
1.809702
1.809718
1.809736
1.809775
1.809792
1.809827
1.809886
1.809937
1.809952
1.809959
1.809964
1.809992
1.810012
1.810045
1.810062
1.810096
1.810101
1.810142
1.810178
1.810178
1.810188
1.810212
1.810229
1.810281
1.810285
1.810286
1.810298
1.810302
1.810334
1.810342
1.810345
1.810355
1.810375
1.810448
1.810465
1.810476
1.810499
1.810505
1.810506
1.810515
1.810532
1.810595
1.810602
1.810608
1.810634
1.810678
1.810719
1.810812
1.810816
1.810818
1.810842
1.810884
1.810905
1.810915
1.810972
1.810974
1.810999
1.81103
1.811089
1.811105
1.811121
1.811125
1.811152
1.811251
1.811255
1.811265
1.811315
1.811325
1.811326
1.811341
1.811355
1.811382
1.811426
1.811446
1.811475
1.811479
1.811525
1.811534
1.811539
1.811542
1.811542
1.811542
1.811565
1.811569
1.811601
1.811612
1.811635
1.811645
1.811682
1.811729
1.811772
1.811798
1.811805
1.811815
1.811821
1.811832
1.811869
1.811881
1.811915
1.811919
1.811921
1.811925
1.811925
1.811928
1.812006
1.812015
1.812082
1.812085
1.812168
1.812172
1.812178
1.812189
1.812196
1.812215
1.812268
1.812274
1.812302
1.812345
1.812399
1.812406
1.812408
1.812425
1.812429
1.812455
1.812475
1.812498
1.812502
1.812542
1.812625
1.812626
1.812652
1.812732
1.812752
1.812752
1.812812
1.812831
1.812895
1.812906
1.812925
1.812942
1.812945
1.812959
1.812971
1.812975
1.812979
1.813009
1.813089
1.813122
1.813122
1.813145
1.813158
1.813165
1.813216
1.813275
1.813282
1.813302
1.813316
1.813318
1.813322
1.813332
1.813345
1.813362
1.813398
1.813439
1.813552
1.813618
1.813642
1.813717
1.813732
1.813801
1.813822
1.813826
1.813905
1.813928
1.813958
1.813979
1.814019
1.814021
1.814032
1.814055
1.814082
1.814088
1.814159
1.814215
1.814225
1.814229
1.814402
1.814429
1.814435
1.814498
1.814558
1.814565
1.814579
1.814612
1.814619
1.814622
1.814701
1.814705
1.814722
1.814755
1.814782
1.814792
1.814802
1.814819
1.814869
1.814875
1.814876
1.814885
1.814912
1.814968
1.814972
1.814987
1.814997
1.815005
1.815015
1.815059
1.815085
1.815109
1.815125
1.815189
1.815195
1.815235
1.815259
1.815266
1.815276
1.815289
1.815315
1.815367
1.815378
1.815405
1.815442
1.815445
1.815449
1.815498
1.815521
1.815545
1.815609
1.815625
1.815698
1.815795
1.815809
1.815855
1.815896
1.815908
1.815911
1.815935
1.815965
1.815988
1.816048
1.816074
1.816158
1.816175
1.816182
1.816202
1.816206
1.816212
1.816262
1.816269
1.816295
1.816342
1.816359
1.816378
1.816395
1.816452
1.816464
1.816516
1.816528
1.816528
1.816535
1.816545
1.816561
1.816571
1.816592
1.816602
1.816619
1.816681
1.816702
1.816715
1.816752
1.816769
1.816785
1.816788
1.816806
1.816826
1.816828
1.816831
1.816845
1.816865
1.816885
1.816898
1.816942
1.816952
1.816982
1.816982
1.816991
1.817002
1.817031
1.817102
1.817118
1.817135
1.817154
1.817155
1.817165
1.817168
1.817244
1.817326
1.817335
1.817361
1.817379
1.817385
1.817405
1.817412
1.817472
1.817472
1.817514
1.817515
1.817601
1.817659
1.817671
1.817691
1.817719
1.817736
1.817781
1.817806
1.817825
1.817832
1.817851
1.817872
1.817882
1.817919
1.817939
1.817979
1.817985
1.818048
1.818049
1.818052
1.818105
1.818129
1.818148
1.818159
1.818252
1.818275
1.818288
1.818295
1.818305
1.818309
1.818312
1.818332
1.818332
1.818419
1.818441
1.818462
1.818519
1.818545
1.818551
1.818552
1.818555
1.818579
1.818622
1.818624
1.818635
1.818658
1.818731
1.818784
1.818826
1.818862
1.818868
1.818898
1.818925
1.819009
1.819032
1.819035
1.819052
1.819055
1.819076
1.819088
1.819099
1.819105
1.819137
1.819172
1.819182
1.819188
1.819209
1.819245
1.819248
1.819251
1.819312
1.819315
1.819352
1.819405
1.819412
1.819452
1.819455
1.819458
1.819466
1.819491
1.819526
1.819545
1.819556
1.819562
1.819602
1.819631
1.819635
1.819638
1.819641
1.819698
1.819708
1.819718
1.819742
1.819769
1.819788
1.819795
1.819802
1.819808
1.819815
1.819882
1.819912
1.819942
1.819948
1.819989
1.820012
1.820019
1.820048
1.820082
1.820102
1.820151
1.820151
1.820156
1.820178
1.820211
1.820212
1.820219
1.820322
1.820322
1.820332
1.820332
1.820344
1.820368
1.820378
1.820392
1.820396
1.820459
1.820471
1.820488
1.820508
1.820525
1.820525
1.820528
1.820548
1.820555
1.820581
1.820595
1.820597
1.820649
1.820662
1.820699
1.820735
1.820741
1.820742
1.820748
1.820759
1.820762
1.820765
1.820781
1.820782
1.820799
1.820801
1.820802
1.820945
1.820992
1.820995
1.821078
1.821091
1.821092
1.821125
1.821132
1.821208
1.821328
1.821332
1.821335
1.821342
1.821349
1.821445
1.821599
1.821634
1.821659
1.821682
1.821688
1.821695
1.821761
1.821765
1.821765
1.821775
1.821778
1.821779
1.821792
1.821835
1.821849
1.821875
1.821894
1.821949
1.821958
1.821961
1.821979
1.821982
1.821992
1.821992
1.821996
1.822065
1.822076
1.822085
1.822102
1.822151
1.822192
1.822245
1.822245
1.822291
1.822319
1.822345
1.822346
1.822361
1.822365
1.822371
1.822372
1.822382
1.822401
1.822409
1.822422
1.822431
1.822462
1.822466
1.822496
1.822525
1.822529
1.822536
1.822549
1.822572
1.822596
1.822599
1.822612
1.822612
1.822632
1.822645
1.822648
1.822649
1.822676
1.822682
1.822708
1.822709
1.822728
1.822749
1.822761
1.822762
1.822775
1.822785
1.822801
1.822845
1.822852
1.822902
1.822912
1.822994
1.823038
1.823085
1.823088
1.823108
1.823148
1.823176
1.823205
1.823205
1.823211
1.823216
1.823219
1.823245
1.823249
1.823252
1.823291
1.823302
1.823325
1.823345
1.823368
1.823409
1.823428
1.823435
1.823442
1.823462
1.823468
1.823482
1.823492
1.823579
1.823605
1.823611
1.823619
1.823676
1.823692
1.823692
1.823704
1.823729
1.823729
1.823762
1.823772
1.823886
1.823892
1.823939
1.823939
1.823962
1.823965
1.823965
1.823975
1.823989
1.824001
1.824032
1.824032
1.824092
1.824101
1.824102
1.824118
1.824156
1.824158
1.824178
1.824208
1.824295
1.824298
1.824299
1.824302
1.824352
1.824356
1.824419
1.824422
1.824462
1.824475
1.824492
1.824541
1.824561
1.824578
1.824585
1.824592
1.824592
1.824598
1.824614
1.824626
1.824662
1.824676
1.824682
1.824695
1.824765
1.824772
1.824775
1.824785
1.824828
1.824988
1.825008
1.825015
1.825088
1.825105
1.825164
1.825172
1.825205
1.825208
1.825234
1.825255
1.825318
1.825359
1.825392
1.825395
1.825402
1.825432
1.825455
1.825468
1.825605
1.825662
1.825671
1.825688
1.825698
1.825722
1.825746
1.825752
1.825772
1.825852
1.825865
1.825895
1.825905
1.825938
1.825955
1.826022
1.826039
1.826085
1.826102
1.826115
1.826125
1.826144
1.826192
1.826196
1.826215
1.826225
1.826238
1.826245
1.826298
1.826346
1.826362
1.826366
1.826368
1.826452
1.826479
1.826501
1.826515
1.826552
1.826589
1.826595
1.826625
1.826636
1.826639
1.826641
1.826642
1.826651
1.826655
1.826688
1.826695
1.826698
1.826798
1.826812
1.826839
1.826839
1.826856
1.826879
1.826924
1.826932
1.826932
1.826939
1.826952
1.827091
1.827112
1.827142
1.827155
1.827175
1.8272
1.827222
1.827284
1.827285
1.827289
1.827295
1.827332
1.827352
1.827395
1.827409
1.827427
1.827428
1.827452
1.827465
1.827482
1.827485
1.827502
1.827512
1.827545
1.827552
1.827584
1.827601
1.827612
1.827625
1.827645
1.827672
1.827705
1.827748
1.827751
1.827792
1.827802
1.827812
1.827828
1.827835
1.827848
1.827852
1.827904
1.827911
1.827945
1.827948
1.827975
1.827982
1.828035
1.828039
1.828045
1.828078
1.828122
1.828145
1.828148
1.828159
1.828166
1.828188
1.828199
1.828202
1.828209
1.828211
1.828236
1.828248
1.828272
1.828294
1.828355
1.828359
1.828378
1.828396
1.828399
1.828399
1.828422
1.828428
1.828482
1.828508
1.828525
1.828588
1.828668
1.828672
1.828695
1.828729
1.828729
1.828762
1.828809
1.828849
1.828858
1.828872
1.828879
1.828888
1.828895
1.828929
1.828949
1.828952
1.828972
1.828992
1.829002
1.829008
1.829035
1.829045
1.829089
1.829112
1.829148
1.829175
1.829178
1.829205
1.829219
1.829235
1.829245
1.829252
1.829286
1.829295
1.829295
1.829318
1.829338
1.829346
1.829375
1.829378
1.829379
1.829406
1.829432
1.829445
1.829464
1.829512
1.829538
1.829572
1.829576
1.829589
1.829589
1.829622
1.829658
1.829662
1.829685
1.829699
1.829712
1.829715
1.829771
1.829798
1.829802
1.829821
1.829841
1.829872
1.829939
1.829962
1.829978
1.830078
1.830079
1.830129
1.830195
1.830215
1.830219
1.830238
1.830259
1.830265
1.830332
1.830332
1.830342
1.830346
1.830399
1.830455
1.830455
1.830489
1.830494
1.830509
1.830509
1.830518
1.830519
1.830568
1.830575
1.830605
1.830615
1.830632
1.830642
1.830642
1.830675
1.830682
1.830695
1.830705
1.830745
1.830755
1.830781
1.830788
1.830798
1.830799
1.830885
1.830899
1.830909
1.830935
1.830939
1.830965
1.830975
1.830977
1.830982
1.830989
1.831015
1.831019
1.831034
1.831035
1.831052
1.831135
1.831179
1.831179
1.831204
1.831206
1.831208
1.831275
1.831282
1.831286
1.831329
1.831331
1.831332
1.831345
1.831372
1.831392
1.831395
1.831401
1.831408
1.831426
1.831469
1.831555
1.831572
1.831579
1.831585
1.831602
1.831641
1.831649
1.831654
1.831706
1.831745
1.831792
1.831811
1.831825
1.831841
1.831851
1.831862
1.831875
1.831879
1.831882
1.831882
1.831912
1.831912
1.831955
1.831959
1.831975
1.832066
1.832109
1.832122
1.832138
1.832141
1.832202
1.832208
1.832228
1.832275
1.832285
1.832286
1.832319
1.832324
1.832351
1.832381
1.832428
1.832439
1.832465
1.832475
1.832496
1.832522
1.832552
1.832565
1.832598
1.832618
1.832652
1.832715
1.832752
1.832762
1.832762
1.832768
1.832778
1.832779
1.832792
1.832822
1.832852
1.832875
1.832931
1.832955
1.832962
1.833021
1.833021
1.833065
1.833075
1.833082
1.833108
1.833125
1.833136
1.833141
1.833159
1.833165
1.833175
1.833192
1.833195
1.833282
1.833292
1.833298
1.833365
1.833368
1.833378
1.833459
1.833465
1.833466
1.833482
1.833502
1.833515
1.833521
1.833528
1.833565
1.833588
1.833605
1.833649
1.833655
1.833665
1.833675
1.833679
1.833709
1.833729
1.833759
1.833782
1.833849
1.833855
1.833862
1.833885
1.833902
1.833919
1.833935
1.833955
1.833999
1.834032
1.834132
1.834142
1.834169
1.834185
1.834189
1.834282
1.834312
1.834328
1.834332
1.834351
1.834398
1.834451
1.834478
1.834488
1.834562
1.834562
1.834582
1.834595
1.834609
1.834612
1.834678
1.834695
1.834724
1.834735
1.834782
1.834828
1.834911
1.834916
1.834945
1.834959
1.834978
1.834992
1.835002
1.835008
1.835015
1.835039
1.835099
1.835158
1.835168
1.835172
1.835175
1.835189
1.835215
1.835242
1.835249
1.835262
1.835284
1.835318
1.835318
1.835346
1.835352
1.835381
1.835399
1.835406
1.835432
1.835465
1.835476
1.835499
1.835518
1.835521
1.835556
1.835559
1.835629
1.835725
1.835729
1.835742
1.835795
1.835805
1.835836
1.835875
1.835882
1.835899
1.835902
1.835931
1.835939
1.835946
1.835971
1.835981
1.835989
1.836019
1.836085
1.836109
1.836185
1.836242
1.836258
1.836261
1.836288
1.836302
1.836318
1.836325
1.836392
1.836448
1.836518
1.836518
1.836532
1.836539
1.836542
1.836589
1.836592
1.836624
1.836676
1.836689
1.836732
1.836738
1.836742
1.836752
1.836755
1.836755
1.836768
1.836802
1.836805
1.836861
1.836865
1.836869
1.836925
1.836932
1.836945
1.836952
1.836966
1.837025
1.837045
1.837078
1.837085
1.837132
1.837135
1.837152
1.837162
1.837182
1.837232
1.837248
1.837266
1.837305
1.837309
1.837316
1.837354
1.837362
1.837375
1.837408
1.837414
1.837479
1.837482
1.837482
1.837505
1.837515
1.837522
1.837531
1.837552
1.837582
1.837625
1.837638
1.837695
1.837725
1.837728
1.837752
1.837769
1.837818
1.837822
1.837835
1.837835
1.837859
1.837872
1.837872
1.837899
1.837901
1.837944
1.837952
1.838085
1.838105
1.838121
1.838128
1.838145
1.838172
1.838175
1.838325
1.838329
1.838405
1.838445
1.838455
1.838455
1.838499
1.838528
1.838529
1.838539
1.838572
1.838575
1.838635
1.838642
1.838642
1.838669
1.838704
1.838705
1.838705
1.838742
1.838758
1.838782
1.838792
1.838794
1.838818
1.838826
1.838832
1.838842
1.838855
1.838858
1.838878
1.838895
1.838909
1.838918
1.838942
1.838956
1.838995
1.839106
1.839118
1.839119
1.839142
1.839165
1.839179
1.839234
1.839239
1.839278
1.839302
1.839342
1.839359
1.839492
1.839516
1.839552
1.839554
1.839569
1.839622
1.839646
1.839648
1.839698
1.839729
1.839755
1.839755
1.839782
1.839806
1.839809
1.839812
1.839872
1.839929
1.839971
1.840019
1.840038
1.840042
1.840078
1.840099
1.840132
1.840145
1.840162
1.840179
1.840181
1.840199
1.840201
1.840212
1.840228
1.840249
1.840262
1.840279
1.840362
1.840422
1.840512
1.840555
1.840569
1.840602
1.840652
1.840689
1.840718
1.840718
1.840721
1.840742
1.840745
1.840782
1.840788
1.840792
1.840856
1.840882
1.840895
1.840898
1.840968
1.840975
1.840982
1.840994
1.841105
1.841168
1.841175
1.841275
1.841288
1.841295
1.841355
1.841362
1.841374
1.841429
1.841432
1.841462
1.841465
1.841488
1.841489
1.841506
1.841515
1.841542
1.841548
1.841552
1.841564
1.841615
1.841619
1.841662
1.841671
1.841685
1.841705
1.841735
1.841778
1.841786
1.841788
1.841788
1.841789
1.841795
1.841798
1.841805
1.841812
1.841855
1.841855
1.841872
1.841872
1.841889
1.841892
1.841892
1.841905
1.841908
1.841921
1.841974
1.841988
1.842006
1.842015
1.842018
1.842071
1.842092
1.842095
1.842102
1.842112
1.842158
1.842181
1.842205
1.842278
1.842286
1.842295
1.842328
1.842369
1.842378
1.842379
1.842432
1.842435
1.842479
1.842479
1.842492
1.842495
1.842498
1.842522
1.842549
1.842552
1.842578
1.842582
1.842598
1.842642
1.842698
1.842705
1.842725
1.842775
1.842808
1.842812
1.842825
1.842825
1.842889
1.842932
1.842949
1.842996
1.843029
1.843045
1.843066
1.843068
1.843072
1.843086
1.843092
1.843193
1.843235
1.843272
1.843272
1.843282
1.843289
1.843319
1.843348
1.843402
1.843405
1.843425
1.843445
1.843462
1.843492
1.843502
1.843525
1.843535
1.843565
1.843565
1.843608
1.843619
1.843625
1.843658
1.843672
1.843678
1.843682
1.843685
1.843729
1.843739
1.843815
1.843822
1.843828
1.843835
1.843839
1.843865
1.843871
1.843872
1.843876
1.843951
1.843961
1.843965
1.843992
1.844006
1.844012
1.844019
1.844036
1.844061
1.844072
1.844105
1.844112
1.844115
1.844128
1.844162
1.844162
1.844195
1.844238
1.844282
1.844298
1.844319
1.844369
1.844384
1.844402
1.844448
1.844465
1.844468
1.844478
1.844482
1.844546
1.844555
1.844579
1.844591
1.844592
1.844625
1.844652
1.844697
1.844712
1.844715
1.844732
1.844748
1.844819
1.844849
1.844851
1.844852
1.844874
1.844889
1.844912
1.844919
1.844936
1.844938
1.844951
1.844952
1.844955
1.845005
1.845019
1.845045
1.845085
1.845112
1.845128
1.845165
1.845182
1.845236
1.845241
1.845242
1.845262
1.845282
1.845296
1.845299
1.845305
1.845306
1.845328
1.845361
1.845361
1.845362
1.845364
1.845418
1.845438
1.845461
1.845484
1.845485
1.845549
1.845572
1.845616
1.845688
1.845728
1.845732
1.845768
1.845838
1.845872
1.845925
1.845938
1.845945
1.845965
1.845965
1.845982
1.845994
1.846018
1.846046
1.846111
1.846132
1.846146
1.846162
1.846172
1.846179
1.846219
1.846255
1.846259
1.846311
1.846362
1.846392
1.846399
1.846418
1.846419
1.846435
1.846449
1.846521
1.846526
1.846532
1.846588
1.846595
1.846622
1.846652
1.846689
1.846692
1.846708
1.846735
1.846752
1.846801
1.846832
1.846832
1.846848
1.846855
1.846898
1.846905
1.846946
1.846966
1.846978
1.847022
1.847035
1.847062
1.847063
1.847072
1.847092
1.847135
1.847175
1.847195
1.847202
1.847218
1.847321
1.847389
1.847396
1.847398
1.847402
1.847436
1.847448
1.847449
1.847471
1.847495
1.847545
1.847642
1.847661
1.847665
1.847679
1.847712
1.847715
1.847772
1.847875
1.847881
1.847882
1.847888
1.847912
1.847916
1.847928
1.847949
1.847998
1.848079
1.848119
1.848128
1.848165
1.848175
1.848225
1.848231
1.848246
1.848258
1.848279
1.848289
1.848342
1.848346
1.848361
1.848381
1.848412
1.848446
1.848495
1.848496
1.848528
1.848542
1.848569
1.848734
1.848748
1.848788
1.848795
1.848811
1.848865
1.848868
1.848872
1.848878
1.848897
1.848922
1.848922
1.848935
1.848942
1.848955
1.848975
1.848977
1.848982
1.848989
1.848992
1.849026
1.849038
1.849039
1.849065
1.849085
1.849095
1.849132
1.849219
1.849225
1.849245
1.849268
1.849312
1.849315
1.849325
1.849351
1.849405
1.849422
1.849422
1.849429
1.849455
1.849488
1.849498
1.849512
1.849529
1.849548
1.849548
1.849578
1.849598
1.849622
1.849622
1.849695
1.849742
1.849788
1.849828
1.849871
1.849896
1.849905
1.849952
1.849958
1.849969
1.849992
1.850012
1.850058
1.850088
1.850101
1.850125
1.850162
1.850162
1.850205
1.850235
1.850245
1.850332
1.850348
1.850348
1.850365
1.850368
1.850392
1.850425
1.850442
1.850502
1.850515
1.850519
1.850545
1.850551
1.850752
1.850785
1.850839
1.850889
1.850895
1.850982
1.851016
1.851032
1.851045
1.851135
1.851168
1.851185
1.851185
1.851195
1.851262
1.851278
1.851332
1.851378
1.851381
1.851406
1.851409
1.851439
1.851492
1.851518
1.851532
1.851545
1.851606
1.851632
1.85165
1.851656
1.851682
1.851745
1.851745
1.851808
1.851821
1.851875
1.851886
1.851898
1.851902
1.851908
1.851949
1.851952
1.851955
1.851976
1.851982
1.852008
1.852015
1.852072
1.852074
1.852099
1.852118
1.852125
1.852171
1.852178
1.852189
1.852189
1.852205
1.852245
1.852262
1.852272
1.852276
1.852312
1.852345
1.852412
1.852455
1.852478
1.852502
1.852509
1.852532
1.852542
1.852555
1.852575
1.852589
1.852592
1.852648
1.852679
1.852696
1.852742
1.852761
1.852777
1.852809
1.852818
1.852825
1.852826
1.852845
1.852885
1.852898
1.852915
1.852965
1.853022
1.853035
1.853045
1.853195
1.853225
1.853245
1.853276
1.853282
1.853315
1.853335
1.853335
1.853342
1.853357
1.853362
1.853369
1.853415
1.853428
1.853429
1.853452
1.853468
1.853492
1.853582
1.853619
1.853635
1.853639
1.853718
1.853725
1.853758
1.853822
1.85383
1.853839
1.853878
1.853885
1.853888
1.853894
1.853894
1.853898
1.853915
1.853931
1.853935
1.853936
1.853939
1.853945
1.853945
1.853972
1.853982
1.853985
1.854022
1.854029
1.854079
1.854149
1.854162
1.854162
1.854192
1.854212
1.854226
1.854249
1.854252
1.854298
1.854305
1.854315
1.854322
1.854345
1.854372
1.854375
1.854378
1.854381
1.854418
1.854432
1.854458
1.854515
1.854525
1.854529
1.854545
1.854592
1.854615
1.854621
1.854636
1.854658
1.854662
1.854668
1.854748
1.854755
1.854782
1.854785
1.854802
1.854815
1.854841
1.854922
1.854925
1.855022
1.855025
1.855034
1.855071
1.855078
1.855096
1.855102
1.855109
1.855118
1.855138
1.855162
1.855186
1.855199
1.855216
1.855228
1.855262
1.855262
1.855291
1.855305
1.855328
1.855332
1.855408
1.855432
1.855452
1.855499
1.855502
1.855585
1.855585
1.855631
1.855656
1.855686
1.855689
1.855692
1.855728
1.855775
1.855826
1.855832
1.855852
1.855859
1.855865
1.855885
1.855962
1.856032
1.856035
1.856075
1.856109
1.856159
1.856166
1.856172
1.856185
1.856195
1.856222
1.856222
1.856235
1.856328
1.856332
1.856345
1.856375
1.856382
1.856422
1.856435
1.856462
1.856499
1.856568
1.856579
1.856589
1.856589
1.856625
1.856658
1.856676
1.856695
1.856698
1.856732
1.856752
1.856805
1.856826
1.856832
1.856848
1.856852
1.856862
1.856872
1.856888
1.856895
1.856902
1.856905
1.856986
1.856992
1.857012
1.857038
1.857068
1.857092
1.857192
1.857255
1.857308
1.857345
1.857345
1.857352
1.857362
1.857362
1.857382
1.857452
1.857508
1.857508
1.857528
1.857532
1.857569
1.857585
1.857605
1.857639
1.857642
1.857732
1.857735
1.857736
1.857741
1.857759
1.857765
1.857809
1.857822
1.857899
1.857935
1.857945
1.857962
1.857989
1.857992
1.858009
1.858016
1.858022
1.858045
1.858051
1.858062
1.858069
1.858072
1.858075
1.858078
1.858146
1.858162
1.858208
1.858232
1.858259
1.858259
1.858289
1.858312
1.858321
1.858328
1.858329
1.858332
1.858336
1.858402
1.858412
1.858425
1.858465
1.858489
1.858602
1.858645
1.858685
1.858692
1.858712
1.858775
1.858781
1.858795
1.858816
1.858822
1.858826
1.858831
1.858846
1.858851
1.858895
1.858912
1.858939
1.858966
1.858966
1.858992
1.859046
1.859052
1.859058
1.859069
1.859095
1.859096
1.859116
1.859128
1.859129
1.859179
1.859212
1.859224
1.859243
1.859288
1.859375
1.859379
1.859381
1.859399
1.859478
1.859498
1.859512
1.859575
1.859615
1.859638
1.859638
1.859662
1.859679
1.859732
1.859855
1.859912
1.859932
1.859972
1.859972
1.859976
1.860012
1.860014
1.860018
1.860047
1.860048
1.860052
1.860058
1.860128
1.860152
1.860222
1.860225
1.860284
1.860292
1.860332
1.860395
1.860406
1.860412
1.860419
1.860495
1.860528
1.860581
1.860588
1.860602
1.860602
1.860662
1.860682
1.860702
1.860729
1.860748
1.860756
1.860762
1.860865
1.860884
1.860999
1.861029
1.861062
1.861079
1.861081
1.861082
1.861125
1.861162
1.861182
1.861182
1.861185
1.861212
1.861245
1.861262
1.861289
1.861339
1.861379
1.861382
1.861392
1.861419
1.861452
1.861475
1.861492
1.861494
1.861502
1.861532
1.861551
1.861562
1.861562
1.861565
1.861629
1.861745
1.861765
1.861801
1.861805
1.861932
1.861946
1.861951
1.861952
1.861952
1.861955
1.861991
1.862029
1.862032
1.862072
1.862082
1.862102
1.862122
1.862125
1.862156
1.862158
1.862185
1.862199
1.862255
1.862299
1.862302
1.862412
1.862482
1.862522
1.862539
1.862552
1.862562
1.862578
1.862646
1.862665
1.862695
1.862702
1.862714
1.862715
1.862735
1.862758
1.862809
1.862812
1.862839
1.862885
1.862919
1.862925
1.863008
1.863021
1.863025
1.863041
1.863089
1.863105
1.863149
1.863182
1.863182
1.863242
1.863248
1.863249
1.863285
1.863359
1.863409
1.863409
1.863502
1.863532
1.863534
1.863626
1.863655
1.863658
1.863688
1.863821
1.863828
1.863852
1.863862
1.863866
1.863868
1.863922
1.863975
1.863999
1.864001
1.864079
1.864082
1.864105
1.864115
1.864151
1.864152
1.864165
1.864166
1.864212
1.864219
1.864255
1.864309
1.864339
1.864345
1.864352
1.864371
1.864395
1.864426
1.864478
1.864495
1.864502
1.864502
1.864508
1.864515
1.864532
1.864632
1.864658
1.864678
1.864738
1.864738
1.864778
1.864779
1.864782
1.864821
1.864842
1.864845
1.864925
1.865022
1.865045
1.865059
1.865065
1.865091
1.865095
1.865109
1.865119
1.865138
1.865142
1.865148
1.865156
1.865192
1.865195
1.865205
1.865206
1.865295
1.865322
1.865395
1.865398
1.865406
1.865448
1.865462
1.865488
1.865538
1.865665
1.865718
1.865772
1.865805
1.865912
1.865924
1.865942
1.865945
1.865955
1.865965
1.865972
1.865982
1.865995
1.866032
1.866054
1.866102
1.866121
1.866142
1.866152
1.866177
1.866215
1.866228
1.866229
1.866295
1.866432
1.866455
1.866455
1.866482
1.866485
1.866491
1.866495
1.866502
1.866532
1.866552
1.866555
1.866602
1.866635
1.866712
1.866715
1.866719
1.866735
1.866749
1.866802
1.866845
1.866845
1.866846
1.866859
1.866862
1.866872
1.866882
1.866945
1.867021
1.867039
1.867121
1.867135
1.867139
1.867172
1.867205
1.867212
1.867222
1.867226
1.867229
1.867231
1.867238
1.867285
1.867341
1.867379
1.867385
1.867388
1.867415
1.867422
1.867425
1.867439
1.867498
1.867514
1.867529
1.867535
1.867601
1.867612
1.867642
1.867672
1.867682
1.867688
1.867696
1.867698
1.867699
1.867725
1.867734
1.867742
1.867746
1.867812
1.867822
1.867852
1.867855
1.867858
1.867859
1.867866
1.867878
1.867908
1.867922
1.867925
1.867975
1.867979
1.867985
1.867992
1.867996
1.868018
1.868019
1.868042
1.868076
1.868082
1.868088
1.868098
1.868098
1.868182
1.868182
1.868195
1.868208
1.868208
1.868225
1.868242
1.868292
1.868315
1.868345
1.868365
1.868372
1.868417
1.868432
1.868458
1.868477
1.868512
1.868561
1.868569
1.868592
1.868622
1.868625
1.868648
1.868665
1.868712
1.868735
1.868781
1.868797
1.868811
1.868845
1.868845
1.868852
1.868868
1.868914
1.868932
1.868974
1.868992
1.868999
1.869046
1.869046
1.869085
1.869176
1.869202
1.869205
1.869222
1.869245
1.869265
1.869346
1.869395
1.869402
1.869429
1.869432
1.869445
1.869448
1.869497
1.869524
1.869582
1.869585
1.869586
1.869605
1.869645
1.869689
1.869768
1.869906
1.869965
1.869969
1.869985
1.869995
1.869998
1.870008
1.870059
1.870102
1.870155
1.870159
1.870162
1.870171
1.870222
1.870232
1.870262
1.870322
1.870345
1.870372
1.870398
1.870425
1.870429
1.870442
1.870472
1.870539
1.870561
1.870565
1.870565
1.870638
1.870645
1.870659
1.870661
1.870686
1.870756
1.870855
1.870905
1.870925
1.870939
1.871029
1.871042
1.871055
1.871075
1.871089
1.871099
1.871115
1.871138
1.871145
1.871201
1.871232
1.871288
1.871289
1.871298
1.871329
1.871341
1.871435
1.871442
1.871457
1.871462
1.871509
1.871532
1.871538
1.871559
1.871585
1.871601
1.871682
1.871685
1.871839
1.871852
1.871922
1.871932
1.871932
1.871939
1.871968
1.872032
1.872038
1.872081
1.872099
1.872102
1.872132
1.872135
1.872155
1.872175
1.872185
1.872195
1.872209
1.872238
1.872275
1.872282
1.872295
1.872345
1.872345
1.872351
1.872355
1.872388
1.872418
1.872444
1.872471
1.872476
1.872487
1.872505
1.872569
1.872586
1.872742
1.872742
1.872802
1.872812
1.872818
1.872819
1.872822
1.872829
1.872835
1.872835
1.872928
1.872942
1.872969
1.872982
1.872991
1.873056
1.873068
1.873071
1.873122
1.873215
1.873245
1.873259
1.873265
1.873265
1.873339
1.873365
1.873433
1.873468
1.873495
1.873596
1.873628
1.873658
1.873659
1.873662
1.873776
1.873835
1.873905
1.873905
1.873912
1.873915
1.873954
1.874002
1.874028
1.874065
1.874079
1.874092
1.874132
1.874165
1.874184
1.874192
1.874208
1.874215
1.874275
1.874289
1.874325
1.874339
1.874355
1.874362
1.874415
1.874446
1.874452
1.874499
1.874512
1.874531
1.874599
1.874632
1.874638
1.874652
1.874669
1.874672
1.874706
1.874719
1.874726
1.874742
1.874785
1.874789
1.874828
1.874875
1.874879
1.874882
1.874892
1.874902
1.874915
1.874942
1.874952
1.874974
1.874975
1.874982
1.875042
1.875082
1.875086
1.875089
1.875096
1.875199
1.875215
1.875234
1.875282
1.875312
1.875376
1.875386
1.875449
1.875461
1.875465
1.875478
1.875488
1.875488
1.875562
1.875579
1.875614
1.875668
1.875789
1.875829
1.875858
1.875959
1.876065
1.876072
1.876075
1.876088
1.876149
1.876159
1.876168
1.876182
1.876265
1.876286
1.876369
1.876369
1.876385
1.876398
1.876442
1.876451
1.876462
1.876479
1.876486
1.876506
1.876542
1.876542
1.876555
1.876589
1.876595
1.876611
1.876625
1.876661
1.876745
1.876769
1.876844
1.876882
1.876925
1.876985
1.876999
1.877091
1.877169
1.877179
1.877272
1.877331
1.877395
1.877445
1.877539
1.877542
1.877585
1.877592
1.877615
1.877662
1.877672
1.877695
1.877708
1.877725
1.877732
1.877758
1.877779
1.877799
1.877862
1.877892
1.877896
1.877911
1.877955
1.878016
1.878022
1.878072
1.878086
1.878106
1.878119
1.878135
1.878139
1.878139
1.878159
1.878179
1.878185
1.878186
1.878189
1.878262
1.878286
1.878315
1.878332
1.878377
1.878471
1.878502
1.878542
1.878565
1.878582
1.878669
1.878739
1.878742
1.878816
1.878821
1.878828
1.878865
1.878931
1.878938
1.878955
1.878958
1.879012
1.879029
1.879039
1.879052
1.879072
1.879082
1.879122
1.879135
1.879148
1.879155
1.879185
1.879189
1.879202
1.879245
1.879261
1.879372
1.879405
1.879452
1.879509
1.879526
1.879569
1.879588
1.879612
1.879719
1.879795
1.879811
1.879829
1.879832
1.879835
1.879848
1.879852
1.879858
1.879875
1.879905
1.879968
1.879992
1.879999
1.880001
1.880006
1.880069
1.880078
1.880129
1.880182
1.880206
1.880252
1.880326
1.880353
1.880462
1.880464
1.880518
1.880532
1.880548
1.880551
1.880592
1.880629
1.880635
1.880659
1.880682
1.880699
1.880765
1.880802
1.880815
1.880915
1.880918
1.880978
1.880989
1.881028
1.881042
1.881059
1.881071
1.881078
1.881101
1.881116
1.881175
1.881202
1.881209
1.881241
1.881244
1.881245
1.881289
1.881309
1.881315
1.881336
1.881379
1.881401
1.881401
1.881415
1.881416
1.881452
1.881498
1.881629
1.881635
1.881739
1.881779
1.881855
1.881865
1.881865
1.881879
1.881885
1.881922
1.881938
1.882085
1.882085
1.882135
1.882158
1.882162
1.882191
1.882195
1.882215
1.882239
1.882276
1.882282
1.882289
1.882325
1.882338
1.882409
1.882422
1.882425
1.882474
1.882481
1.882485
1.882525
1.882575
1.882612
1.882639
1.882652
1.882659
1.882666
1.882686
1.882709
1.882722
1.882781
1.882919
1.882929
1.882935
1.882952
1.882985
1.883008
1.883022
1.883079
1.883092
1.883095
1.883199
1.883235
1.883388
1.883388
1.883425
1.883432
1.883482
1.883488
1.883499
1.883525
1.883532
1.883535
1.883545
1.883645
1.883725
1.883729
1.883745
1.883792
1.883909
1.883965
1.883992
1.884032
1.884036
1.884092
1.884098
1.884102
1.884118
1.884142
1.884162
1.884198
1.884206
1.884212
1.884325
1.884372
1.884412
1.884429
1.884472
1.884582
1.884679
1.884762
1.884782
1.884805
1.884818
1.884905
1.884917
1.884925
1.885005
1.885082
1.885125
1.885132
1.885168
1.885218
1.885221
1.885279
1.885302
1.885325
1.885332
1.885335
1.885355
1.885392
1.885508
1.885619
1.885639
1.885642
1.885648
1.885649
1.885662
1.885698
1.885711
1.885815
1.885828
1.885891
1.885902
1.885915
1.885925
1.886012
1.886028
1.886075
1.886092
1.886108
1.886119
1.886122
1.886125
1.886238
1.886242
1.886249
1.886251
1.886259
1.886292
1.886302
1.886305
1.886345
1.886382
1.886396
1.886398
1.886427
1.886449
1.886452
1.886585
1.886692
1.886706
1.886752
1.886782
1.886936
1.887006
1.887022
1.887078
1.887088
1.887109
1.887122
1.887141
1.887149
1.887268
1.887272
1.887301
1.887392
1.887435
1.887572
1.887588
1.887605
1.887631
1.887655
1.887658
1.887675
1.887679
1.887688
1.887739
1.887742
1.887769
1.887792
1.887809
1.887812
1.887818
1.887995
1.888025
1.888062
1.888065
1.888085
1.888125
1.888138
1.888167
1.888169
1.888171
1.888172
1.888176
1.888198
1.888199
1.888208
1.888232
1.888338
1.888348
1.888431
1.888438
1.888455
1.888462
1.888472
1.888519
1.888525
1.888548
1.888549
1.888575
1.888599
1.888761
1.888798
1.888805
1.888892
1.888912
1.888985
1.889018
1.889031
1.889055
1.889082
1.889102
1.889168
1.889199
1.889218
1.889255
1.889275
1.889295
1.889368
1.889408
1.889432
1.889492
1.889496
1.889616
1.889672
1.889735
1.889779
1.889915
1.889939
1.889985
1.890002
1.890062
1.890199
1.890299
1.890328
1.890329
1.890346
1.890358
1.890482
1.890488
1.890596
1.890632
1.890645
1.890662
1.890702
1.890796
1.890852
1.890852
1.890861
1.890878
1.890892
1.890919
1.890932
1.890948
1.890955
1.890989
1.891005
1.891015
1.891032
1.891051
1.891071
1.891072
1.891076
1.891088
1.891089
1.891096
1.891141
1.891195
1.891212
1.891238
1.891346
1.891372
1.891469
1.891514
1.891569
1.891586
1.891604
1.891619
1.891622
1.891672
1.891685
1.891689
1.891732
1.891782
1.891805
1.891832
1.891875
1.891878
1.891878
1.891919
1.891962
1.892038
1.892042
1.892148
1.892152
1.892175
1.892192
1.892195
1.892228
1.892339
1.892355
1.892505
1.892509
1.892522
1.892545
1.892665
1.892699
1.892728
1.892738
1.892748
1.892785
1.892845
1.892852
1.892985
1.893071
1.893079
1.893145
1.893159
1.893182
1.893182
1.893202
1.893222
1.893235
1.893255
1.893275
1.893288
1.893332
1.893348
1.893492
1.893518
1.893522
1.893528
1.893555
1.893576
1.893629
1.893648
1.893675
1.893759
1.893846
1.893886
1.893905
1.893919
1.893938
1.893952
1.893966
1.894002
1.894022
1.894116
1.894192
1.894218
1.894225
1.894268
1.894318
1.894339
1.894355
1.894425
1.894455
1.894455
1.894456
1.894535
1.894571
1.894598
1.894606
1.894612
1.894625
1.894708
1.894715
1.894759
1.894995
1.895015
1.895049
1.895075
1.895095
1.895162
1.895165
1.895172
1.895232
1.895302
1.895321
1.895339
1.895378
1.895395
1.895402
1.895462
1.895629
1.895656
1.895742
1.895885
1.895898
1.895902
1.895902
1.895949
1.896082
1.896102
1.896149
1.896169
1.896206
1.896212
1.896212
1.896218
1.896326
1.896369
1.896376
1.896385
1.896389
1.896402
1.896429
1.896466
1.896478
1.896505
1.896524
1.896582
1.896592
1.896632
1.896676
1.896725
1.896752
1.896802
1.896818
1.896895
1.896932
1.896982
1.897016
1.897135
1.897206
1.897272
1.897365
1.897368
1.897392
1.897395
1.897411
1.897579
1.897658
1.897699
1.897756
1.897768
1.897869
1.897908
1.897935
1.898038
1.898042
1.898076
1.898131
1.898136
1.898168
1.898179
1.898217
1.898268
1.898299
1.898312
1.898322
1.898459
1.898475
1.898529
1.898658
1.898678
1.898721
1.898742
1.898798
1.898809
1.898869
1.898889
1.898912
1.898925
1.898929
1.898938
1.898968
1.898972
1.899092
1.899158
1.899189
1.899212
1.899245
1.899342
1.899345
1.899366
1.899392
1.899395
1.899409
1.899442
1.899498
1.899529
1.899628
1.899658
1.899675
1.899676
1.899808
1.899828
1.899839
1.899962
1.899991
1.900002
1.900028
1.900098
1.900112
1.900135
1.900212
1.900249
1.900335
1.900345
1.900419
1.900512
1.900575
1.900685
1.900705
1.900736
1.900785
1.900788
1.900812
1.900822
1.900832
1.900842
1.900855
1.900889
1.900929
1.900935
1.901005
1.901028
1.901039
1.901118
1.901235
1.901392
1.901499
1.901522
1.901558
1.901671
1.901796
1.901798
1.901885
1.902002
1.902048
1.902102
1.902105
1.902146
1.902287
1.902331
1.902372
1.902374
1.902402
1.902412
1.902462
1.902484
1.902501
1.902602
1.902709
1.902735
1.902821
1.902956
1.903025
1.903162
1.903189
1.903196
1.903242
1.903285
1.903349
1.903395
1.903402
1.903418
1.903445
1.903446
1.903502
1.903515
1.903555
1.903588
1.903605
1.903638
1.903666
1.903685
1.903722
1.903785
1.903868
1.903892
1.903956
1.903962
1.904095
1.904152
1.904211
1.904318
1.904345
1.904399
1.904529
1.904538
1.904598
1.904605
1.904608
1.904618
1.904635
1.904642
1.904684
1.904762
1.904762
1.904769
1.904779
1.904864
1.904882
1.904942
1.904948
1.904968
1.904979
1.904982
1.905112
1.905176
1.905182
1.905255
1.905312
1.905379
1.905711
1.905769
1.905788
1.905849
1.905949
1.906088
1.906166
1.906294
1.906332
1.906375
1.906382
1.906405
1.906432
1.906549
1.906582
1.906601
1.906672
1.906774
1.906792
1.906815
1.906955
1.906995
1.907038
1.907099
1.907102
1.907112
1.907151
1.907202
1.907255
1.907271
1.907279
1.907332
1.907349
1.907632
1.907642
1.907645
1.907661
1.907666
1.907766
1.907809
1.907829
1.907848
1.907899
1.907902
1.907932
1.907968
1.907989
1.908005
1.908045
1.908125
1.908125
1.908135
1.908282
1.908289
1.908306
1.908382
1.908391
1.908465
1.908678
1.908702
1.908711
1.908912
1.908922
1.908968
1.908992
1.909052
1.909075
1.909079
1.909092
1.909099
1.909225
1.909322
1.909422
1.909449
1.909525
1.909542
1.909552
1.909568
1.909675
1.909699
1.909731
1.909828
1.909835
1.909908
1.909911
1.909972
1.910022
1.910035
1.910048
1.910128
1.910184
1.910202
1.910215
1.910349
1.910382
1.910439
1.910492
1.910672
1.910695
1.910735
1.910739
1.910789
1.910805
1.910859
1.910886
1.910915
1.910958
1.910959
1.910962
1.911039
1.911069
1.911405
1.911446
1.911488
1.911534
1.911642
1.911755
1.911768
1.911775
1.911849
1.911899
1.911972
1.911979
1.912205
1.912245
1.912269
1.912316
1.912462
1.912495
1.912512
1.912515
1.912552
1.912556
1.912762
1.912859
1.912955
1.913048
1.913112
1.913159
1.913162
1.913192
1.913219
1.913221
1.913252
1.913262
1.913281
1.913312
1.913335
1.913448
1.913451
1.913468
1.913509
1.913515
1.913521
1.913552
1.913562
1.913796
1.914032
1.914089
1.914128
1.914229
1.914232
1.914332
1.914422
1.914426
1.914439
1.914462
1.914522
1.914675
1.914719
1.914796
1.914799
1.915022
1.915131
1.915188
1.915268
1.915358
1.915472
1.915485
1.915492
1.915502
1.915532
1.915558
1.915572
1.915639
1.915665
1.915722
1.915732
1.915825
1.915858
1.915975
1.916025
1.916059
1.916126
1.916288
1.916376
1.916562
1.916582
1.916662
1.916788
1.916802
1.916839
1.916905
1.916969
1.917009
1.917009
1.917112
1.917165
1.917302
1.917489
1.917584
1.917612
1.917649
1.917692
1.917841
1.917929
1.917982
1.918192
1.918342
1.918358
1.918395
1.918402
1.918422
1.918497
1.918505
1.918558
1.918625
1.918661
1.918721
1.918728
1.918769
1.918915
1.918915
1.919082
1.919175
1.919242
1.919388
1.919641
1.919765
1.919818
1.919836
1.919921
1.919965
1.919972
1.919979
1.919992
1.920059
1.920092
1.920179
1.920262
1.920266
1.920272
1.920355
1.920472
1.920601
1.920602
1.920695
1.920705
1.920715
1.920742
1.920812
1.920842
1.920864
1.920878
1.920928
1.920964
1.920978
1.921025
1.921072
1.921229
1.921335
1.921345
1.921409
1.921439
1.921502
1.921594
1.921641
1.921679
1.921688
1.921718
1.921935
1.921996
1.922081
1.922095
1.922162
1.922492
1.922518
1.922585
1.922689
1.922779
1.922785
1.922882
1.922945
1.922949
1.922998
1.923019
1.923045
1.923168
1.923275
1.923305
1.923448
1.923449
1.923465
1.923495
1.923572
1.923885
1.923902
1.923982
1.924015
1.924018
1.924045
1.924045
1.924056
1.924215
1.924256
1.924405
1.924482
1.924728
1.924879
1.924992
1.925252
1.925379
1.925382
1.925402
1.925405
1.925555
1.925598
1.925648
1.925692
1.925822
1.925832
1.925918
1.925922
1.925938
1.925942
1.925969
1.926168
1.926412
1.926415
1.926532
1.926571
1.926575
1.926692
1.926845
1.926858
1.926868
1.927302
1.927351
1.927372
1.927378
1.927418
1.927605
1.927622
1.927702
1.927846
1.927902
1.927918
1.928258
1.928348
1.928399
1.928448
1.928572
1.928595
1.929002
1.929069
1.929248
1.929388
1.929419
1.929558
1.929572
1.929616
1.929672
1.929802
1.929835
1.929852
1.929898
1.929909
1.929915
1.929978
1.930015
1.930135
1.930149
1.930285
1.930352
1.930461
1.930462
1.930515
1.930569
1.930609
1.930625
1.930665
1.930698
1.930739
1.930771
1.930852
1.930872
1.930879
1.930922
1.930942
1.931296
1.931305
1.931346
1.931368
1.931448
1.931608
1.931749
1.931932
1.931972
1.931978
1.932016
1.932196
1.932205
1.932229
1.932325
1.932402
1.932406
1.932438
1.932444
1.932498
1.932499
1.932585
1.932592
1.932669
1.932809
1.932845
1.932915
1.932997
1.933188
1.933272
1.933345
1.933345
1.933352
1.933485
1.933529
1.933555
1.933722
1.933742
1.933762
1.933798
1.933802
1.934092
1.934115
1.934189
1.934372
1.934459
1.934505
1.934525
1.934595
1.934706
1.934742
1.934868
1.934872
1.934932
1.934962
1.934992
1.935026
1.935086
1.935098
1.935105
1.935116
1.935288
1.935292
1.935462
1.935485
1.935635
1.935666
1.935685
1.935812
1.935865
1.935925
1.936015
1.936045
1.936056
1.936442
1.936485
1.936531
1.936975
1.937052
1.937059
1.937112
1.937152
1.937306
1.937455
1.937474
1.937518
1.937696
1.937926
1.937955
1.937962
1.938018
1.938089
1.938128
1.938195
1.938205
1.938345
1.938539
1.938739
1.938807
1.939116
1.939212
1.939252
1.939449
1.939452
1.939956
1.940108
1.940218
1.940299
1.940405
1.940452
1.940472
1.940508
1.940632
1.940768
1.940816
1.940896
1.941018
1.941239
1.941668
1.941792
1.941795
1.941959
1.942242
1.942305
1.942378
1.942749
1.942929
1.943005
1.943102
1.943112
1.943136
1.943145
1.943268
1.943352
1.943386
1.943425
1.943569
1.943699
1.943856
1.943925
1.943946
1.943952
1.943969
1.943985
1.944019
1.944145
1.944222
1.944282
1.944319
1.944549
1.944815
1.944822
1.944852
1.944969
1.945008
1.945245
1.945262
1.945336
1.945465
1.945578
1.945598
1.945862
1.946019
1.946031
1.946052
1.946192
1.946195
1.946332
1.946971
1.947032
1.947132
1.947339
1.947382
1.947532
1.947569
1.947601
1.947858
1.947932
1.948012
1.948035
1.948201
1.948319
1.948365
1.948462
1.948741
1.948792
1.948965
1.948988
1.949102
1.949282
1.949368
1.949379
1.949435
1.949845
1.949855
1.949888
1.94989
1.950048
1.950142
1.950578
1.950632
1.950654
1.950659
1.950935
1.950982
1.950995
1.951089
1.951181
1.951218
1.951326
1.951355
1.951555
1.951599
1.951668
1.951689
1.951715
1.951799
1.951812
1.951865
1.952162
1.952181
1.952265
1.952485
1.952768
1.952982
1.953279
1.953326
1.953696
1.953738
1.953768
1.953895
1.953922
1.953995
1.954058
1.954185
1.954195
1.954272
1.954312
1.954485
1.954578
1.954706
1.954742
1.954842
1.954962
1.955125
1.955128
1.955277
1.955328
1.955808
1.955909
1.956109
1.956185
1.956198
1.956222
1.956575
1.956585
1.956698
1.956816
1.957112
1.957148
1.957165
1.957206
1.957285
1.957391
1.957459
1.957712
1.957731
1.957899
1.958099
1.958379
1.958385
1.958421
1.958755
1.959021
1.959099
1.959302
1.959315
1.959505
1.959612
1.959652
1.959699
1.959702
1.959785
1.959812
1.959885
1.960022
1.960195
1.960249
1.960328
1.960382
1.960512
1.960532
1.960838
1.960888
1.960965
1.960995
1.961185
1.961419
1.961442
1.961445
1.961558
1.961745
1.961982
1.962085
1.962099
1.962449
1.962642
1.96298
1.963225
1.963365
1.963392
1.963415
1.963441
1.963562
1.963625
1.963762
1.963882
1.963955
1.964119
1.964738
1.964774
1.964962
1.965209
1.965569
1.965652
1.965788
1.965839
1.965936
1.966022
1.966242
1.966265
1.966559
1.966562
1.966579
1.967139
1.967199
1.967202
1.967252
1.967335
1.967372
1.967769
1.967852
1.968007
1.968462
1.968781
1.969102
1.969212
1.969675
1.969682
1.969905
1.970396
1.970409
1.970685
1.970915
1.97126
1.971288
1.971711
1.971716
1.971772
1.972035
1.972176
1.972501
1.972535
1.973259
1.973408
1.973449
1.973539
1.973622
1.973682
1.973785
1.973835
1.974112
1.974245
1.974322
1.975429
1.975859
1.976056
1.976188
1.976319
1.976345
1.976871
1.977205
1.978365
1.978552
1.978784
1.979322
1.979511
1.979555
1.979815
1.979945
1.980275
1.980685
1.981119
1.981165
1.981795
1.982208
1.982424
1.982795
1.983018
1.983292
1.983682
1.984046
1.984152
1.984952
1.985709
1.986168
1.986406
1.986456
1.986759
1.986952
1.987829
1.987982
1.988222
1.988469
1.988705
1.988796
1.989992
1.990132
1.991286
1.991319
1.991651
1.992179
1.992475
1.992942
1.994002
1.994031
1.994206
1.994898
1.995248
1.996908
1.996939
1.997022
1.997678
1.997772
1.998452
1.998976
1.998982
1.999009
1.999351
1.999393
1.999405
1.999448
2.000302
2.000402
2.001105
2.001185
2.001386
2.002145
2.002476
2.002575
2.002652
2.002869
2.003136
2.003275
2.003845
2.004996
2.005059
2.006458
2.006682
2.006945
2.007795
2.007838
2.008182
2.008346
2.009099
2.009545
2.010676
2.010712
2.010752
2.011002
2.011112
2.011258
2.011296
2.011619
2.012498
2.012786
2.013615
2.014108
2.014159
2.014315
2.014975
2.015166
2.015439
2.015928
2.016812
2.017852
2.018112
2.018388
2.019038
2.019759
2.020785
2.021218
2.021442
2.022042
2.022199
2.022702
2.024049
2.025702
2.028498
2.029566
2.030378
2.030446
2.030885
2.031452
2.031605
2.031819
2.032338
2.032872
2.033442
2.033488
2.034286
2.035234
2.035336
2.035445
2.035468
2.035765
2.036236
2.036478
2.036982
2.037365
2.037479
2.038036
2.038165
2.038865
2.038998
2.039219
2.039478
2.040833
2.041408
2.041735
2.042112
2.042802
2.042949
2.043199
2.043662
2.044022
2.044265
2.044612
2.044751
2.045548
2.046072
2.046242
2.047595
2.049948
2.050238
2.050396
2.050686
2.050785
2.050988
2.051209
2.051496
2.052799
2.053216
2.054615
2.054772
2.055069
2.055252
2.05534
2.055489
2.055555
2.056089
2.057029
2.057245
2.057752
2.057875
2.058095
2.058462
2.05964
2.059642
2.062892
2.063259
2.064393
2.065466
2.065602
2.065812
2.066248
2.068153
2.068786
2.069075
2.069365
2.070335
2.071009
2.071042
2.071092
2.071379
2.071748
2.072502
2.072572
2.072722
2.072965
2.073059
2.073202
2.073355
2.073736
2.073815
2.074205
2.075259
2.075521
2.075595
2.075842
2.076579
2.077049
2.077312
2.077352
2.078419
2.078588
2.078675
2.078822
2.078972
2.079046
2.079105
2.079609
2.079885
2.079925
2.080025
2.081179
2.082049
2.082199
2.082308
2.082558
2.082946
2.083335
2.083648
2.083661
2.083795
2.084362
2.084682
2.084872
2.085221
2.085482
2.086048
2.086208
2.086361
2.086715
2.086756
2.087092
2.087096
2.087132
2.087359
2.087972
2.088398
2.088729
2.088876
2.089172
2.089852
2.089862
2.090568
2.09077
2.091175
2.091278
2.091452
2.091766
2.091828
2.091902
2.091982
2.092399
2.092418
2.092632
2.092666
2.093889
2.093939
2.094122
2.094302
2.094449
2.094798
2.094852
2.095662
2.095749
2.095972
2.096008
2.096192
2.096599
2.096835
2.097095
2.097189
2.097256
2.097605
2.098614
2.098778
2.098819
2.098952
2.098969
2.099452
2.100132
2.100209
2.100335
2.100685
2.100909
2.100952
2.100955
2.101022
2.101109
2.101352
2.101446
2.102072
2.102202
2.102385
2.102515
2.102542
2.102706
2.102966
2.103339
2.103692
2.103819
2.104162
2.104328
2.104612
2.105069
2.105462
2.105532
2.106125
2.106332
2.106673
2.106782
2.108155
2.108182
2.108311
2.108422
2.108562
2.109116
2.110246
2.110461
2.110886
2.110946
2.110976
2.111169
2.111609
2.111828
2.112372
2.112408
2.112425
2.112705
2.112749
2.112955
2.113259
2.113408
2.113905
2.113929
2.114129
2.114175
2.114613
2.114656
2.114915
2.115455
2.115495
2.115522
2.115899
2.115996
2.116285
2.116519
2.116699
2.117382
2.117405
2.117586
2.117865
2.118065
2.118432
2.118622
2.118662
2.118742
2.118812
2.119112
2.119243
2.119349
2.119599
2.119946
2.120052
2.120072
2.120249
2.120438
2.120789
2.120829
2.120955
2.121158
2.121535
2.121678
2.121806
2.121839
2.121842
2.122019
2.122195
2.122758
2.122982
2.123229
2.123352
2.123592
2.123595
2.124072
2.124322
2.124922
2.125242
2.125265
2.125396
2.125418
2.125809
2.126255
2.126385
2.126396
2.127129
2.127305
2.127382
2.127589
2.127665
2.127798
2.127819
2.127869
2.128452
2.129162
2.129322
2.129356
2.129418
2.129485
2.130043
2.130499
2.130642
2.130669
2.130945
2.130962
2.131209
2.131506
2.132146
2.132342
2.132575
2.132652
2.132665
2.133053
2.133362
2.133499
2.133855
2.133858
2.133928
2.134448
2.134512
2.134709
2.134832
2.134912
2.135296
2.135535
2.135752
2.135962
2.136129
2.136276
2.136552
2.136588
2.136698
2.136709
2.136736
2.136979
2.137149
2.137309
2.137339
2.137549
2.137675
2.137865
2.137932
2.138095
2.138279
2.138511
2.138709
2.138758
2.138805
2.139089
2.139157
2.13919
2.139455
2.139626
2.139745
2.139893
2.139968
2.140535
2.140582
2.140658
2.140755
2.140802
2.140976
2.141202
2.141756
2.141992
2.142345
2.142435
2.142679
2.142739
2.142799
2.1429
2.143035
2.143182
2.143249
2.143295
2.143308
2.143323
2.143356
2.143422
2.143475
2.143742
2.143885
2.143969
2.144256
2.144369
2.144412
2.144493
2.144572
2.144682
2.144732
2.144809
2.144902
2.144958
2.145495
2.145531
2.145786
2.145806
2.146335
2.146415
2.146429
2.146539
2.146745
2.146752
2.146792
2.146869
2.147012
2.147168
2.147195
2.147425
2.147469
2.147672
2.147682
2.147819
2.147905
2.148056
2.149925
2.150222
2.150542
2.150625
2.151226
2.151269
2.151332
2.151568
2.151629
2.151636
2.151662
2.152235
2.152556
2.152575
2.152576
2.152622
2.152642
2.152891
2.152929
2.153209
2.153425
2.153443
2.15358
2.154005
2.154108
2.154312
2.154596
2.154605
2.154765
2.154805
2.154978
2.15507
2.155073
2.155125
2.155175
2.155332
2.155359
2.155472
2.155479
2.155528
2.155915
2.155916
2.156053
2.156156
2.156415
2.156675
2.156862
2.156912
2.156938
2.157205
2.157295
2.157326
2.157373
2.157413
2.157659
2.158038
2.158106
2.158509
2.158705
2.158886
2.158919
2.158978
2.158992
2.159082
2.15912
2.159139
2.159206
2.159342
2.159509
2.159626
2.160172
2.160496
2.160532
2.160842
2.160996
2.161149
2.161176
2.161295
2.161668
2.162035
2.162043
2.162208
2.162248
2.162429
2.162429
2.162446
2.162575
2.162639
2.162642
2.162805
2.162855
2.162885
2.162925
2.163015
2.163372
2.163509
2.163515
2.163629
2.163958
2.164012
2.164139
2.164212
2.164432
2.164805
2.165248
2.165372
2.165482
2.165635
2.165655
2.165659
2.165676
2.165779
2.165862
2.166012
2.166255
2.166549
2.166572
2.166579
2.166669
2.166864
2.166919
2.167048
2.167216
2.167253
2.167339
2.167409
2.167519
2.167522
2.167972
2.168105
2.168129
2.168285
2.168445
2.168542
2.168638
2.168646
2.168805
2.169125
2.169178
2.169252
2.169402
2.169509
2.169576
2.169599
2.169876
2.170069
2.170336
2.170405
2.170838
2.170852
2.170919
2.17102
2.171032
2.171122
2.171159
2.171165
2.171215
2.171336
2.171345
2.171386
2.171399
2.171583
2.171589
2.171656
2.171702
2.171789
2.171809
2.172029
2.172129
2.172173
2.172195
2.172223
2.172255
2.172425
2.172475
2.172629
2.172675
2.172929
2.173022
2.173039
2.173095
2.173216
2.173252
2.173418
2.173439
2.173509
2.173576
2.173589
2.173595
2.173599
2.174009
2.174152
2.174305
2.174372
2.174377
2.174619
2.174792
2.174905
2.175119
2.175126
2.175159
2.175219
2.175369
2.175415
2.175542
2.175632
2.175652
2.175752
2.175932
2.176079
2.176212
2.176362
2.17638
2.176672
2.176773
2.176802
2.177082
2.177085
2.177139
2.177172
2.177182
2.177185
2.177192
2.177292
2.177389
2.177661
2.17775
2.177872
2.177942
2.178182
2.178322
2.178335
2.178439
2.178492
2.178532
2.178782
2.178799
2.178895
2.178915
2.179279
2.179342
2.179486
2.179512
2.179902
2.180105
2.180541
2.180619
2.180718
2.180722
2.180882
2.181028
2.181135
2.181286
2.181372
2.181419
2.181492
2.181502
2.181705
2.181706
2.181833
2.181842
2.181889
2.181985
2.182069
2.182276
2.182305
2.182649
2.182712
2.182795
2.182853
2.183126
2.18328
2.183548
2.183749
2.183848
2.184358
2.184412
2.184416
2.184578
2.184612
2.184686
2.185048
2.185125
2.185202
2.185542
2.185782
2.185802
2.185829
2.185978
2.185992
2.186098
2.186218
2.186325
2.186515
2.186642
2.186782
2.186792
2.186825
2.187076
2.187102
2.187119
2.187342
2.187462
2.187568
2.187582
2.187598
2.187722
2.187916
2.187983
2.188062
2.18867
2.188706
2.189206
2.189215
2.189216
2.189529
2.18976
2.189808
2.189825
2.189829
2.189992
2.189996
2.190196
2.190442
2.190512
2.190553
2.190642
2.190666
2.190666
2.190812
2.190909
2.190939
2.19102
2.19113
2.191139
2.191199
2.191222
2.191232
2.191259
2.191502
2.191556
2.1917
2.191719
2.191722
2.191729
2.192446
2.192449
2.192503
2.192682
2.192748
2.192762
2.193208
2.193372
2.193408
2.193576
2.193615
2.193785
2.193963
2.194065
2.194149
2.194235
2.194312
2.19478
2.194962
2.195076
2.195122
2.195466
2.195568
2.195759
2.195786
2.195789
2.195839
2.195882
2.195979
2.196266
2.196315
2.196415
2.196486
2.196602
2.196649
2.196722
2.196929
2.196949
2.197242
2.197269
2.197342
2.197472
2.197662
2.19774
2.198083
2.198145
2.198172
2.198186
2.198248
2.198312
2.198362
2.198399
2.198522
2.198582
2.198645
2.198656
2.198689
2.198698
2.198816
2.198942
2.199042
2.199373
2.199382
2.199572
2.199699
2.199778
2.199796
2.199798
2.199808
2.200162
2.200391
2.200419
2.200485
2.200546
2.200775
2.200856
2.200956
2.200999
2.201022
2.201089
2.201455
2.201582
2.201692
2.201765
2.201805
2.201935
2.201999
2.202072
2.202178
2.202259
2.202359
2.202435
2.202462
2.202629
2.202739
2.202772
2.203016
2.203066
2.203132
2.203179
2.203452
2.203465
2.203526
2.203603
2.203622
2.20365
2.203719
2.203766
2.203772
2.203792
2.203968
2.203996
2.204103
2.204136
2.204149
2.204158
2.204162
2.204185
2.204309
2.20431
2.204405
2.204642
2.204749
2.204853
2.205016
2.205188
2.205302
2.205399
2.205666
2.205845
2.205926
2.205982
2.206022
2.206205
2.206322
2.206375
2.206443
2.206448
2.206483
2.206555
2.206672
2.206752
2.206906
2.207209
2.207242
2.207282
2.207282
2.207285
2.207399
2.207459
2.207652
2.207979
2.208042
2.208058
2.20833
2.208435
2.208552
2.208662
2.208765
2.208915
2.208956
2.208992
2.209059
2.209116
2.209182
2.209202
2.209245
2.209266
2.209292
2.209523
2.209708
2.209843
2.209885
2.210262
2.210366
2.210422
2.210516
2.210689
2.210779
2.210992
2.211019
2.21103
2.211223
2.211362
2.211399
2.211439
2.211539
2.211582
2.211603
2.211738
2.211792
2.211812
2.211912
2.211949
2.212103
2.212188
2.212202
2.212276
2.212312
2.212316
2.212359
2.212449
2.212762
2.212768
2.212902
2.21291
2.213252
2.213365
2.213542
2.213592
2.213613
2.213809
2.213829
2.213835
2.213885
2.213945
2.214209
2.214266
2.214381
2.214393
2.214446
2.214565
2.214622
2.214672
2.214685
2.214909
2.214926
2.214949
2.214959
2.215012
2.215139
2.215299
2.215456
2.215507
2.215545
2.215562
2.215689
2.215825
2.216028
2.216038
2.216132
2.216315
2.216586
2.216603
2.216619
2.216672
2.216902
2.217032
2.217089
2.217122
2.217142
2.217259
2.217578
2.217588
2.217659
2.217662
2.2177
2.217952
2.218252
2.218303
2.218485
2.218488
2.218505
2.218509
2.218719
2.218798
2.218886
2.218901
2.218918
2.218946
2.218997
2.219226
2.219253
2.219325
2.219389
2.219496
2.219672
2.219705
2.21974
2.219749
2.219772
2.219815
2.219939
2.219979
2.220052
2.220202
2.220223
2.220305
2.220436
2.220476
2.220542
2.220579
2.220755
2.220772
2.220855
2.220905
2.220956
2.221165
2.221202
2.221366
2.221376
2.221552
2.221569
2.221622
2.221876
2.221902
2.222009
2.222189
2.222222
2.222382
2.222395
2.222398
2.222435
2.222652
2.222785
2.222825
2.222845
2.223099
2.223216
2.223262
2.223326
2.223502
2.223546
2.223668
2.223669
2.223729
2.223838
2.223873
2.223902
2.223909
2.223939
2.224195
2.224259
2.224342
2.224358
2.224412
2.224412
2.224476
2.224512
2.224512
2.224625
2.224635
2.224672
2.224715
2.224735
2.224906
2.225069
2.225172
2.225309
2.225352
2.225393
2.225588
2.225942
2.225998
2.226007
2.226109
2.22618
2.226282
2.226739
2.226789
2.226855
2.227052
2.227166
2.227275
2.227295
2.227339
2.227343
2.227349
2.227442
2.227546
2.227559
2.227616
2.227702
2.227808
2.227859
2.227932
2.228059
2.228143
2.228312
2.228419
2.228502
2.228945
2.229025
2.229145
2.229329
2.229499
2.229532
2.229566
2.229613
2.229676
2.229889
2.229918
2.230212
2.230259
2.230422
2.230483
2.230519
2.230743
2.230775
2.230802
2.230988
2.231159
2.231279
2.231566
2.231655
2.231765
2.231766
2.231776
2.231851
2.231952
2.232279
2.232328
2.23239
2.232403
2.232409
2.23248
2.232522
2.232828
2.232966
2.233432
2.233462
2.233469
2.233712
2.233716
2.233969
2.23399
2.234202
2.234229
2.234366
2.234456
2.234609
2.23493
2.235092
2.235099
2.235162
2.235422
2.235482
2.235652
2.235709
2.235742
2.23575
2.236052
2.236052
2.236189
2.236195
2.236758
2.236882
2.236952
2.237053
2.23733
2.237652
2.237732
2.237802
2.237806
2.23781
2.237835
2.237858
2.237945
2.237958
2.238048
2.238059
2.238239
2.238259
2.238329
2.238426
2.238516
2.238706
2.238815
2.238876
2.238882
2.239009
2.239122
2.239292
2.239306
2.239332
2.239462
2.239592
2.239666
2.239719
2.239782
2.239982
2.240036
2.24005
2.240092
2.240135
2.240158
2.240222
2.240229
2.240452
2.240559
2.240617
2.240618
2.240752
2.240829
2.240849
2.240982
2.240998
2.241085
2.241152
2.241178
2.241438
2.241526
2.241609
2.241612
2.241662
2.241702
2.241779
2.241815
2.241885
2.241898
2.241972
2.242025
2.242032
2.242076
2.242108
2.242192
2.242198
2.242278
2.242428
2.242482
2.242482
2.242522
2.242593
2.242855
2.242918
2.243045
2.243283
2.243766
2.243885
2.243929
2.243959
2.244119
2.244195
2.2442
2.244339
2.244373
2.244402
2.244435
2.244448
2.244507
2.244515
2.24453
2.244675
2.244698
2.244859
2.244926
2.244972
2.245003
2.245102
2.245305
2.245397
2.245399
2.245416
2.245432
2.245456
2.245582
2.245706
2.245712
2.245966
2.245999
2.246029
2.246152
2.246208
2.24623
2.246479
2.246509
2.246845
2.246875
2.246959
2.247072
2.247086
2.247159
2.247162
2.247198
2.247199
2.247212
2.247436
2.247556
2.247592
2.247695
2.24827
2.248336
2.248372
2.248453
2.248489
2.248559
2.248919
2.249016
2.249066
2.249342
2.249359
2.249439
2.249632
2.249808
2.249822
2.249895
2.249982
2.250042
2.250103
2.250185
2.250239
2.250253
2.250352
2.250418
2.250475
2.250652
2.250666
2.250792
2.250809
2.250839
2.250886
2.251085
2.251209
2.251408
2.251673
2.251682
2.251709
2.251806
2.251859
2.252
2.252122
2.252158
2.252162
2.252422
2.252456
2.252712
2.252966
2.252992
2.252996
2.253042
2.253528
2.253576
2.253609
2.253802
2.253852
2.253892
2.25394
2.254066
2.254092
2.254276
2.254282
2.254362
2.25444
2.254536
2.254537
2.254586
2.254588
2.254623
2.254726
2.254873
2.255088
2.255149
2.255187
2.255255
2.255573
2.255577
2.255785
2.255835
2.255836
2.255922
2.255926
2.255936
2.256075
2.256149
2.256216
2.256365
2.256425
2.256522
2.256529
2.256605
2.256673
2.256782
2.256832
2.256852
2.256898
2.257009
2.257208
2.257376
2.257462
2.257503
2.257538
2.257626
2.257646
2.257662
2.257743
2.257819
2.257832
2.257842
2.257905
2.257919
2.258192
2.258375
2.258486
2.258599
2.258662
2.258696
2.258705
2.258759
2.258769
2.258799
2.258825
2.25893
2.258966
2.258979
2.259058
2.259062
2.259172
2.259249
2.259409
2.259593
2.259729
2.260016
2.260075
2.260128
2.260319
2.260349
2.260356
2.260362
2.260366
2.260535
2.260945
2.260979
2.261006
2.261135
2.261159
2.261175
2.261302
2.261332
2.261349
2.261452
2.261575
2.261655
2.261663
2.261956
2.261975
2.262096
2.262143
2.262146
2.262439
2.262449
2.26252
2.262648
2.262729
2.262796
2.262969
2.263059
2.263062
2.263156
2.263365
2.263559
2.263566
2.263618
2.263692
2.263895
2.264008
2.264113
2.264166
2.264196
2.264362
2.264552
2.264585
2.264625
2.26475
2.264795
2.264839
2.264856
2.265
2.265019
2.265058
2.265522
2.265552
2.265743
2.265773
2.265823
2.265878
2.266009
2.266032
2.266248
2.266362
2.266385
2.266525
2.266529
2.266689
2.266762
2.266809
2.266876
2.266883
2.266902
2.266959
2.267089
2.267198
2.267422
2.267455
2.267472
2.267479
2.267553
2.267813
2.267932
2.267968
2.268122
2.268208
2.268229
2.268236
2.268499
2.268552
2.268752
2.268828
2.268842
2.268906
2.268962
2.269032
2.269038
2.269286
2.269449
2.269518
2.269545
2.269547
2.269759
2.269885
2.269959
2.270069
2.270149
2.270278
2.270299
2.270376
2.270382
2.270515
2.2707
2.270735
2.270756
2.270885
2.270886
2.271053
2.271165
2.271169
2.271323
2.271508
2.271848
2.271866
2.272086
2.272122
2.272123
2.272199
2.272239
2.272509
2.272602
2.272619
2.272719
2.272832
2.272895
2.272899
2.272902
2.272922
2.272996
2.273013
2.273185
2.273255
2.273375
2.273389
2.273419
2.273433
2.273678
2.273685
2.273685
2.273945
2.274043
2.274136
2.274239
2.274243
2.274252
2.274485
2.274585
2.274643
2.275178
2.275202
2.275255
2.275295
2.275329
2.275395
2.275452
2.275649
2.275916
2.275949
2.275966
2.276162
2.276192
2.276293
2.27638
2.276412
2.276419
2.276435
2.276442
2.276446
2.276559
2.276632
2.276749
2.276815
2.276839
2.276879
2.276919
2.276933
2.277055
2.277112
2.277219
2.277315
2.277349
2.277349
2.277383
2.277393
2.277402
2.277665
2.277768
2.277816
2.277942
2.278192
2.278319
2.278383
2.278446
2.278515
2.278673
2.278688
2.278795
2.278802
2.278959
2.278982
2.278985
2.279046
2.279099
2.279135
2.279255
2.279385
2.279486
2.279495
2.279502
2.279519
2.279579
2.279592
2.279666
2.279749
2.279955
2.28007
2.280122
2.280352
2.280369
2.280536
2.280539
2.280605
2.280619
2.280655
2.280682
2.280712
2.280819
2.280875
2.280886
2.281046
2.281075
2.281135
2.281158
2.281219
2.281235
2.281252
2.281388
2.281772
2.281806
2.281885
2.281986
2.281989
2.282126
2.282212
2.282219
2.282292
2.282342
2.282456
2.282605
2.282642
2.282762
2.282962
2.282976
2.282992
2.282996
2.283009
2.283179
2.283322
2.283548
2.283629
2.283862
2.283948
2.28426
2.284332
2.284356
2.284428
2.284468
2.284495
2.284667
2.284699
2.284805
2.28481
2.284855
2.285022
2.285119
2.285142
2.285299
2.285325
2.285595
2.285692
2.285749
2.285802
2.285859
2.28586
2.285875
2.285919
2.285978
2.286005
2.286026
2.286092
2.286249
2.286272
2.286287
2.286356
2.286398
2.286429
2.286462
2.286469
2.286476
2.286576
2.286615
2.286838
2.286895
2.286962
2.287262
2.287389
2.287436
2.287552
2.287568
2.287652
2.287689
2.287812
2.287829
2.287915
2.287923
2.288199
2.288232
2.288549
2.288639
2.288728
2.288882
2.288965
2.289006
2.289133
2.289325
2.289335
2.289489
2.289762
2.289919
2.289962
2.290115
2.290145
2.290166
2.290169
2.290558
2.290606
2.290639
2.290745
2.290766
2.290769
2.290769
2.290808
2.290926
2.291062
2.291106
2.291123
2.291278
2.291389
2.291392
2.291416
2.291426
2.291465
2.291526
2.291889
2.291893
2.291936
2.292145
2.292162
2.292186
2.292215
2.292349
2.292375
2.292432
2.292659
2.292856
2.292975
2.293053
2.293119
2.293135
2.293186
2.293219
2.293232
2.293256
2.293669
2.294012
2.294039
2.294169
2.294672
2.29473
2.294782
2.294885
2.295165
2.295165
2.295345
2.295362
2.295508
2.295639
2.295645
2.295652
2.295799
2.295812
2.295839
2.295906
2.296083
2.296086
2.296305
2.296325
2.296343
2.296369
2.296385
2.296405
2.296729
2.296768
2.296898
2.297045
2.297053
2.297108
2.297459
2.297498
2.297605
2.297612
2.297639
2.297789
2.297835
2.297985
2.298129
2.298196
2.298259
2.298336
2.298349
2.298445
2.29846
2.298556
2.298576
2.298589
2.298635
2.298822
2.298859
2.298889
2.299012
2.299016
2.299136
2.299175
2.299329
2.299366
2.299423
2.299533
2.299595
2.299615
2.299728
2.299735
2.300036
2.300149
2.300226
2.300349
2.300356
2.300376
2.300509
2.300745
2.300996
2.301349
2.301412
2.301435
2.301768
2.301852
2.301942
2.301989
2.302129
2.302209
2.302219
2.302432
2.302496
2.302585
2.302702
2.302702
2.302709
2.302719
2.302733
2.30277
2.302792
2.302805
2.302989
2.30329
2.303426
2.303505
2.303545
2.303606
2.303655
2.303672
2.303672
2.303726
2.303813
2.303936
2.303939
2.304032
2.304136
2.304207
2.304222
2.304246
2.304312
2.304335
2.304376
2.304386
2.304499
2.30451
2.304702
2.30471
2.304795
2.304835
2.305015
2.30511
2.305146
2.305159
2.305292
2.305353
2.305572
2.305703
2.306022
2.306279
2.306349
2.306362
2.306629
2.306832
2.306982
2.306992
2.307138
2.307269
2.307372
2.307396
2.307425
2.307982
2.307995
2.307996
2.308373
2.308376
2.308526
2.308539
2.308546
2.308593
2.308612
2.308616
2.308896
2.309296
2.309542
2.309549
2.309915
2.309972
2.310122
2.310209
2.310268
2.310292
2.310292
2.310506
2.310645
2.310669
2.310702
2.310752
2.310919
2.310992
2.311059
2.311095
2.311296
2.311479
2.311559
2.311692
2.311718
2.311739
2.311752
2.311856
2.311865
2.312026
2.312069
2.312272
2.312345
2.312589
2.312729
2.312812
2.312885
2.312959
2.313222
2.313565
2.313622
2.31381
2.314092
2.314286
2.314349
2.314519
2.314585
2.314602
2.314649
2.314845
2.314912
2.315008
2.315116
2.315262
2.315299
2.315358
2.315412
2.315439
2.315582
2.315625
2.315776
2.315829
2.31599
2.316036
2.316096
2.316192
2.316262
2.316488
2.316715
2.316769
2.316771
2.316869
2.316935
2.316979
2.317009
2.317246
2.317259
2.317343
2.317609
2.317747
2.317995
2.318203
2.318222
2.318286
2.318339
2.318445
2.318466
2.318473
2.318732
2.318753
2.318796
2.318819
2.318872
2.319012
2.319059
2.319086
2.319189
2.319229
2.319292
2.319346
2.319376
2.319412
2.319646
2.319755
2.319819
2.319819
2.320182
2.320192
2.320239
2.320296
2.320309
2.320332
2.320402
2.320422
2.320468
2.320605
2.320619
2.320668
2.320722
2.320746
2.320832
2.320902
2.320922
2.320995
2.321165
2.321216
2.321293
2.321495
2.32159
2.321719
2.321835
2.321939
2.322045
2.322099
2.322325
2.322382
2.322506
2.322586
2.322593
2.322599
2.322602
2.323146
2.323195
2.323269
2.323332
2.323372
2.323585
2.323837
2.323895
2.323965
2.323972
2.324056
2.324249
2.324329
2.324347
2.324403
2.32454
2.324706
2.324835
2.325055
2.325132
2.325199
2.32526
2.325292
2.325403
2.325638
2.325948
2.326149
2.326159
2.326285
2.326293
2.326365
2.326376
2.326469
2.326482
2.326499
2.326688
2.326689
2.326702
2.326762
2.326772
2.327012
2.327045
2.327242
2.327902
2.327962
2.328069
2.328098
2.328189
2.328306
2.32848
2.328765
2.328789
2.328808
2.328917
2.328962
2.329099
2.32916
2.329346
2.329355
2.329369
2.329422
2.329429
2.329485
2.329835
2.329876
2.330026
2.330383
2.330482
2.330489
2.330549
2.330589
2.330752
2.33081
2.330842
2.330869
2.331046
2.331165
2.33122
2.331536
2.331695
2.331783
2.332579
2.332778
2.332786
2.332832
2.332895
2.332913
2.332989
2.333019
2.333119
2.333522
2.333599
2.333646
2.333752
2.333786
2.333849
2.333873
2.334015
2.334198
2.334235
2.334339
2.334466
2.334489
2.334829
2.334852
2.335072
2.335163
2.335239
2.335315
2.335349
2.335362
2.335378
2.335388
2.335435
2.335548
2.335562
2.335562
2.335569
2.335632
2.335702
2.335789
2.335942
2.335969
2.336309
2.336313
2.336342
2.336585
2.336632
2.336642
2.336736
2.336762
2.336925
2.337003
2.337019
2.337072
2.337153
2.337318
2.337449
2.337482
2.3375
2.337782
2.337796
2.337893
2.337918
2.337996
2.338002
2.338152
2.338221
2.338222
2.338225
2.33824
2.33834
2.338472
2.338632
2.338755
2.339002
2.339026
2.339112
2.339116
2.339136
2.339543
2.339556
2.339596
2.339622
2.339792
2.339942
2.34001
2.340192
2.340276
2.340322
2.340652
2.340658
2.340699
2.340745
2.340782
2.340823
2.341126
2.341129
2.341215
2.341325
2.341587
2.341595
2.341676
2.342068
2.342112
2.342239
2.342253
2.342256
2.342325
2.342476
2.342479
2.342756
2.342769
2.342812
2.342823
2.342835
2.342922
2.342986
2.343006
2.343102
2.343178
2.343217
2.343223
2.34324
2.343482
2.343598
2.343818
2.343912
2.343922
2.344152
2.344209
2.345092
2.345142
2.345152
2.345162
2.345185
2.345375
2.345375
2.345402
2.345541
2.345577
2.345636
2.345686
2.345733
2.345736
2.345872
2.345959
2.346019
2.346059
2.346092
2.346238
2.346303
2.346323
2.346335
2.346552
2.346632
2.346782
2.346859
2.346896
2.347145
2.347162
2.347256
2.347613
2.347719
2.347746
2.348022
2.348025
2.348085
2.348139
2.348178
2.348422
2.348425
2.348552
2.348785
2.348882
2.348935
2.349155
2.349296
2.349408
2.349696
2.349909
2.350026
2.350075
2.350613
2.350726
2.350822
2.350965
2.351389
2.351419
2.351423
2.351639
2.351756
2.351793
2.351932
2.352135
2.352146
2.352409
2.352426
2.352522
2.352566
2.352573
2.3526
2.352663
2.352709
2.352879
2.353022
2.353042
2.353206
2.353399
2.353437
2.353882
2.353942
2.353996
2.354039
2.354072
2.354113
2.354115
2.354133
2.354179
2.354212
2.354292
2.354302
2.354332
2.354342
2.354436
2.354462
2.354502
2.354515
2.354532
2.355018
2.355285
2.35529
2.355312
2.355322
2.355459
2.355485
2.355565
2.355582
2.355825
2.356037
2.3563
2.356605
2.356616
2.356763
2.356765
2.356789
2.357216
2.357352
2.357409
2.357432
2.357453
2.357645
2.357792
2.357906
2.358045
2.358069
2.358089
2.35832
2.358403
2.35858
2.358662
2.358739
2.358839
2.358962
2.359076
2.359115
2.359153
2.359189
2.359233
2.359326
2.359375
2.359709
2.359713
2.359987
2.360129
2.360198
2.360275
2.360398
2.360525
2.360565
2.360728
2.360773
2.360926
2.360943
2.361022
2.361225
2.361338
2.361386
2.361546
2.361613
2.361688
2.361786
2.361909
2.361936
2.361969
2.362289
2.362339
2.362456
2.362759
2.363008
2.363012
2.363032
2.363178
2.363229
2.363392
2.363408
2.363449
2.363629
2.363652
2.363689
2.363735
2.363752
2.363882
2.364202
2.364257
2.364499
2.364532
2.36461
2.364732
2.364813
2.364823
2.364857
2.364896
2.364976
2.365189
2.365265
2.365525
2.365533
2.36556
2.365589
2.365643
2.365705
2.365973
2.366139
2.366542
2.366823
2.367013
2.367289
2.367289
2.367342
2.367365
2.367386
2.367668
2.367676
2.367699
2.367812
2.367932
2.368059
2.368072
2.368223
2.368226
2.368293
2.368392
2.368613
2.368689
2.368752
2.368829
2.369072
2.369172
2.369206
2.369282
2.369382
2.369389
2.369596
2.369609
2.369622
2.369666
2.369786
2.369815
2.370079
2.370116
2.370202
2.37021
2.370215
2.370225
2.370229
2.370426
2.370805
2.370942
2.371049
2.371102
2.371172
2.371642
2.371826
2.371913
2.372062
2.372213
2.37233
2.372409
2.372522
2.372602
2.372686
2.372753
2.372806
2.372918
2.373102
2.373116
2.37319
2.373319
2.373516
2.373612
2.37375
2.373809
2.374172
2.374289
2.374372
2.374435
2.374463
2.374729
2.374816
2.375102
2.375209
2.375406
2.375446
2.375485
2.375512
2.375516
2.375582
2.375772
2.375802
2.376075
2.376125
2.376246
2.376282
2.376323
2.376386
2.376473
2.376639
2.376799
2.376887
2.377146
2.377222
2.377329
2.377493
2.377569
2.377712
2.377743
2.377822
2.377896
2.378292
2.378522
2.37853
2.378792
2.378875
2.378931
2.379032
2.37908
2.379149
2.379163
2.379266
2.379789
2.379872
2.379992
2.380199
2.380389
2.380392
2.380766
2.380946
2.381089
2.381232
2.381362
2.381412
2.381435
2.381446
2.381682
2.381719
2.381833
2.382082
2.382089
2.382132
2.382383
2.382403
2.382728
2.382729
2.382986
2.383569
2.383699
2.383972
2.383973
2.384086
2.384132
2.384335
2.384339
2.384386
2.384432
2.384472
2.384519
2.384636
2.384725
2.384879
2.384892
2.38492
2.384986
2.385066
2.385136
2.385175
2.385185
2.385302
2.385356
2.386092
2.386279
2.38629
2.386419
2.386669
2.386673
2.38669
2.386835
2.386837
2.38684
2.386882
2.387179
2.387205
2.3876
2.387966
2.388152
2.388269
2.388355
2.388376
2.388615
2.388682
2.388773
2.388812
2.38936
2.389449
2.389506
2.389693
2.389796
2.389849
2.390049
2.390102
2.390132
2.390139
2.39014
2.390185
2.390228
2.390248
2.390276
2.390312
2.390406
2.390718
2.391056
2.391456
2.391609
2.391732
2.391749
2.391863
2.392522
2.392575
2.392676
2.392708
2.392797
2.392835
2.392942
2.392953
2.393155
2.393558
2.393739
2.393986
2.394006
2.394012
2.394058
2.394172
2.39443
2.394513
2.394912
2.394976
2.395192
2.3952
2.395246
2.395346
2.395353
2.395492
2.395718
2.396076
2.396162
2.396416
2.396799
2.396806
2.396866
2.396909
2.396952
2.396983
2.397003
2.397329
2.397352
2.397372
2.397385
2.397603
2.397675
2.397695
2.397865
2.398028
2.398126
2.398353
2.398472
2.39873
2.398779
2.398985
2.399032
2.399046
2.399262
2.399382
2.400013
2.400089
2.400372
2.400395
2.400456
2.400486
2.400959
2.400993
2.401322
2.401372
2.401399
2.401715
2.401932
2.402078
2.402099
2.402125
2.40229
2.402433
2.402519
2.402672
2.402813
2.402822
2.402923
2.402987
2.403045
2.403053
2.403068
2.403272
2.403376
2.403383
2.403399
2.403433
2.403678
2.403869
2.403929
2.404046
2.404376
2.404579
2.404965
2.405009
2.405242
2.405399
2.405692
2.4057
2.405775
2.40593
2.406082
2.406096
2.406435
2.407232
2.407286
2.407382
2.407487
2.407549
2.407586
2.407795
2.407903
2.408012
2.40804
2.408229
2.408359
2.408366
2.408692
2.408706
2.408772
2.408969
2.409157
2.409232
2.409376
2.409585
2.409729
2.409743
2.409772
2.410036
2.410215
2.410285
2.410386
2.410499
2.410832
2.411062
2.411149
2.411338
2.411616
2.411622
2.411632
2.411639
2.411753
2.411782
2.411819
2.411969
2.411995
2.412029
2.412127
2.412235
2.412255
2.412543
2.412593
2.412627
2.412683
2.412865
2.413185
2.413265
2.413803
2.413843
2.413943
2.414548
2.414579
2.414616
2.414873
2.414975
2.415576
2.416095
2.416209
2.416333
2.416425
2.416619
2.416772
2.417385
2.417386
2.417522
2.417729
2.417916
2.418376
2.41942
2.419603
2.420026
2.420309
2.420456
2.420609
2.421332
2.421473
2.421535
2.421575
2.421622
2.421833
2.421935
2.42198
2.422029
2.422052
2.422132
2.422159
2.422172
2.422235
2.422398
2.422716
2.422996
2.423136
2.423399
2.423939
2.424189
2.42424
2.424485
2.424669
2.424749
2.424822
2.424849
2.425345
2.425356
2.425442
2.425456
2.425483
2.425559
2.426499
2.426686
2.427175
2.427489
2.428115
2.428339
2.428726
2.428788
2.429139
2.429619
2.429692
2.429745
2.429813
2.430309
2.430465
2.430502
2.430679
2.431085
2.431345
2.431535
2.431785
2.432025
2.432105
2.433265
2.433272
2.433542
2.433953
2.434009
2.434329
2.434632
2.434712
2.434829
2.434992
2.435008
2.435056
2.435109
2.435148
2.435545
2.435876
2.435902
2.435955
2.436049
2.436096
2.436192
2.436826
2.437019
2.437147
2.437189
2.437246
2.437265
2.437506
2.437835
2.437953
2.438492
2.438572
2.439285
2.439289
2.439605
2.4399
2.440356
2.441482
2.442232
2.442513
2.442806
2.442815
2.443269
2.443342
2.444205
2.444469
2.44465
2.444949
2.446213
2.446565
2.446769
2.446919
2.447336
2.447883
2.448362
2.448513
2.448562
2.448958
2.449235
2.449389
2.449852
2.450039
2.450173
2.450232
2.450449
2.451099
2.451241
2.452022
2.452059
2.452339
2.452448
2.453208
2.453408
2.453429
2.453699
2.453706
2.454565
2.454582
2.455092
2.45552
2.456289
2.456342
2.456615
2.456846
2.457096
2.458243
2.458423
2.458593
2.458669
2.459676
2.459912
2.460183
2.460332
2.460369
2.460446
2.460446
2.460552
2.460692
2.461532
2.461882
2.461952
2.461966
2.462123
2.462205
2.462359
2.463025
2.463106
2.463339
2.463495
2.464413
2.464603
2.465115
2.465215
2.465299
2.466686
2.46681
2.466916
2.467036
2.467039
2.469415
2.470479
2.47096
2.471499
2.471662
2.472258
2.472702
2.472799
2.473208
2.473513
2.473926
2.474066
2.474576
2.475933
2.477206
2.477655
2.478103
2.478906
2.480009
2.48006
2.480262
2.482115
2.482509
2.482542
2.482832
2.484603
2.484899
2.485075
2.486422
2.486686
2.486789
2.487486
2.488145
2.489208
2.489219
2.489579
2.4897
2.490339
2.490509
2.490922
2.492068
2.492499
2.492719
2.493135
2.493163
2.493192
2.493425
2.493876
2.494442
2.494582
2.49468
2.494706
2.495418
2.496192
2.497445
2.497782
2.498319
2.498882
2.499158
2.499209
2.501389
2.501715
2.502457
2.502698
2.504442
2.50491
2.505812
2.506082
2.506389
2.506407
2.506855
2.507076
2.50759
2.508386
2.509576
2.509775
2.510223
2.511629
2.511766
2.512266
2.512496
2.513542
2.514563
2.514886
2.515432
2.516842
2.517306
2.517346
2.517622
2.518022
2.519109
2.520286
2.520743
2.522075
2.522188
2.524842
2.525702
2.526283
2.526519
2.529549
2.530032
2.532125
2.532353
2.53266
2.532959
2.535092
2.535166
2.537332
2.538817
2.538822
2.539375
2.539866
2.540053
2.540222
2.540582
2.541569
2.541685
2.542439
2.544652
2.545595
2.546612
2.547359
2.549892
2.550125
2.550506
2.550847
2.552289
2.552379
2.55915
2.559793
2.560055
2.561775
2.562026
2.564016
2.565119
2.567235
2.574079
2.574906
2.576612
2.577039
2.579337
2.580172
2.582196
2.584636
2.585503
2.588358
2.588919
2.590163
2.590675
2.590735
2.593
2.593706
2.597055
2.597633
2.59833
2.600846
2.602753
2.608226
2.614849
2.615943
2.617326
2.619553
2.62132
2.621339
2.624302
2.63036
2.631113
2.632358
2.63564
2.635873
2.639549
2.646569
2.649363
2.649923
2.658647
2.65908
2.660425
2.662446
2.663123
2.670329
2.673196
2.675853
2.6769
2.679449
2.683419
2.6872
2.687476
2.688457
2.694173
2.696486
2.702523
2.703795
2.704433
2.708949
2.710692
2.713029
2.714615
2.715179
2.71793
2.71954
2.721816
2.726869
2.730633
2.738733
2.751066
2.759263
2.768213
2.769836
2.773976
2.774216
2.775673
2.786213
2.78745
2.788646
2.793665
2.798372
2.801036
2.80172
2.802656
2.806795
2.809403
2.813657
2.818623
2.823063
2.825146
2.850675
2.872319
2.873753
2.87904
2.913603
2.931842
3.169896
3.283556
3.541117
3.577794
